0.000000	-0.023927	550000.000000
0.104167	-0.024134	550200.000000
0.208333	-0.023949	550400.000000
0.312500	-0.023920	550600.000000
0.416667	-0.024013	550800.000000
0.520833	-0.024074	551000.000000
0.625000	-0.023861	551200.000000
0.729167	-0.023997	551400.000000
0.833333	-0.023932	551600.000000
0.937500	-0.023812	551800.000000
1.041667	-0.023924	552000.000000
1.145833	-0.024152	552200.000000
1.250000	-0.024157	552400.000000
1.354167	-0.023921	552600.000000
1.458333	-0.023964	552800.000000
1.562500	-0.024081	553000.000000
1.666667	-0.023916	553200.000000
1.770833	-0.023939	553400.000000
1.875000	-0.023880	553600.000000
1.979167	-0.023773	553800.000000
2.083333	-0.023856	554000.000000
2.187500	-0.024026	554200.000000
2.291667	-0.024118	554400.000000
2.395833	-0.024174	554600.000000
2.500000	-0.023988	554800.000000
2.604167	-0.023969	555000.000000
2.708333	-0.024194	555200.000000
2.812500	-0.023974	555400.000000
2.916667	-0.023815	555600.000000
3.020833	-0.023732	555800.000000
3.125000	-0.023917	556000.000000
3.229167	-0.023812	556200.000000
3.333333	-0.024015	556400.000000
3.437500	-0.023900	556600.000000
3.541667	-0.023753	556800.000000
3.645833	-0.023851	557000.000000
3.750000	-0.023966	557200.000000
3.854167	-0.023830	557400.000000
3.958333	-0.023802	557600.000000
4.062500	-0.023891	557800.000000
4.166667	-0.023838	558000.000000
4.270833	-0.023951	558200.000000
4.375000	-0.023894	558400.000000
4.479167	-0.023786	558600.000000
4.583333	-0.024165	558800.000000
4.687500	-0.024246	559000.000000
4.791667	-0.023980	559200.000000
4.895833	-0.023772	559400.000000
5.000000	-0.023942	559600.000000
5.104167	-0.024030	559800.000000
5.208333	-0.024045	560000.000000
5.312500	-0.024047	560200.000000
5.416667	-0.023955	560400.000000
5.520833	-0.023895	560600.000000
5.625000	-0.023941	560800.000000
5.729167	-0.024024	561000.000000
5.833333	-0.024035	561200.000000
5.937500	-0.023986	561400.000000
6.041667	-0.023865	561600.000000
6.145833	-0.023908	561800.000000
6.250000	-0.023859	562000.000000
6.354167	-0.023737	562200.000000
6.458333	-0.023844	562400.000000
6.562500	-0.023904	562600.000000
6.666667	-0.023933	562800.000000
6.770833	-0.023928	563000.000000
6.875000	-0.024040	563200.000000
6.979167	-0.023718	563400.000000
7.083333	-0.023977	563600.000000
7.187500	-0.023998	563800.000000
7.291667	-0.024128	564000.000000
7.395833	-0.023947	564200.000000
7.500000	-0.023989	564400.000000
7.604167	-0.023905	564600.000000
7.708333	-0.023944	564800.000000
7.812500	-0.023817	565000.000000
7.916667	-0.023846	565200.000000
8.020833	-0.023864	565400.000000
8.125000	-0.023967	565600.000000
8.229167	-0.023761	565800.000000
8.333333	-0.023793	566000.000000
8.437500	-0.023979	566200.000000
8.541667	-0.023994	566400.000000
8.645833	-0.023962	566600.000000
8.750000	-0.024140	566800.000000
8.854167	-0.023859	567000.000000
8.958333	-0.023695	567200.000000
9.062500	-0.023881	567400.000000
9.166667	-0.023974	567600.000000
9.270833	-0.023766	567800.000000
9.375000	-0.023898	568000.000000
9.479167	-0.023846	568200.000000
9.583333	-0.023869	568400.000000
9.687500	-0.024017	568600.000000
9.791667	-0.023991	568800.000000
9.895833	-0.023905	569000.000000
10.000000	-0.024080	569200.000000
10.104167	-0.023804	569400.000000
10.208333	-0.023684	569600.000000
10.312500	-0.024079	569800.000000
10.416667	-0.023861	570000.000000
10.520833	-0.023636	570200.000000
10.625000	-0.023939	570400.000000
10.729167	-0.024038	570600.000000
10.833333	-0.023782	570800.000000
10.937500	-0.023938	571000.000000
11.041667	-0.023817	571200.000000
11.145833	-0.023901	571400.000000
11.250000	-0.023997	571600.000000
11.354167	-0.024092	571800.000000
11.458333	-0.023733	572000.000000
11.562500	-0.023858	572200.000000
11.666667	-0.023810	572400.000000
11.770833	-0.023885	572600.000000
11.875000	-0.024032	572800.000000
11.979167	-0.023907	573000.000000
12.083333	-0.023997	573200.000000
12.187500	-0.024051	573400.000000
12.291667	-0.024043	573600.000000
12.395833	-0.023911	573800.000000
12.500000	-0.023999	574000.000000
12.604167	-0.023832	574200.000000
12.708333	-0.023988	574400.000000
12.812500	-0.024017	574600.000000
12.916667	-0.023810	574800.000000
13.020833	-0.023899	575000.000000
13.125000	-0.024037	575200.000000
13.229167	-0.023885	575400.000000
13.333333	-0.023779	575600.000000
13.437500	-0.023928	575800.000000
13.541667	-0.023928	576000.000000
13.645833	-0.023925	576200.000000
13.750000	-0.023851	576400.000000
13.854167	-0.023834	576600.000000
13.958333	-0.023804	576800.000000
14.062500	-0.023945	577000.000000
14.166667	-0.023965	577200.000000
14.270833	-0.023890	577400.000000
14.375000	-0.023783	577600.000000
14.479167	-0.023800	577800.000000
14.583333	-0.023744	578000.000000
14.687500	-0.023687	578200.000000
14.791667	-0.023769	578400.000000
14.895833	-0.023844	578600.000000
15.000000	-0.023562	578800.000000
15.104167	-0.023786	579000.000000
15.208333	-0.023950	579200.000000
15.312500	-0.023876	579400.000000
15.416667	-0.023772	579600.000000
15.520833	-0.023729	579800.000000
15.625000	-0.023725	580000.000000
15.729167	-0.023688	580200.000000
15.833333	-0.023856	580400.000000
15.937500	-0.023713	580600.000000
16.041667	-0.024009	580800.000000
16.145833	-0.023762	581000.000000
16.250000	-0.023927	581200.000000
16.354167	-0.023834	581400.000000
16.458333	-0.023779	581600.000000
16.562500	-0.024010	581800.000000
16.666667	-0.023884	582000.000000
16.770833	-0.023859	582200.000000
16.875000	-0.023833	582400.000000
16.979167	-0.023824	582600.000000
17.083333	-0.023923	582800.000000
17.187500	-0.023820	583000.000000
17.291667	-0.023772	583200.000000
17.395833	-0.023828	583400.000000
17.500000	-0.023896	583600.000000
17.604167	-0.023824	583800.000000
17.708333	-0.023628	584000.000000
17.812500	-0.023640	584200.000000
17.916667	-0.023759	584400.000000
18.020833	-0.023794	584600.000000
18.125000	-0.023775	584800.000000
18.229167	-0.023691	585000.000000
18.333333	-0.023756	585200.000000
18.437500	-0.023526	585400.000000
18.541667	-0.023725	585600.000000
18.645833	-0.023725	585800.000000
18.750000	-0.023540	586000.000000
18.854167	-0.023812	586200.000000
18.958333	-0.023741	586400.000000
19.062500	-0.023630	586600.000000
19.166667	-0.023582	586800.000000
19.270833	-0.023640	587000.000000
19.375000	-0.023757	587200.000000
19.479167	-0.023812	587400.000000
19.583333	-0.023763	587600.000000
19.687500	-0.023593	587800.000000
19.791667	-0.023648	588000.000000
19.895833	-0.023734	588200.000000
20.000000	-0.023548	588400.000000
20.104167	-0.023770	588600.000000
20.208333	-0.023638	588800.000000
20.312500	-0.023925	589000.000000
20.416667	-0.023611	589200.000000
20.520833	-0.023825	589400.000000
20.625000	-0.023841	589600.000000
20.729167	-0.023826	589800.000000
20.833333	-0.023755	590000.000000
20.937500	-0.023611	590200.000000
21.041667	-0.023710	590400.000000
21.145833	-0.023619	590600.000000
21.250000	-0.023524	590800.000000
21.354167	-0.023564	591000.000000
21.458333	-0.023665	591200.000000
21.562500	-0.023462	591400.000000
21.666667	-0.023622	591600.000000
21.770833	-0.023622	591800.000000
21.875000	-0.023499	592000.000000
21.979167	-0.023481	592200.000000
22.083333	-0.023312	592400.000000
22.187500	-0.023165	592600.000000
22.291667	-0.023012	592800.000000
22.395833	-0.022951	593000.000000
22.500000	-0.022844	593200.000000
22.604167	-0.022848	593400.000000
22.708333	-0.022627	593600.000000
22.812500	-0.022679	593800.000000
22.916667	-0.022532	594000.000000
23.020833	-0.022172	594200.000000
23.125000	-0.022024	594400.000000
23.229167	-0.022057	594600.000000
23.333333	-0.021920	594800.000000
23.437500	-0.021556	595000.000000
23.541667	-0.021561	595200.000000
23.645833	-0.021401	595400.000000
23.750000	-0.021349	595600.000000
23.854167	-0.021314	595800.000000
23.958333	-0.021420	596000.000000
24.062500	-0.021322	596200.000000
24.166667	-0.021492	596400.000000
24.270833	-0.022166	596600.000000
24.375000	-0.023612	596800.000000
24.479167	-0.026107	597000.000000
24.583333	-0.029955	597200.000000
24.687500	-0.034748	597400.000000
24.791667	-0.039735	597600.000000
24.895833	-0.043782	597800.000000
25.000000	-0.045875	598000.000000
25.104167	-0.044541	598200.000000
25.208333	-0.039586	598400.000000
25.312500	-0.032076	598600.000000
25.416667	-0.024411	598800.000000
25.520833	-0.018509	599000.000000
25.625000	-0.014557	599200.000000
25.729167	-0.012972	599400.000000
25.833333	-0.013294	599600.000000
25.937500	-0.014482	599800.000000
26.041667	-0.016348	600000.000000
26.145833	-0.017855	600200.000000
26.250000	-0.019130	600400.000000
26.354167	-0.020598	600600.000000
26.458333	-0.021857	600800.000000
26.562500	-0.022557	601000.000000
26.666667	-0.023063	601200.000000
26.770833	-0.023502	601400.000000
26.875000	-0.024172	601600.000000
26.979167	-0.024676	601800.000000
27.083333	-0.025261	602000.000000
27.187500	-0.025223	602200.000000
27.291667	-0.024996	602400.000000
27.395833	-0.024219	602600.000000
27.500000	-0.023694	602800.000000
27.604167	-0.023497	603000.000000
27.708333	-0.023487	603200.000000
27.812500	-0.024030	603400.000000
27.916667	-0.024522	603600.000000
28.020833	-0.024899	603800.000000
28.125000	-0.025024	604000.000000
28.229167	-0.024698	604200.000000
28.333333	-0.024320	604400.000000
28.437500	-0.023558	604600.000000
28.541667	-0.022948	604800.000000
28.645833	-0.022236	605000.000000
28.750000	-0.021926	605200.000000
28.854167	-0.022200	605400.000000
28.958333	-0.022341	605600.000000
29.062500	-0.022076	605800.000000
29.166667	-0.021650	606000.000000
29.270833	-0.021431	606200.000000
29.375000	-0.021105	606400.000000
29.479167	-0.020979	606600.000000
29.583333	-0.021147	606800.000000
29.687500	-0.021244	607000.000000
29.791667	-0.021568	607200.000000
29.895833	-0.021936	607400.000000
30.000000	-0.021977	607600.000000
30.104167	-0.022302	607800.000000
30.208333	-0.023008	608000.000000
30.312500	-0.023444	608200.000000
30.416667	-0.024036	608400.000000
30.520833	-0.024372	608600.000000
30.625000	-0.024975	608800.000000
30.729167	-0.025383	609000.000000
30.833333	-0.025670	609200.000000
30.937500	-0.025826	609400.000000
31.041667	-0.025845	609600.000000
31.145833	-0.025854	609800.000000
31.250000	-0.025827	610000.000000
31.354167	-0.025660	610200.000000
31.458333	-0.025635	610400.000000
31.562500	-0.025652	610600.000000
31.666667	-0.025682	610800.000000
31.770833	-0.025625	611000.000000
31.875000	-0.025412	611200.000000
31.979167	-0.024481	611400.000000
32.083333	-0.023994	611600.000000
32.187500	-0.023701	611800.000000
32.291667	-0.023309	612000.000000
32.395833	-0.023566	612200.000000
32.500000	-0.023739	612400.000000
32.604167	-0.023799	612600.000000
32.708333	-0.023928	612800.000000
32.812500	-0.023915	613000.000000
32.916667	-0.023772	613200.000000
33.020833	-0.023752	613400.000000
33.125000	-0.023761	613600.000000
33.229167	-0.023541	613800.000000
33.333333	-0.023449	614000.000000
33.437500	-0.023647	614200.000000
33.541667	-0.023698	614400.000000
33.645833	-0.023637	614600.000000
33.750000	-0.023635	614800.000000
33.854167	-0.023610	615000.000000
33.958333	-0.023469	615200.000000
34.062500	-0.023548	615400.000000
34.166667	-0.023753	615600.000000
34.270833	-0.023819	615800.000000
34.375000	-0.023910	616000.000000
34.479167	-0.024397	616200.000000
34.583333	-0.024643	616400.000000
34.687500	-0.024787	616600.000000
34.791667	-0.024663	616800.000000
34.895833	-0.024448	617000.000000
35.000000	-0.024093	617200.000000
35.104167	-0.023355	617400.000000
35.208333	-0.023137	617600.000000
35.312500	-0.022938	617800.000000
35.416667	-0.022608	618000.000000
35.520833	-0.022697	618200.000000
35.625000	-0.022645	618400.000000
35.729167	-0.022885	618600.000000
35.833333	-0.022885	618800.000000
35.937500	-0.023274	619000.000000
36.041667	-0.023657	619200.000000
36.145833	-0.024034	619400.000000
36.250000	-0.024246	619600.000000
36.354167	-0.024673	619800.000000
36.458333	-0.024792	620000.000000
36.562500	-0.024745	620200.000000
36.666667	-0.024518	620400.000000
36.770833	-0.024173	620600.000000
36.875000	-0.023575	620800.000000
36.979167	-0.023013	621000.000000
37.083333	-0.022837	621200.000000
37.187500	-0.022939	621400.000000
37.291667	-0.022967	621600.000000
37.395833	-0.023102	621800.000000
37.500000	-0.023439	622000.000000
37.604167	-0.023585	622200.000000
37.708333	-0.023328	622400.000000
37.812500	-0.023418	622600.000000
37.916667	-0.023315	622800.000000
38.020833	-0.023366	623000.000000
38.125000	-0.023546	623200.000000
38.229167	-0.023836	623400.000000
38.333333	-0.023839	623600.000000
38.437500	-0.023831	623800.000000
38.541667	-0.023569	624000.000000
38.645833	-0.023526	624200.000000
38.750000	-0.023777	624400.000000
38.854167	-0.023602	624600.000000
38.958333	-0.023776	624800.000000
39.062500	-0.023798	625000.000000
39.166667	-0.023971	625200.000000
39.270833	-0.023974	625400.000000
39.375000	-0.023940	625600.000000
39.479167	-0.023755	625800.000000
39.583333	-0.023494	626000.000000
39.687500	-0.023830	626200.000000
39.791667	-0.024131	626400.000000
39.895833	-0.024648	626600.000000
40.000000	-0.024751	626800.000000
40.104167	-0.024730	627000.000000
40.208333	-0.024744	627200.000000
40.312500	-0.024742	627400.000000
40.416667	-0.024287	627600.000000
40.520833	-0.024121	627800.000000
40.625000	-0.024078	628000.000000
40.729167	-0.024035	628200.000000
40.833333	-0.023959	628400.000000
40.937500	-0.024038	628600.000000
41.041667	-0.023843	628800.000000
41.145833	-0.023493	629000.000000
41.250000	-0.023526	629200.000000
41.354167	-0.023203	629400.000000
41.458333	-0.023362	629600.000000
41.562500	-0.023910	629800.000000
41.666667	-0.024370	630000.000000
41.770833	-0.024474	630200.000000
41.875000	-0.024677	630400.000000
41.979167	-0.024505	630600.000000
42.083333	-0.024274	630800.000000
42.187500	-0.024123	631000.000000
42.291667	-0.023908	631200.000000
42.395833	-0.023570	631400.000000
42.500000	-0.023650	631600.000000
42.604167	-0.023652	631800.000000
42.708333	-0.023562	632000.000000
42.812500	-0.023717	632200.000000
42.916667	-0.023408	632400.000000
43.020833	-0.023171	632600.000000
43.125000	-0.023138	632800.000000
43.229167	-0.023170	633000.000000
43.333333	-0.023563	633200.000000
43.437500	-0.023847	633400.000000
43.541667	-0.024416	633600.000000
43.645833	-0.024453	633800.000000
43.750000	-0.024631	634000.000000
43.854167	-0.024442	634200.000000
43.958333	-0.024281	634400.000000
44.062500	-0.024065	634600.000000
44.166667	-0.024023	634800.000000
44.270833	-0.024162	635000.000000
44.375000	-0.024215	635200.000000
44.479167	-0.024336	635400.000000
44.583333	-0.024195	635600.000000
44.687500	-0.024018	635800.000000
44.791667	-0.023682	636000.000000
44.895833	-0.023228	636200.000000
45.000000	-0.023444	636400.000000
45.104167	-0.023451	636600.000000
45.208333	-0.023586	636800.000000
45.312500	-0.023860	637000.000000
45.416667	-0.024287	637200.000000
45.520833	-0.024178	637400.000000
45.625000	-0.023847	637600.000000
45.729167	-0.023990	637800.000000
45.833333	-0.023793	638000.000000
45.937500	-0.023496	638200.000000
46.041667	-0.023445	638400.000000
46.145833	-0.023477	638600.000000
46.250000	-0.023497	638800.000000
46.354167	-0.023579	639000.000000
46.458333	-0.023234	639200.000000
46.562500	-0.023280	639400.000000
46.666667	-0.023569	639600.000000
46.770833	-0.023490	639800.000000
46.875000	-0.023638	640000.000000
46.979167	-0.023819	640200.000000
47.083333	-0.023729	640400.000000
47.187500	-0.023812	640600.000000
47.291667	-0.023889	640800.000000
47.395833	-0.023943	641000.000000
47.500000	-0.023969	641200.000000
47.604167	-0.023995	641400.000000
47.708333	-0.023871	641600.000000
47.812500	-0.023727	641800.000000
47.916667	-0.023659	642000.000000
48.020833	-0.023648	642200.000000
48.125000	-0.023586	642400.000000
48.229167	-0.023680	642600.000000
48.333333	-0.023676	642800.000000
48.437500	-0.023696	643000.000000
48.541667	-0.023621	643200.000000
48.645833	-0.023604	643400.000000
48.750000	-0.023612	643600.000000
48.854167	-0.023844	643800.000000
48.958333	-0.023750	644000.000000
49.062500	-0.023660	644200.000000
49.166667	-0.023745	644400.000000
49.270833	-0.023810	644600.000000
49.375000	-0.023802	644800.000000
49.479167	-0.023807	645000.000000
49.583333	-0.023603	645200.000000
49.687500	-0.023205	645400.000000
49.791667	-0.023246	645600.000000
49.895833	-0.023360	645800.000000
50.000000	-0.023244	646000.000000
50.104167	-0.023383	646200.000000
50.208333	-0.023354	646400.000000
50.312500	-0.023508	646600.000000
50.416667	-0.023636	646800.000000
50.520833	-0.023554	647000.000000
50.625000	-0.023493	647200.000000
50.729167	-0.023712	647400.000000
50.833333	-0.023727	647600.000000
50.937500	-0.023858	647800.000000
51.041667	-0.024069	648000.000000
51.145833	-0.024092	648200.000000
51.250000	-0.023732	648400.000000
51.354167	-0.023678	648600.000000
51.458333	-0.023470	648800.000000
51.562500	-0.023407	649000.000000
51.666667	-0.023393	649200.000000
51.770833	-0.023467	649400.000000
51.875000	-0.023676	649600.000000
51.979167	-0.023813	649800.000000
52.083333	-0.024054	650000.000000
52.187500	-0.023893	650200.000000
52.291667	-0.024042	650400.000000
52.395833	-0.024129	650600.000000
52.500000	-0.024022	650800.000000
52.604167	-0.023868	651000.000000
52.708333	-0.024028	651200.000000
52.812500	-0.024007	651400.000000
52.916667	-0.024168	651600.000000
53.020833	-0.024312	651800.000000
53.125000	-0.024049	652000.000000
53.229167	-0.023817	652200.000000
53.333333	-0.023765	652400.000000
53.437500	-0.023772	652600.000000
53.541667	-0.023832	652800.000000
53.645833	-0.023907	653000.000000
53.750000	-0.024096	653200.000000
53.854167	-0.024152	653400.000000
53.958333	-0.024192	653600.000000
54.062500	-0.024052	653800.000000
54.166667	-0.023941	654000.000000
54.270833	-0.023894	654200.000000
54.375000	-0.024038	654400.000000
54.479167	-0.024339	654600.000000
54.583333	-0.024413	654800.000000
54.687500	-0.024291	655000.000000
54.791667	-0.024535	655200.000000
54.895833	-0.024421	655400.000000
55.000000	-0.024100	655600.000000
55.104167	-0.023922	655800.000000
55.208333	-0.023696	656000.000000
55.312500	-0.023340	656200.000000
55.416667	-0.023686	656400.000000
55.520833	-0.023857	656600.000000
55.625000	-0.023940	656800.000000
55.729167	-0.023825	657000.000000
55.833333	-0.024025	657200.000000
55.937500	-0.023941	657400.000000
56.041667	-0.023935	657600.000000
56.145833	-0.024288	657800.000000
56.250000	-0.024268	658000.000000
56.354167	-0.024204	658200.000000
56.458333	-0.024288	658400.000000
56.562500	-0.024295	658600.000000
56.666667	-0.024129	658800.000000
56.770833	-0.023866	659000.000000
56.875000	-0.023820	659200.000000
56.979167	-0.023648	659400.000000
57.083333	-0.023802	659600.000000
57.187500	-0.023750	659800.000000
57.291667	-0.023750	660000.000000
57.395833	-0.023670	660200.000000
57.500000	-0.023732	660400.000000
57.604167	-0.023984	660600.000000
57.708333	-0.024031	660800.000000
57.812500	-0.023937	661000.000000
57.916667	-0.023990	661200.000000
58.020833	-0.023949	661400.000000
58.125000	-0.024046	661600.000000
58.229167	-0.023994	661800.000000
58.333333	-0.023861	662000.000000
58.437500	-0.023766	662200.000000
58.541667	-0.023907	662400.000000
58.645833	-0.023773	662600.000000
58.750000	-0.023881	662800.000000
58.854167	-0.023850	663000.000000
58.958333	-0.023745	663200.000000
59.062500	-0.023564	663400.000000
59.166667	-0.023737	663600.000000
59.270833	-0.023821	663800.000000
59.375000	-0.023862	664000.000000
59.479167	-0.023804	664200.000000
59.583333	-0.023784	664400.000000
59.687500	-0.023865	664600.000000
59.791667	-0.023680	664800.000000
59.895833	-0.024013	665000.000000
60.000000	-0.024046	665200.000000
60.104167	-0.024081	665400.000000
60.208333	-0.023840	665600.000000
60.312500	-0.023875	665800.000000
60.416667	-0.023769	666000.000000
60.520833	-0.023621	666200.000000
60.625000	-0.023470	666400.000000
60.729167	-0.023435	666600.000000
60.833333	-0.023394	666800.000000
60.937500	-0.023394	667000.000000
61.041667	-0.023506	667200.000000
61.145833	-0.023521	667400.000000
61.250000	-0.023695	667600.000000
61.354167	-0.023756	667800.000000
61.458333	-0.023819	668000.000000
61.562500	-0.023863	668200.000000
61.666667	-0.023796	668400.000000
61.770833	-0.023787	668600.000000
61.875000	-0.023776	668800.000000
61.979167	-0.023809	669000.000000
62.083333	-0.023830	669200.000000
62.187500	-0.023693	669400.000000
62.291667	-0.023545	669600.000000
62.395833	-0.023418	669800.000000
62.500000	-0.023571	670000.000000
62.604167	-0.023358	670200.000000
62.708333	-0.023396	670400.000000
62.812500	-0.023684	670600.000000
62.916667	-0.023847	670800.000000
63.020833	-0.023829	671000.000000
63.125000	-0.023817	671200.000000
63.229167	-0.023784	671400.000000
63.333333	-0.023927	671600.000000
63.437500	-0.023828	671800.000000
63.541667	-0.023613	672000.000000
63.645833	-0.023927	672200.000000
63.750000	-0.024023	672400.000000
63.854167	-0.023891	672600.000000
63.958333	-0.023881	672800.000000
64.062500	-0.023739	673000.000000
64.166667	-0.023712	673200.000000
64.270833	-0.023731	673400.000000
64.375000	-0.023593	673600.000000
64.479167	-0.023670	673800.000000
64.583333	-0.023589	674000.000000
64.687500	-0.023692	674200.000000
64.791667	-0.023685	674400.000000
64.895833	-0.024020	674600.000000
65.000000	-0.024105	674800.000000
65.104167	-0.023942	675000.000000
65.208333	-0.024162	675200.000000
65.312500	-0.024101	675400.000000
65.416667	-0.024266	675600.000000
65.520833	-0.024182	675800.000000
65.625000	-0.024266	676000.000000
65.729167	-0.024392	676200.000000
65.833333	-0.024201	676400.000000
65.937500	-0.024145	676600.000000
66.041667	-0.023916	676800.000000
66.145833	-0.023957	677000.000000
66.250000	-0.024071	677200.000000
66.354167	-0.023885	677400.000000
66.458333	-0.024093	677600.000000
66.562500	-0.024224	677800.000000
66.666667	-0.024194	678000.000000
66.770833	-0.024192	678200.000000
66.875000	-0.024279	678400.000000
66.979167	-0.024308	678600.000000
67.083333	-0.024163	678800.000000
67.187500	-0.024126	679000.000000
67.291667	-0.024050	679200.000000
67.395833	-0.023886	679400.000000
67.500000	-0.024123	679600.000000
67.604167	-0.024042	679800.000000
67.708333	-0.024061	680000.000000
67.812500	-0.023672	680200.000000
67.916667	-0.023783	680400.000000
68.020833	-0.023828	680600.000000
68.125000	-0.023644	680800.000000
68.229167	-0.023747	681000.000000
68.333333	-0.023826	681200.000000
68.437500	-0.023902	681400.000000
68.541667	-0.023907	681600.000000
68.645833	-0.023747	681800.000000
68.750000	-0.023817	682000.000000
68.854167	-0.023673	682200.000000
68.958333	-0.023725	682400.000000
69.062500	-0.023956	682600.000000
69.166667	-0.023938	682800.000000
69.270833	-0.023645	683000.000000
69.375000	-0.023879	683200.000000
69.479167	-0.023272	683400.000000
69.583333	-0.023215	683600.000000
69.687500	-0.023154	683800.000000
69.791667	-0.023125	684000.000000
69.895833	-0.023206	684200.000000
70.000000	-0.023182	684400.000000
70.104167	-0.023211	684600.000000
70.208333	-0.023212	684800.000000
70.312500	-0.023332	685000.000000
70.416667	-0.023295	685200.000000
70.520833	-0.023355	685400.000000
70.625000	-0.023412	685600.000000
70.729167	-0.023572	685800.000000
70.833333	-0.023736	686000.000000
70.937500	-0.023795	686200.000000
71.041667	-0.023947	686400.000000
71.145833	-0.023891	686600.000000
71.250000	-0.023914	686800.000000
71.354167	-0.023886	687000.000000
71.458333	-0.023728	687200.000000
71.562500	-0.023867	687400.000000
71.666667	-0.023925	687600.000000
71.770833	-0.024018	687800.000000
71.875000	-0.024284	688000.000000
71.979167	-0.024215	688200.000000
72.083333	-0.024282	688400.000000
72.187500	-0.024411	688600.000000
72.291667	-0.024536	688800.000000
72.395833	-0.024593	689000.000000
72.500000	-0.024564	689200.000000
72.604167	-0.024587	689400.000000
72.708333	-0.024578	689600.000000
72.812500	-0.024633	689800.000000
72.916667	-0.024542	690000.000000
73.020833	-0.024526	690200.000000
73.125000	-0.024242	690400.000000
73.229167	-0.024352	690600.000000
73.333333	-0.024289	690800.000000
73.437500	-0.024327	691000.000000
73.541667	-0.024456	691200.000000
73.645833	-0.024100	691400.000000
73.750000	-0.024156	691600.000000
73.854167	-0.024063	691800.000000
73.958333	-0.024002	692000.000000
74.062500	-0.023914	692200.000000
74.166667	-0.023979	692400.000000
74.270833	-0.023863	692600.000000
74.375000	-0.023941	692800.000000
74.479167	-0.023726	693000.000000
74.583333	-0.023657	693200.000000
74.687500	-0.023883	693400.000000
74.791667	-0.023999	693600.000000
74.895833	-0.023811	693800.000000
75.000000	-0.023817	694000.000000
75.104167	-0.023867	694200.000000
75.208333	-0.023745	694400.000000
75.312500	-0.023693	694600.000000
75.416667	-0.023709	694800.000000
75.520833	-0.023694	695000.000000
75.625000	-0.023961	695200.000000
75.729167	-0.023995	695400.000000
75.833333	-0.024235	695600.000000
75.937500	-0.024170	695800.000000
76.041667	-0.024393	696000.000000
76.145833	-0.024302	696200.000000
76.250000	-0.024251	696400.000000
76.354167	-0.024231	696600.000000
76.458333	-0.024074	696800.000000
76.562500	-0.024189	697000.000000
76.666667	-0.024259	697200.000000
76.770833	-0.024049	697400.000000
76.875000	-0.024059	697600.000000
76.979167	-0.023961	697800.000000
77.083333	-0.023971	698000.000000
77.187500	-0.024116	698200.000000
77.291667	-0.024117	698400.000000
77.395833	-0.024249	698600.000000
77.500000	-0.024181	698800.000000
77.604167	-0.024094	699000.000000
77.708333	-0.024151	699200.000000
77.812500	-0.023918	699400.000000
77.916667	-0.023980	699600.000000
78.020833	-0.023878	699800.000000
78.125000	-0.023897	700000.000000
78.229167	-0.023860	700200.000000
78.333333	-0.023822	700400.000000
78.437500	-0.023680	700600.000000
78.541667	-0.023802	700800.000000
78.645833	-0.023716	701000.000000
78.750000	-0.023515	701200.000000
78.854167	-0.023424	701400.000000
78.958333	-0.023419	701600.000000
79.062500	-0.023478	701800.000000
79.166667	-0.023650	702000.000000
79.270833	-0.023610	702200.000000
79.375000	-0.023532	702400.000000
79.479167	-0.023819	702600.000000
79.583333	-0.023645	702800.000000
79.687500	-0.023617	703000.000000
79.791667	-0.023808	703200.000000
79.895833	-0.023743	703400.000000
80.000000	-0.023657	703600.000000
80.104167	-0.023802	703800.000000
80.208333	-0.023615	704000.000000
80.312500	-0.023578	704200.000000
80.416667	-0.023812	704400.000000
80.520833	-0.023725	704600.000000
80.625000	-0.023388	704800.000000
80.729167	-0.023543	705000.000000
80.833333	-0.023689	705200.000000
80.937500	-0.023766	705400.000000
81.041667	-0.023773	705600.000000
81.145833	-0.023865	705800.000000
81.250000	-0.023988	706000.000000
81.354167	-0.024193	706200.000000
81.458333	-0.023974	706400.000000
81.562500	-0.023973	706600.000000
81.666667	-0.024049	706800.000000
81.770833	-0.023988	707000.000000
81.875000	-0.023850	707200.000000
81.979167	-0.023834	707400.000000
82.083333	-0.023943	707600.000000
82.187500	-0.023796	707800.000000
82.291667	-0.023902	708000.000000
82.395833	-0.023798	708200.000000
82.500000	-0.023802	708400.000000
82.604167	-0.023831	708600.000000
82.708333	-0.023994	708800.000000
82.812500	-0.024143	709000.000000
82.916667	-0.024204	709200.000000
83.020833	-0.024368	709400.000000
83.125000	-0.024240	709600.000000
83.229167	-0.024297	709800.000000
83.333333	-0.024486	710000.000000
83.437500	-0.024065	710200.000000
83.541667	-0.024319	710400.000000
83.645833	-0.024263	710600.000000
83.750000	-0.024091	710800.000000
83.854167	-0.024145	711000.000000
83.958333	-0.024296	711200.000000
84.062500	-0.024446	711400.000000
84.166667	-0.024276	711600.000000
84.270833	-0.024317	711800.000000
84.375000	-0.024380	712000.000000
84.479167	-0.024379	712200.000000
84.583333	-0.024345	712400.000000
84.687500	-0.024359	712600.000000
84.791667	-0.024469	712800.000000
84.895833	-0.024437	713000.000000
85.000000	-0.024472	713200.000000
85.104167	-0.024327	713400.000000
85.208333	-0.024308	713600.000000
85.312500	-0.024290	713800.000000
85.416667	-0.024087	714000.000000
85.520833	-0.024375	714200.000000
85.625000	-0.024250	714400.000000
85.729167	-0.024025	714600.000000
85.833333	-0.023967	714800.000000
85.937500	-0.023953	715000.000000
86.041667	-0.023940	715200.000000
86.145833	-0.023911	715400.000000
86.250000	-0.023854	715600.000000
86.354167	-0.024127	715800.000000
86.458333	-0.024200	716000.000000
86.562500	-0.023978	716200.000000
86.666667	-0.024004	716400.000000
86.770833	-0.023989	716600.000000
86.875000	-0.024019	716800.000000
86.979167	-0.024180	717000.000000
87.083333	-0.024006	717200.000000
87.187500	-0.023996	717400.000000
87.291667	-0.024078	717600.000000
87.395833	-0.024143	717800.000000
87.500000	-0.024064	718000.000000
87.604167	-0.023949	718200.000000
87.708333	-0.023994	718400.000000
87.812500	-0.024048	718600.000000
87.916667	-0.024063	718800.000000
88.020833	-0.024238	719000.000000
88.125000	-0.024081	719200.000000
88.229167	-0.024471	719400.000000
88.333333	-0.024188	719600.000000
88.437500	-0.024172	719800.000000
88.541667	-0.024153	720000.000000
88.645833	-0.024156	720200.000000
88.750000	-0.023994	720400.000000
88.854167	-0.024026	720600.000000
88.958333	-0.024067	720800.000000
89.062500	-0.023957	721000.000000
89.166667	-0.024044	721200.000000
89.270833	-0.024193	721400.000000
89.375000	-0.024179	721600.000000
89.479167	-0.023975	721800.000000
89.583333	-0.023922	722000.000000
89.687500	-0.023805	722200.000000
89.791667	-0.024020	722400.000000
89.895833	-0.024019	722600.000000
90.000000	-0.024031	722800.000000
90.104167	-0.023875	723000.000000
90.208333	-0.023973	723200.000000
90.312500	-0.024227	723400.000000
90.416667	-0.024036	723600.000000
90.520833	-0.024125	723800.000000
90.625000	-0.023965	724000.000000
90.729167	-0.024007	724200.000000
90.833333	-0.024181	724400.000000
90.937500	-0.024195	724600.000000
91.041667	-0.024108	724800.000000
91.145833	-0.024191	725000.000000
91.250000	-0.024279	725200.000000
91.354167	-0.023939	725400.000000
91.458333	-0.024170	725600.000000
91.562500	-0.024122	725800.000000
91.666667	-0.024079	726000.000000
91.770833	-0.024067	726200.000000
91.875000	-0.024259	726400.000000
91.979167	-0.024137	726600.000000
92.083333	-0.024200	726800.000000
92.187500	-0.024242	727000.000000
92.291667	-0.024316	727200.000000
92.395833	-0.024305	727400.000000
92.500000	-0.024407	727600.000000
92.604167	-0.024290	727800.000000
92.708333	-0.024482	728000.000000
92.812500	-0.024306	728200.000000
92.916667	-0.024286	728400.000000
93.020833	-0.024205	728600.000000
93.125000	-0.024058	728800.000000
93.229167	-0.023970	729000.000000
93.333333	-0.023944	729200.000000
93.437500	-0.023895	729400.000000
93.541667	-0.023834	729600.000000
93.645833	-0.023671	729800.000000
93.750000	-0.023656	730000.000000
93.854167	-0.023617	730200.000000
93.958333	-0.023535	730400.000000
94.062500	-0.023786	730600.000000
94.166667	-0.023864	730800.000000
94.270833	-0.023737	731000.000000
94.375000	-0.024036	731200.000000
94.479167	-0.024126	731400.000000
94.583333	-0.024045	731600.000000
94.687500	-0.024042	731800.000000
94.791667	-0.023908	732000.000000
94.895833	-0.023941	732200.000000
95.000000	-0.023878	732400.000000
95.104167	-0.023980	732600.000000
95.208333	-0.023944	732800.000000
95.312500	-0.023916	733000.000000
95.416667	-0.024097	733200.000000
95.520833	-0.023671	733400.000000
95.625000	-0.023813	733600.000000
95.729167	-0.023789	733800.000000
95.833333	-0.023693	734000.000000
95.937500	-0.023506	734200.000000
96.041667	-0.023799	734400.000000
96.145833	-0.023599	734600.000000
96.250000	-0.023510	734800.000000
96.354167	-0.023626	735000.000000
96.458333	-0.023543	735200.000000
96.562500	-0.023723	735400.000000
96.666667	-0.023775	735600.000000
96.770833	-0.023702	735800.000000
96.875000	-0.023948	736000.000000
96.979167	-0.023859	736200.000000
97.083333	-0.023965	736400.000000
97.187500	-0.024084	736600.000000
97.291667	-0.024002	736800.000000
97.395833	-0.024102	737000.000000
97.500000	-0.024078	737200.000000
97.604167	-0.024032	737400.000000
97.708333	-0.023986	737600.000000
97.812500	-0.023955	737800.000000
97.916667	-0.023838	738000.000000
98.020833	-0.023622	738200.000000
98.125000	-0.023751	738400.000000
98.229167	-0.023613	738600.000000
98.333333	-0.023637	738800.000000
98.437500	-0.023790	739000.000000
98.541667	-0.023854	739200.000000
98.645833	-0.023870	739400.000000
98.750000	-0.024028	739600.000000
98.854167	-0.024190	739800.000000
98.958333	-0.024069	740000.000000
99.062500	-0.024291	740200.000000
99.166667	-0.024120	740400.000000
99.270833	-0.024060	740600.000000
99.375000	-0.024063	740800.000000
99.479167	-0.024085	741000.000000
99.583333	-0.023846	741200.000000
99.687500	-0.023906	741400.000000
99.791667	-0.023980	741600.000000
99.895833	-0.024090	741800.000000
100.000000	-0.023728	742000.000000
100.104167	-0.023758	742200.000000
100.208333	-0.023744	742400.000000
100.312500	-0.023793	742600.000000
100.416667	-0.023841	742800.000000
100.520833	-0.023839	743000.000000
100.625000	-0.023891	743200.000000
100.729167	-0.024112	743400.000000
100.833333	-0.024161	743600.000000
100.937500	-0.024319	743800.000000
101.041667	-0.024197	744000.000000
101.145833	-0.024159	744200.000000
101.250000	-0.024274	744400.000000
101.354167	-0.024124	744600.000000
101.458333	-0.023934	744800.000000
101.562500	-0.023979	745000.000000
101.666667	-0.023899	745200.000000
101.770833	-0.023944	745400.000000
101.875000	-0.023746	745600.000000
101.979167	-0.023874	745800.000000
102.083333	-0.023723	746000.000000
102.187500	-0.023721	746200.000000
102.291667	-0.023952	746400.000000
102.395833	-0.024128	746600.000000
102.500000	-0.024013	746800.000000
102.604167	-0.024056	747000.000000
102.708333	-0.024072	747200.000000
102.812500	-0.024094	747400.000000
102.916667	-0.024145	747600.000000
103.020833	-0.024259	747800.000000
103.125000	-0.024108	748000.000000
103.229167	-0.024199	748200.000000
103.333333	-0.024141	748400.000000
103.437500	-0.024180	748600.000000
103.541667	-0.024234	748800.000000
103.645833	-0.023982	749000.000000
103.750000	-0.023967	749200.000000
103.854167	-0.023656	749400.000000
103.958333	-0.023784	749600.000000
104.062500	-0.023787	749800.000000
104.166667	-0.023862	750000.000000
104.270833	-0.023749	750200.000000
104.375000	-0.023784	750400.000000
104.479167	-0.024007	750600.000000
104.583333	-0.023929	750800.000000
104.687500	-0.023872	751000.000000
104.791667	-0.023972	751200.000000
104.895833	-0.023950	751400.000000
105.000000	-0.023824	751600.000000
105.104167	-0.023971	751800.000000
105.208333	-0.023913	752000.000000
105.312500	-0.023864	752200.000000
105.416667	-0.023784	752400.000000
105.520833	-0.023692	752600.000000
105.625000	-0.023973	752800.000000
105.729167	-0.023945	753000.000000
105.833333	-0.024018	753200.000000
105.937500	-0.023907	753400.000000
106.041667	-0.023923	753600.000000
106.145833	-0.023949	753800.000000
106.250000	-0.024019	754000.000000
106.354167	-0.024030	754200.000000
106.458333	-0.023970	754400.000000
106.562500	-0.023862	754600.000000
106.666667	-0.024052	754800.000000
106.770833	-0.024037	755000.000000
106.875000	-0.023955	755200.000000
106.979167	-0.024224	755400.000000
107.083333	-0.024243	755600.000000
107.187500	-0.024420	755800.000000
107.291667	-0.024284	756000.000000
107.395833	-0.024285	756200.000000
107.500000	-0.024227	756400.000000
107.604167	-0.024268	756600.000000
107.708333	-0.024370	756800.000000
107.812500	-0.024417	757000.000000
107.916667	-0.024434	757200.000000
108.020833	-0.024462	757400.000000
108.125000	-0.024278	757600.000000
108.229167	-0.024339	757800.000000
108.333333	-0.024185	758000.000000
108.437500	-0.024209	758200.000000
108.541667	-0.024343	758400.000000
108.645833	-0.023900	758600.000000
108.750000	-0.024000	758800.000000
108.854167	-0.024033	759000.000000
108.958333	-0.024226	759200.000000
109.062500	-0.023994	759400.000000
109.166667	-0.024156	759600.000000
109.270833	-0.023994	759800.000000
109.375000	-0.024019	760000.000000
109.479167	-0.024167	760200.000000
109.583333	-0.024112	760400.000000
109.687500	-0.023918	760600.000000
109.791667	-0.024035	760800.000000
109.895833	-0.023943	761000.000000
110.000000	-0.023689	761200.000000
110.104167	-0.023892	761400.000000
110.208333	-0.023819	761600.000000
110.312500	-0.023852	761800.000000
110.416667	-0.024129	762000.000000
110.520833	-0.024209	762200.000000
110.625000	-0.024091	762400.000000
110.729167	-0.024025	762600.000000
110.833333	-0.024127	762800.000000
110.937500	-0.024195	763000.000000
111.041667	-0.024119	763200.000000
111.145833	-0.023769	763400.000000
111.250000	-0.023625	763600.000000
111.354167	-0.023777	763800.000000
111.458333	-0.023824	764000.000000
111.562500	-0.023837	764200.000000
111.666667	-0.023932	764400.000000
111.770833	-0.023972	764600.000000
111.875000	-0.023895	764800.000000
111.979167	-0.024202	765000.000000
112.083333	-0.024062	765200.000000
112.187500	-0.023864	765400.000000
112.291667	-0.023988	765600.000000
112.395833	-0.024113	765800.000000
112.500000	-0.023968	766000.000000
112.604167	-0.023895	766200.000000
112.708333	-0.023737	766400.000000
112.812500	-0.023549	766600.000000
112.916667	-0.023683	766800.000000
113.020833	-0.023579	767000.000000
113.125000	-0.023773	767200.000000
113.229167	-0.023764	767400.000000
113.333333	-0.023817	767600.000000
113.437500	-0.023946	767800.000000
113.541667	-0.023758	768000.000000
113.645833	-0.023994	768200.000000
113.750000	-0.023859	768400.000000
113.854167	-0.023931	768600.000000
113.958333	-0.023662	768800.000000
114.062500	-0.023749	769000.000000
114.166667	-0.023339	769200.000000
114.270833	-0.023415	769400.000000
114.375000	-0.023423	769600.000000
114.479167	-0.023421	769800.000000
114.583333	-0.023607	770000.000000
114.687500	-0.023471	770200.000000
114.791667	-0.023283	770400.000000
114.895833	-0.023546	770600.000000
115.000000	-0.023778	770800.000000
115.104167	-0.023905	771000.000000
115.208333	-0.023929	771200.000000
115.312500	-0.024072	771400.000000
115.416667	-0.024107	771600.000000
115.520833	-0.024240	771800.000000
115.625000	-0.024214	772000.000000
115.729167	-0.024256	772200.000000
115.833333	-0.024442	772400.000000
115.937500	-0.024252	772600.000000
116.041667	-0.024121	772800.000000
116.145833	-0.024253	773000.000000
116.250000	-0.024217	773200.000000
116.354167	-0.024394	773400.000000
116.458333	-0.024319	773600.000000
116.562500	-0.024248	773800.000000
116.666667	-0.024387	774000.000000
116.770833	-0.024300	774200.000000
116.875000	-0.024075	774400.000000
116.979167	-0.024223	774600.000000
117.083333	-0.024132	774800.000000
117.187500	-0.023797	775000.000000
117.291667	-0.023802	775200.000000
117.395833	-0.023558	775400.000000
117.500000	-0.023523	775600.000000
117.604167	-0.023433	775800.000000
117.708333	-0.023253	776000.000000
117.812500	-0.023399	776200.000000
117.916667	-0.023508	776400.000000
118.020833	-0.023566	776600.000000
118.125000	-0.023668	776800.000000
118.229167	-0.023959	777000.000000
118.333333	-0.023998	777200.000000
118.437500	-0.024360	777400.000000
118.541667	-0.024264	777600.000000
118.645833	-0.024565	777800.000000
118.750000	-0.024663	778000.000000
118.854167	-0.024576	778200.000000
118.958333	-0.024585	778400.000000
119.062500	-0.024566	778600.000000
119.166667	-0.024611	778800.000000
119.270833	-0.024657	779000.000000
119.375000	-0.024506	779200.000000
119.479167	-0.024380	779400.000000
119.583333	-0.024524	779600.000000
119.687500	-0.024517	779800.000000
119.791667	-0.024358	780000.000000
119.895833	-0.024378	780200.000000
120.000000	-0.024410	780400.000000
120.104167	-0.024369	780600.000000
120.208333	-0.024499	780800.000000
120.312500	-0.024454	781000.000000
120.416667	-0.024421	781200.000000
120.520833	-0.024345	781400.000000
120.625000	-0.024081	781600.000000
120.729167	-0.023863	781800.000000
120.833333	-0.023867	782000.000000
120.937500	-0.023493	782200.000000
121.041667	-0.023749	782400.000000
121.145833	-0.023730	782600.000000
121.250000	-0.023592	782800.000000
121.354167	-0.023747	783000.000000
121.458333	-0.023825	783200.000000
121.562500	-0.023910	783400.000000
121.666667	-0.023812	783600.000000
121.770833	-0.023807	783800.000000
121.875000	-0.023849	784000.000000
121.979167	-0.023810	784200.000000
122.083333	-0.024040	784400.000000
122.187500	-0.023875	784600.000000
122.291667	-0.023595	784800.000000
122.395833	-0.023771	785000.000000
122.500000	-0.023962	785200.000000
122.604167	-0.023848	785400.000000
122.708333	-0.023878	785600.000000
122.812500	-0.023988	785800.000000
122.916667	-0.023996	786000.000000
123.020833	-0.024250	786200.000000
123.125000	-0.024123	786400.000000
123.229167	-0.024105	786600.000000
123.333333	-0.023959	786800.000000
123.437500	-0.024274	787000.000000
123.541667	-0.023952	787200.000000
123.645833	-0.023976	787400.000000
123.750000	-0.024053	787600.000000
123.854167	-0.024157	787800.000000
123.958333	-0.024132	788000.000000
124.062500	-0.023985	788200.000000
124.166667	-0.023962	788400.000000
124.270833	-0.024176	788600.000000
124.375000	-0.024355	788800.000000
124.479167	-0.024139	789000.000000
124.583333	-0.024051	789200.000000
124.687500	-0.024256	789400.000000
124.791667	-0.023969	789600.000000
124.895833	-0.024107	789800.000000
125.000000	-0.024099	790000.000000
125.104167	-0.024146	790200.000000
125.208333	-0.023917	790400.000000
125.312500	-0.023984	790600.000000
125.416667	-0.023529	790800.000000
125.520833	-0.023700	791000.000000
125.625000	-0.023622	791200.000000
125.729167	-0.023448	791400.000000
125.833333	-0.023610	791600.000000
125.937500	-0.023721	791800.000000
126.041667	-0.023509	792000.000000
126.145833	-0.023744	792200.000000
126.250000	-0.023961	792400.000000
126.354167	-0.023785	792600.000000
126.458333	-0.023861	792800.000000
126.562500	-0.024137	793000.000000
126.666667	-0.023903	793200.000000
126.770833	-0.023842	793400.000000
126.875000	-0.023903	793600.000000
126.979167	-0.023842	793800.000000
127.083333	-0.023798	794000.000000
127.187500	-0.024012	794200.000000
127.291667	-0.024076	794400.000000
127.395833	-0.024138	794600.000000
127.500000	-0.024383	794800.000000
127.604167	-0.024256	795000.000000
127.708333	-0.024381	795200.000000
127.812500	-0.024559	795400.000000
127.916667	-0.024673	795600.000000
128.020833	-0.024174	795800.000000
128.125000	-0.024171	796000.000000
128.229167	-0.024342	796200.000000
128.333333	-0.024220	796400.000000
128.437500	-0.024293	796600.000000
128.541667	-0.024351	796800.000000
128.645833	-0.024420	797000.000000
128.750000	-0.024321	797200.000000
128.854167	-0.024262	797400.000000
128.958333	-0.024100	797600.000000
129.062500	-0.024223	797800.000000
129.166667	-0.024197	798000.000000
129.270833	-0.024325	798200.000000
129.375000	-0.024242	798400.000000
129.479167	-0.024324	798600.000000
129.583333	-0.024184	798800.000000
129.687500	-0.024256	799000.000000
129.791667	-0.024200	799200.000000
129.895833	-0.024065	799400.000000
130.000000	-0.024087	799600.000000
130.104167	-0.024124	799800.000000
130.208333	-0.024045	800000.000000
