0.000000	-0.024299	550000.000000
0.104167	-0.024223	550200.000000
0.208333	-0.024373	550400.000000
0.312500	-0.024370	550600.000000
0.416667	-0.024103	550800.000000
0.520833	-0.024231	551000.000000
0.625000	-0.024396	551200.000000
0.729167	-0.024419	551400.000000
0.833333	-0.024370	551600.000000
0.937500	-0.024389	551800.000000
1.041667	-0.024379	552000.000000
1.145833	-0.024147	552200.000000
1.250000	-0.024146	552400.000000
1.354167	-0.024256	552600.000000
1.458333	-0.024375	552800.000000
1.562500	-0.024371	553000.000000
1.666667	-0.024387	553200.000000
1.770833	-0.024191	553400.000000
1.875000	-0.024277	553600.000000
1.979167	-0.024491	553800.000000
2.083333	-0.024680	554000.000000
2.187500	-0.024490	554200.000000
2.291667	-0.024461	554400.000000
2.395833	-0.024572	554600.000000
2.500000	-0.024490	554800.000000
2.604167	-0.024458	555000.000000
2.708333	-0.024707	555200.000000
2.812500	-0.024716	555400.000000
2.916667	-0.024585	555600.000000
3.020833	-0.024657	555800.000000
3.125000	-0.024604	556000.000000
3.229167	-0.024746	556200.000000
3.333333	-0.024581	556400.000000
3.437500	-0.024587	556600.000000
3.541667	-0.024648	556800.000000
3.645833	-0.024532	557000.000000
3.750000	-0.024587	557200.000000
3.854167	-0.024489	557400.000000
3.958333	-0.024524	557600.000000
4.062500	-0.024600	557800.000000
4.166667	-0.024509	558000.000000
4.270833	-0.024310	558200.000000
4.375000	-0.024402	558400.000000
4.479167	-0.024241	558600.000000
4.583333	-0.024253	558800.000000
4.687500	-0.024052	559000.000000
4.791667	-0.024267	559200.000000
4.895833	-0.024358	559400.000000
5.000000	-0.024299	559600.000000
5.104167	-0.024447	559800.000000
5.208333	-0.024281	560000.000000
5.312500	-0.024387	560200.000000
5.416667	-0.024485	560400.000000
5.520833	-0.024209	560600.000000
5.625000	-0.024258	560800.000000
5.729167	-0.024356	561000.000000
5.833333	-0.024292	561200.000000
5.937500	-0.024233	561400.000000
6.041667	-0.024409	561600.000000
6.145833	-0.024385	561800.000000
6.250000	-0.024472	562000.000000
6.354167	-0.024528	562200.000000
6.458333	-0.024583	562400.000000
6.562500	-0.024520	562600.000000
6.666667	-0.024468	562800.000000
6.770833	-0.024355	563000.000000
6.875000	-0.024416	563200.000000
6.979167	-0.024596	563400.000000
7.083333	-0.024546	563600.000000
7.187500	-0.024336	563800.000000
7.291667	-0.024060	564000.000000
7.395833	-0.024211	564200.000000
7.500000	-0.024266	564400.000000
7.604167	-0.024149	564600.000000
7.708333	-0.024189	564800.000000
7.812500	-0.024135	565000.000000
7.916667	-0.024183	565200.000000
8.020833	-0.024159	565400.000000
8.125000	-0.024337	565600.000000
8.229167	-0.024190	565800.000000
8.333333	-0.024188	566000.000000
8.437500	-0.024306	566200.000000
8.541667	-0.024096	566400.000000
8.645833	-0.024201	566600.000000
8.750000	-0.024181	566800.000000
8.854167	-0.024381	567000.000000
8.958333	-0.024147	567200.000000
9.062500	-0.024054	567400.000000
9.166667	-0.024163	567600.000000
9.270833	-0.024320	567800.000000
9.375000	-0.024180	568000.000000
9.479167	-0.023934	568200.000000
9.583333	-0.023851	568400.000000
9.687500	-0.023921	568600.000000
9.791667	-0.024099	568800.000000
9.895833	-0.024111	569000.000000
10.000000	-0.023997	569200.000000
10.104167	-0.024182	569400.000000
10.208333	-0.024240	569600.000000
10.312500	-0.023920	569800.000000
10.416667	-0.024099	570000.000000
10.520833	-0.023932	570200.000000
10.625000	-0.023845	570400.000000
10.729167	-0.023969	570600.000000
10.833333	-0.023880	570800.000000
10.937500	-0.023956	571000.000000
11.041667	-0.023691	571200.000000
11.145833	-0.023851	571400.000000
11.250000	-0.024023	571600.000000
11.354167	-0.023776	571800.000000
11.458333	-0.024119	572000.000000
11.562500	-0.024046	572200.000000
11.666667	-0.024138	572400.000000
11.770833	-0.024010	572600.000000
11.875000	-0.024088	572800.000000
11.979167	-0.023996	573000.000000
12.083333	-0.024014	573200.000000
12.187500	-0.024153	573400.000000
12.291667	-0.024247	573600.000000
12.395833	-0.024258	573800.000000
12.500000	-0.024232	574000.000000
12.604167	-0.024060	574200.000000
12.708333	-0.024259	574400.000000
12.812500	-0.024133	574600.000000
12.916667	-0.024205	574800.000000
13.020833	-0.024229	575000.000000
13.125000	-0.024260	575200.000000
13.229167	-0.024147	575400.000000
13.333333	-0.024181	575600.000000
13.437500	-0.024232	575800.000000
13.541667	-0.024149	576000.000000
13.645833	-0.024194	576200.000000
13.750000	-0.024437	576400.000000
13.854167	-0.024189	576600.000000
13.958333	-0.024176	576800.000000
14.062500	-0.024034	577000.000000
14.166667	-0.024198	577200.000000
14.270833	-0.024155	577400.000000
14.375000	-0.024096	577600.000000
14.479167	-0.024135	577800.000000
14.583333	-0.024195	578000.000000
14.687500	-0.024000	578200.000000
14.791667	-0.024003	578400.000000
14.895833	-0.024010	578600.000000
15.000000	-0.024144	578800.000000
15.104167	-0.024109	579000.000000
15.208333	-0.024180	579200.000000
15.312500	-0.024090	579400.000000
15.416667	-0.024243	579600.000000
15.520833	-0.024146	579800.000000
15.625000	-0.023937	580000.000000
15.729167	-0.024008	580200.000000
15.833333	-0.023964	580400.000000
15.937500	-0.024007	580600.000000
16.041667	-0.024015	580800.000000
16.145833	-0.024227	581000.000000
16.250000	-0.024162	581200.000000
16.354167	-0.024311	581400.000000
16.458333	-0.024275	581600.000000
16.562500	-0.024060	581800.000000
16.666667	-0.024016	582000.000000
16.770833	-0.023963	582200.000000
16.875000	-0.023984	582400.000000
16.979167	-0.024243	582600.000000
17.083333	-0.024145	582800.000000
17.187500	-0.024274	583000.000000
17.291667	-0.024012	583200.000000
17.395833	-0.023904	583400.000000
17.500000	-0.023870	583600.000000
17.604167	-0.023927	583800.000000
17.708333	-0.024078	584000.000000
17.812500	-0.023904	584200.000000
17.916667	-0.023874	584400.000000
18.020833	-0.024147	584600.000000
18.125000	-0.024025	584800.000000
18.229167	-0.023723	585000.000000
18.333333	-0.023673	585200.000000
18.437500	-0.023816	585400.000000
18.541667	-0.023610	585600.000000
18.645833	-0.023289	585800.000000
18.750000	-0.023263	586000.000000
18.854167	-0.023212	586200.000000
18.958333	-0.022999	586400.000000
19.062500	-0.023129	586600.000000
19.166667	-0.022978	586800.000000
19.270833	-0.022862	587000.000000
19.375000	-0.022799	587200.000000
19.479167	-0.022621	587400.000000
19.583333	-0.022482	587600.000000
19.687500	-0.022526	587800.000000
19.791667	-0.022257	588000.000000
19.895833	-0.022131	588200.000000
20.000000	-0.021908	588400.000000
20.104167	-0.021776	588600.000000
20.208333	-0.021273	588800.000000
20.312500	-0.021248	589000.000000
20.416667	-0.021046	589200.000000
20.520833	-0.020729	589400.000000
20.625000	-0.020402	589600.000000
20.729167	-0.020272	589800.000000
20.833333	-0.019841	590000.000000
20.937500	-0.019231	590200.000000
21.041667	-0.018795	590400.000000
21.145833	-0.018493	590600.000000
21.250000	-0.017833	590800.000000
21.354167	-0.017172	591000.000000
21.458333	-0.016444	591200.000000
21.562500	-0.015625	591400.000000
21.666667	-0.014467	591600.000000
21.770833	-0.013481	591800.000000
21.875000	-0.011953	592000.000000
21.979167	-0.010665	592200.000000
22.083333	-0.009138	592400.000000
22.187500	-0.007081	592600.000000
22.291667	-0.005205	592800.000000
22.395833	-0.002808	593000.000000
22.500000	0.000128	593200.000000
22.604167	0.002844	593400.000000
22.708333	0.006417	593600.000000
22.812500	0.010337	593800.000000
22.916667	0.014436	594000.000000
23.020833	0.019550	594200.000000
23.125000	0.024692	594400.000000
23.229167	0.030619	594600.000000
23.333333	0.037190	594800.000000
23.437500	0.044063	595000.000000
23.541667	0.051624	595200.000000
23.645833	0.059121	595400.000000
23.750000	0.066930	595600.000000
23.854167	0.075464	595800.000000
23.958333	0.083958	596000.000000
24.062500	0.092222	596200.000000
24.166667	0.099249	596400.000000
24.270833	0.100548	596600.000000
24.375000	0.086026	596800.000000
24.479167	0.040188	597000.000000
24.583333	-0.059047	597200.000000
24.687500	-0.218513	597400.000000
24.791667	-0.435050	597600.000000
24.895833	-0.667741	597800.000000
25.000000	-0.868105	598000.000000
25.104167	-0.977834	598200.000000
25.208333	-0.942787	598400.000000
25.312500	-0.756636	598600.000000
25.416667	-0.474623	598800.000000
25.520833	-0.186392	599000.000000
25.625000	0.053339	599200.000000
25.729167	0.212330	599400.000000
25.833333	0.303249	599600.000000
25.937500	0.339382	599800.000000
26.041667	0.334620	600000.000000
26.145833	0.303852	600200.000000
26.250000	0.260405	600400.000000
26.354167	0.217392	600600.000000
26.458333	0.182574	600800.000000
26.562500	0.162975	601000.000000
26.666667	0.156582	601200.000000
26.770833	0.157034	601400.000000
26.875000	0.153952	601600.000000
26.979167	0.136380	601800.000000
27.083333	0.103670	602000.000000
27.187500	0.065056	602200.000000
27.291667	0.035078	602400.000000
27.395833	0.022678	602600.000000
27.500000	0.022838	602800.000000
27.604167	0.025887	603000.000000
27.708333	0.026347	603200.000000
27.812500	0.023724	603400.000000
27.916667	0.017997	603600.000000
28.020833	0.009553	603800.000000
28.125000	0.000110	604000.000000
28.229167	-0.006525	604200.000000
28.333333	-0.007767	604400.000000
28.437500	-0.001771	604600.000000
28.541667	0.008146	604800.000000
28.645833	0.016316	605000.000000
28.750000	0.016168	605200.000000
28.854167	0.006630	605400.000000
28.958333	-0.008135	605600.000000
29.062500	-0.019881	605800.000000
29.166667	-0.022854	606000.000000
29.270833	-0.019784	606200.000000
29.375000	-0.018893	606400.000000
29.479167	-0.025879	606600.000000
29.583333	-0.037819	606800.000000
29.687500	-0.046827	607000.000000
29.791667	-0.049464	607200.000000
29.895833	-0.045760	607400.000000
30.000000	-0.037696	607600.000000
30.104167	-0.028198	607800.000000
30.208333	-0.018877	608000.000000
30.312500	-0.011843	608200.000000
30.416667	-0.006951	608400.000000
30.520833	-0.005431	608600.000000
30.625000	-0.010152	608800.000000
30.729167	-0.020476	609000.000000
30.833333	-0.031451	609200.000000
30.937500	-0.040179	609400.000000
31.041667	-0.046123	609600.000000
31.145833	-0.048929	609800.000000
31.250000	-0.047675	610000.000000
31.354167	-0.043069	610200.000000
31.458333	-0.036928	610400.000000
31.562500	-0.031451	610600.000000
31.666667	-0.028935	610800.000000
31.770833	-0.030200	611000.000000
31.875000	-0.031653	611200.000000
31.979167	-0.031052	611400.000000
32.083333	-0.029475	611600.000000
32.187500	-0.029561	611800.000000
32.291667	-0.031553	612000.000000
32.395833	-0.035349	612200.000000
32.500000	-0.040762	612400.000000
32.604167	-0.046052	612600.000000
32.708333	-0.049517	612800.000000
32.812500	-0.050257	613000.000000
32.916667	-0.050055	613200.000000
33.020833	-0.049456	613400.000000
33.125000	-0.049339	613600.000000
33.229167	-0.049891	613800.000000
33.333333	-0.049783	614000.000000
33.437500	-0.047846	614200.000000
33.541667	-0.044938	614400.000000
33.645833	-0.042838	614600.000000
33.750000	-0.040624	614800.000000
33.854167	-0.035814	615000.000000
33.958333	-0.026205	615200.000000
34.062500	-0.014315	615400.000000
34.166667	-0.003404	615600.000000
34.270833	0.003254	615800.000000
34.375000	0.003404	616000.000000
34.479167	-0.002901	616200.000000
34.583333	-0.012628	616400.000000
34.687500	-0.021640	616600.000000
34.791667	-0.025360	616800.000000
34.895833	-0.023921	617000.000000
35.000000	-0.019595	617200.000000
35.104167	-0.015384	617400.000000
35.208333	-0.012249	617600.000000
35.312500	-0.010160	617800.000000
35.416667	-0.010361	618000.000000
35.520833	-0.011833	618200.000000
35.625000	-0.012968	618400.000000
35.729167	-0.013320	618600.000000
35.833333	-0.013733	618800.000000
35.937500	-0.014910	619000.000000
36.041667	-0.016889	619200.000000
36.145833	-0.020523	619400.000000
36.250000	-0.025724	619600.000000
36.354167	-0.032052	619800.000000
36.458333	-0.038471	620000.000000
36.562500	-0.043908	620200.000000
36.666667	-0.046173	620400.000000
36.770833	-0.043955	620600.000000
36.875000	-0.037188	620800.000000
36.979167	-0.027327	621000.000000
37.083333	-0.018422	621200.000000
37.187500	-0.014995	621400.000000
37.291667	-0.017745	621600.000000
37.395833	-0.024237	621800.000000
37.500000	-0.030216	622000.000000
37.604167	-0.031088	622200.000000
37.708333	-0.025796	622400.000000
37.812500	-0.018856	622600.000000
37.916667	-0.015496	622800.000000
38.020833	-0.018462	623000.000000
38.125000	-0.026737	623200.000000
38.229167	-0.036685	623400.000000
38.333333	-0.043618	623600.000000
38.437500	-0.045888	623800.000000
38.541667	-0.044666	624000.000000
38.645833	-0.042336	624200.000000
38.750000	-0.039845	624400.000000
38.854167	-0.037960	624600.000000
38.958333	-0.036801	624800.000000
39.062500	-0.037917	625000.000000
39.166667	-0.040654	625200.000000
39.270833	-0.041326	625400.000000
39.375000	-0.037131	625600.000000
39.479167	-0.028630	625800.000000
39.583333	-0.019906	626000.000000
39.687500	-0.015924	626200.000000
39.791667	-0.020603	626400.000000
39.895833	-0.031159	626600.000000
40.000000	-0.042043	626800.000000
40.104167	-0.048968	627000.000000
40.208333	-0.051407	627200.000000
40.312500	-0.050180	627400.000000
40.416667	-0.044923	627600.000000
40.520833	-0.036070	627800.000000
40.625000	-0.027013	628000.000000
40.729167	-0.022755	628200.000000
40.833333	-0.024066	628400.000000
40.937500	-0.027254	628600.000000
41.041667	-0.028124	628800.000000
41.145833	-0.022381	629000.000000
41.250000	-0.011779	629200.000000
41.354167	-0.003137	629400.000000
41.458333	-0.003839	629600.000000
41.562500	-0.014993	629800.000000
41.666667	-0.031762	630000.000000
41.770833	-0.045124	630200.000000
41.875000	-0.050694	630400.000000
41.979167	-0.048520	630600.000000
42.083333	-0.041129	630800.000000
42.187500	-0.030184	631000.000000
42.291667	-0.020571	631200.000000
42.395833	-0.015891	631400.000000
42.500000	-0.016891	631600.000000
42.604167	-0.021172	631800.000000
42.708333	-0.025700	632000.000000
42.812500	-0.027016	632200.000000
42.916667	-0.024355	632400.000000
43.020833	-0.018349	632600.000000
43.125000	-0.010909	632800.000000
43.229167	-0.005688	633000.000000
43.333333	-0.006084	633200.000000
43.437500	-0.012416	633400.000000
43.541667	-0.021809	633600.000000
43.645833	-0.030094	633800.000000
43.750000	-0.034746	634000.000000
43.854167	-0.035065	634200.000000
43.958333	-0.032901	634400.000000
44.062500	-0.029583	634600.000000
44.166667	-0.025774	634800.000000
44.270833	-0.022877	635000.000000
44.375000	-0.021583	635200.000000
44.479167	-0.021084	635400.000000
44.583333	-0.019874	635600.000000
44.687500	-0.015864	635800.000000
44.791667	-0.008784	636000.000000
44.895833	-0.001896	636200.000000
45.000000	0.000486	636400.000000
45.104167	-0.003772	636600.000000
45.208333	-0.012670	636800.000000
45.312500	-0.021763	637000.000000
45.416667	-0.027678	637200.000000
45.520833	-0.030324	637400.000000
45.625000	-0.031821	637600.000000
45.729167	-0.032383	637800.000000
45.833333	-0.031578	638000.000000
45.937500	-0.029284	638200.000000
46.041667	-0.025931	638400.000000
46.145833	-0.021349	638600.000000
46.250000	-0.015900	638800.000000
46.354167	-0.010952	639000.000000
46.458333	-0.007270	639200.000000
46.562500	-0.006503	639400.000000
46.666667	-0.008837	639600.000000
46.770833	-0.013128	639800.000000
46.875000	-0.017479	640000.000000
46.979167	-0.021371	640200.000000
47.083333	-0.024186	640400.000000
47.187500	-0.026587	640600.000000
47.291667	-0.028718	640800.000000
47.395833	-0.029747	641000.000000
47.500000	-0.029397	641200.000000
47.604167	-0.027837	641400.000000
47.708333	-0.025994	641600.000000
47.812500	-0.024766	641800.000000
47.916667	-0.024597	642000.000000
48.020833	-0.024100	642200.000000
48.125000	-0.022336	642400.000000
48.229167	-0.019493	642600.000000
48.333333	-0.017308	642800.000000
48.437500	-0.016541	643000.000000
48.541667	-0.017471	643200.000000
48.645833	-0.020027	643400.000000
48.750000	-0.022218	643600.000000
48.854167	-0.023143	643800.000000
48.958333	-0.023316	644000.000000
49.062500	-0.023298	644200.000000
49.166667	-0.024715	644400.000000
49.270833	-0.027955	644600.000000
49.375000	-0.031743	644800.000000
49.479167	-0.033915	645000.000000
49.583333	-0.033784	645200.000000
49.687500	-0.031327	645400.000000
49.791667	-0.026703	645600.000000
49.895833	-0.021446	645800.000000
50.000000	-0.016784	646000.000000
50.104167	-0.013581	646200.000000
50.208333	-0.012662	646400.000000
50.312500	-0.014468	646600.000000
50.416667	-0.016967	646800.000000
50.520833	-0.018474	647000.000000
50.625000	-0.019210	647200.000000
50.729167	-0.021742	647400.000000
50.833333	-0.027456	647600.000000
50.937500	-0.034844	647800.000000
51.041667	-0.039362	648000.000000
51.145833	-0.038834	648200.000000
51.250000	-0.034787	648400.000000
51.354167	-0.029212	648600.000000
51.458333	-0.023652	648800.000000
51.562500	-0.018334	649000.000000
51.666667	-0.014445	649200.000000
51.770833	-0.013084	649400.000000
51.875000	-0.014072	649600.000000
51.979167	-0.017223	649800.000000
52.083333	-0.021224	650000.000000
52.187500	-0.024478	650200.000000
52.291667	-0.025170	650400.000000
52.395833	-0.023845	650600.000000
52.500000	-0.022688	650800.000000
52.604167	-0.023576	651000.000000
52.708333	-0.026834	651200.000000
52.812500	-0.031130	651400.000000
52.916667	-0.034089	651600.000000
53.020833	-0.034342	651800.000000
53.125000	-0.031772	652000.000000
53.229167	-0.027255	652200.000000
53.333333	-0.022426	652400.000000
53.437500	-0.019030	652600.000000
53.541667	-0.019255	652800.000000
53.645833	-0.022888	653000.000000
53.750000	-0.027032	653200.000000
53.854167	-0.028979	653400.000000
53.958333	-0.027487	653600.000000
54.062500	-0.023956	653800.000000
54.166667	-0.020651	654000.000000
54.270833	-0.019781	654200.000000
54.375000	-0.022358	654400.000000
54.479167	-0.027888	654600.000000
54.583333	-0.033566	654800.000000
54.687500	-0.037753	655000.000000
54.791667	-0.038704	655200.000000
54.895833	-0.037430	655400.000000
55.000000	-0.033478	655600.000000
55.104167	-0.028563	655800.000000
55.208333	-0.023527	656000.000000
55.312500	-0.019725	656200.000000
55.416667	-0.017657	656400.000000
55.520833	-0.016429	656600.000000
55.625000	-0.015918	656800.000000
55.729167	-0.016702	657000.000000
55.833333	-0.019022	657200.000000
55.937500	-0.021625	657400.000000
56.041667	-0.024413	657600.000000
56.145833	-0.027447	657800.000000
56.250000	-0.031034	658000.000000
56.354167	-0.034391	658200.000000
56.458333	-0.035947	658400.000000
56.562500	-0.035818	658600.000000
56.666667	-0.033019	658800.000000
56.770833	-0.028487	659000.000000
56.875000	-0.023438	659200.000000
56.979167	-0.019727	659400.000000
57.083333	-0.018205	659600.000000
57.187500	-0.018427	659800.000000
57.291667	-0.019368	660000.000000
57.395833	-0.019897	660200.000000
57.500000	-0.020060	660400.000000
57.604167	-0.020755	660600.000000
57.708333	-0.022037	660800.000000
57.812500	-0.023779	661000.000000
57.916667	-0.025419	661200.000000
58.020833	-0.027029	661400.000000
58.125000	-0.028162	661600.000000
58.229167	-0.027995	661800.000000
58.333333	-0.026291	662000.000000
58.437500	-0.024549	662200.000000
58.541667	-0.024445	662400.000000
58.645833	-0.025404	662600.000000
58.750000	-0.025027	662800.000000
58.854167	-0.022787	663000.000000
58.958333	-0.019925	663200.000000
59.062500	-0.018296	663400.000000
59.166667	-0.018077	663600.000000
59.270833	-0.018414	663800.000000
59.375000	-0.018301	664000.000000
59.479167	-0.017965	664200.000000
59.583333	-0.017788	664400.000000
59.687500	-0.018607	664600.000000
59.791667	-0.020690	664800.000000
59.895833	-0.023827	665000.000000
60.000000	-0.027866	665200.000000
60.104167	-0.031111	665400.000000
60.208333	-0.032378	665600.000000
60.312500	-0.031089	665800.000000
60.416667	-0.027807	666000.000000
60.520833	-0.023025	666200.000000
60.625000	-0.017877	666400.000000
60.729167	-0.014159	666600.000000
60.833333	-0.012942	666800.000000
60.937500	-0.013844	667000.000000
61.041667	-0.015871	667200.000000
61.145833	-0.017548	667400.000000
61.250000	-0.019091	667600.000000
61.354167	-0.020396	667800.000000
61.458333	-0.022464	668000.000000
61.562500	-0.025109	668200.000000
61.666667	-0.027851	668400.000000
61.770833	-0.029671	668600.000000
61.875000	-0.030011	668800.000000
61.979167	-0.028915	669000.000000
62.083333	-0.027193	669200.000000
62.187500	-0.024915	669400.000000
62.291667	-0.022089	669600.000000
62.395833	-0.018468	669800.000000
62.500000	-0.015302	670000.000000
62.604167	-0.014367	670200.000000
62.708333	-0.016331	670400.000000
62.812500	-0.020091	670600.000000
62.916667	-0.023810	670800.000000
63.020833	-0.025536	671000.000000
63.125000	-0.025304	671200.000000
63.229167	-0.024260	671400.000000
63.333333	-0.023776	671600.000000
63.437500	-0.023898	671800.000000
63.541667	-0.024931	672000.000000
63.645833	-0.025833	672200.000000
63.750000	-0.026891	672400.000000
63.854167	-0.028042	672600.000000
63.958333	-0.028764	672800.000000
64.062500	-0.028825	673000.000000
64.166667	-0.028276	673200.000000
64.270833	-0.026593	673400.000000
64.375000	-0.024374	673600.000000
64.479167	-0.022280	673800.000000
64.583333	-0.020890	674000.000000
64.687500	-0.020473	674200.000000
64.791667	-0.021161	674400.000000
64.895833	-0.023101	674600.000000
65.000000	-0.026046	674800.000000
65.104167	-0.028487	675000.000000
65.208333	-0.029804	675200.000000
65.312500	-0.030267	675400.000000
65.416667	-0.030934	675600.000000
65.520833	-0.031977	675800.000000
65.625000	-0.032315	676000.000000
65.729167	-0.032146	676200.000000
65.833333	-0.031772	676400.000000
65.937500	-0.030556	676600.000000
66.041667	-0.027475	676800.000000
66.145833	-0.022949	677000.000000
66.250000	-0.019742	677200.000000
66.354167	-0.019510	677400.000000
66.458333	-0.022534	677600.000000
66.562500	-0.027015	677800.000000
66.666667	-0.031632	678000.000000
66.770833	-0.034468	678200.000000
66.875000	-0.035439	678400.000000
66.979167	-0.035624	678600.000000
67.083333	-0.034734	678800.000000
67.187500	-0.033235	679000.000000
67.291667	-0.031504	679200.000000
67.395833	-0.029534	679400.000000
67.500000	-0.028265	679600.000000
67.604167	-0.027546	679800.000000
67.708333	-0.026176	680000.000000
67.812500	-0.023324	680200.000000
67.916667	-0.020318	680400.000000
68.020833	-0.018170	680600.000000
68.125000	-0.017916	680800.000000
68.229167	-0.019403	681000.000000
68.333333	-0.021849	681200.000000
68.437500	-0.023970	681400.000000
68.541667	-0.024519	681600.000000
68.645833	-0.023084	681800.000000
68.750000	-0.020546	682000.000000
68.854167	-0.018617	682200.000000
68.958333	-0.018529	682400.000000
69.062500	-0.021070	682600.000000
69.166667	-0.025099	682800.000000
69.270833	-0.028658	683000.000000
69.375000	-0.029773	683200.000000
69.479167	-0.027513	683400.000000
69.583333	-0.023098	683600.000000
69.687500	-0.018443	683800.000000
69.791667	-0.015805	684000.000000
69.895833	-0.015989	684200.000000
70.000000	-0.018428	684400.000000
70.104167	-0.021864	684600.000000
70.208333	-0.024593	684800.000000
70.312500	-0.025260	685000.000000
70.416667	-0.024703	685200.000000
70.520833	-0.024302	685400.000000
70.625000	-0.025000	685600.000000
70.729167	-0.027767	685800.000000
70.833333	-0.031564	686000.000000
70.937500	-0.034807	686200.000000
71.041667	-0.036177	686400.000000
71.145833	-0.034499	686600.000000
71.250000	-0.030821	686800.000000
71.354167	-0.026157	687000.000000
71.458333	-0.022500	687200.000000
71.562500	-0.020533	687400.000000
71.666667	-0.020880	687600.000000
71.770833	-0.023514	687800.000000
71.875000	-0.027566	688000.000000
71.979167	-0.031643	688200.000000
72.083333	-0.035366	688400.000000
72.187500	-0.037455	688600.000000
72.291667	-0.038596	688800.000000
72.395833	-0.039043	689000.000000
72.500000	-0.039296	689200.000000
72.604167	-0.039325	689400.000000
72.708333	-0.039609	689600.000000
72.812500	-0.039155	689800.000000
72.916667	-0.037474	690000.000000
73.020833	-0.035328	690200.000000
73.125000	-0.032621	690400.000000
73.229167	-0.029629	690600.000000
73.333333	-0.027482	690800.000000
73.437500	-0.025958	691000.000000
73.541667	-0.024769	691200.000000
73.645833	-0.022883	691400.000000
73.750000	-0.020961	691600.000000
73.854167	-0.019029	691800.000000
73.958333	-0.017642	692000.000000
74.062500	-0.016604	692200.000000
74.166667	-0.015865	692400.000000
74.270833	-0.014982	692600.000000
74.375000	-0.013814	692800.000000
74.479167	-0.012332	693000.000000
74.583333	-0.011159	693200.000000
74.687500	-0.011035	693400.000000
74.791667	-0.011868	693600.000000
74.895833	-0.013246	693800.000000
75.000000	-0.014004	694000.000000
75.104167	-0.013817	694200.000000
75.208333	-0.013010	694400.000000
75.312500	-0.012113	694600.000000
75.416667	-0.012180	694800.000000
75.520833	-0.013043	695000.000000
75.625000	-0.015667	695200.000000
75.729167	-0.019628	695400.000000
75.833333	-0.024331	695600.000000
75.937500	-0.028055	695800.000000
76.041667	-0.030797	696000.000000
76.145833	-0.032218	696200.000000
76.250000	-0.033038	696400.000000
76.354167	-0.033084	696600.000000
76.458333	-0.033204	696800.000000
76.562500	-0.032586	697000.000000
76.666667	-0.030957	697200.000000
76.770833	-0.028537	697400.000000
76.875000	-0.025459	697600.000000
76.979167	-0.022706	697800.000000
77.083333	-0.020820	698000.000000
77.187500	-0.020941	698200.000000
77.291667	-0.022997	698400.000000
77.395833	-0.025433	698600.000000
77.500000	-0.027696	698800.000000
77.604167	-0.028569	699000.000000
77.708333	-0.028163	699200.000000
77.812500	-0.026889	699400.000000
77.916667	-0.024961	699600.000000
78.020833	-0.023133	699800.000000
78.125000	-0.022589	700000.000000
78.229167	-0.023189	700200.000000
78.333333	-0.024395	700400.000000
78.437500	-0.025482	700600.000000
78.541667	-0.025196	700800.000000
78.645833	-0.023967	701000.000000
78.750000	-0.022774	701200.000000
78.854167	-0.022317	701400.000000
78.958333	-0.023646	701600.000000
79.062500	-0.025960	701800.000000
79.166667	-0.028699	702000.000000
79.270833	-0.029962	702200.000000
79.375000	-0.029311	702400.000000
79.479167	-0.026901	702600.000000
79.583333	-0.024413	702800.000000
79.687500	-0.022646	703000.000000
79.791667	-0.022940	703200.000000
79.895833	-0.024460	703400.000000
80.000000	-0.026376	703600.000000
80.104167	-0.027461	703800.000000
80.208333	-0.027312	704000.000000
80.312500	-0.025862	704200.000000
80.416667	-0.022926	704400.000000
80.520833	-0.018773	704600.000000
80.625000	-0.015419	704800.000000
80.729167	-0.013722	705000.000000
80.833333	-0.014046	705200.000000
80.937500	-0.015822	705400.000000
81.041667	-0.018377	705600.000000
81.145833	-0.021044	705800.000000
81.250000	-0.022868	706000.000000
81.354167	-0.024005	706200.000000
81.458333	-0.024885	706400.000000
81.562500	-0.024895	706600.000000
81.666667	-0.023889	706800.000000
81.770833	-0.022467	707000.000000
81.875000	-0.020728	707200.000000
81.979167	-0.019585	707400.000000
82.083333	-0.019067	707600.000000
82.187500	-0.017798	707800.000000
82.291667	-0.015809	708000.000000
82.395833	-0.013895	708200.000000
82.500000	-0.013210	708400.000000
82.604167	-0.014104	708600.000000
82.708333	-0.016133	708800.000000
82.812500	-0.018578	709000.000000
82.916667	-0.020451	709200.000000
83.020833	-0.021875	709400.000000
83.125000	-0.022749	709600.000000
83.229167	-0.023107	709800.000000
83.333333	-0.022608	710000.000000
83.437500	-0.021584	710200.000000
83.541667	-0.020769	710400.000000
83.645833	-0.020498	710600.000000
83.750000	-0.021085	710800.000000
83.854167	-0.021819	711000.000000
83.958333	-0.022096	711200.000000
84.062500	-0.022317	711400.000000
84.166667	-0.022076	711600.000000
84.270833	-0.021668	711800.000000
84.375000	-0.020988	712000.000000
84.479167	-0.020819	712200.000000
84.583333	-0.021528	712400.000000
84.687500	-0.022922	712600.000000
84.791667	-0.024409	712800.000000
84.895833	-0.025540	713000.000000
85.000000	-0.026000	713200.000000
85.104167	-0.026161	713400.000000
85.208333	-0.026407	713600.000000
85.312500	-0.027253	713800.000000
85.416667	-0.028436	714000.000000
85.520833	-0.029615	714200.000000
85.625000	-0.029443	714400.000000
85.729167	-0.027698	714600.000000
85.833333	-0.025116	714800.000000
85.937500	-0.022790	715000.000000
86.041667	-0.021054	715200.000000
86.145833	-0.020929	715400.000000
86.250000	-0.022922	715600.000000
86.354167	-0.025752	715800.000000
86.458333	-0.028540	716000.000000
86.562500	-0.030727	716200.000000
86.666667	-0.031668	716400.000000
86.770833	-0.031345	716600.000000
86.875000	-0.030532	716800.000000
86.979167	-0.030036	717000.000000
87.083333	-0.030310	717200.000000
87.187500	-0.030644	717400.000000
87.291667	-0.030840	717600.000000
87.395833	-0.029939	717800.000000
87.500000	-0.028322	718000.000000
87.604167	-0.026212	718200.000000
87.708333	-0.024386	718400.000000
87.812500	-0.023677	718600.000000
87.916667	-0.024498	718800.000000
88.020833	-0.026240	719000.000000
88.125000	-0.028447	719200.000000
88.229167	-0.030751	719400.000000
88.333333	-0.032279	719600.000000
88.437500	-0.032469	719800.000000
88.541667	-0.031380	720000.000000
88.645833	-0.029642	720200.000000
88.750000	-0.028088	720400.000000
88.854167	-0.027412	720600.000000
88.958333	-0.027712	720800.000000
89.062500	-0.028293	721000.000000
89.166667	-0.028817	721200.000000
89.270833	-0.028082	721400.000000
89.375000	-0.026459	721600.000000
89.479167	-0.024987	721800.000000
89.583333	-0.023883	722000.000000
89.687500	-0.023245	722200.000000
89.791667	-0.022986	722400.000000
89.895833	-0.023198	722600.000000
90.000000	-0.023964	722800.000000
90.104167	-0.024781	723000.000000
90.208333	-0.025666	723200.000000
90.312500	-0.026666	723400.000000
90.416667	-0.027874	723600.000000
90.520833	-0.028621	723800.000000
90.625000	-0.029146	724000.000000
90.729167	-0.029089	724200.000000
90.833333	-0.028795	724400.000000
90.937500	-0.028296	724600.000000
91.041667	-0.026878	724800.000000
91.145833	-0.025803	725000.000000
91.250000	-0.024441	725200.000000
91.354167	-0.023211	725400.000000
91.458333	-0.022506	725600.000000
91.562500	-0.022290	725800.000000
91.666667	-0.022475	726000.000000
91.770833	-0.023523	726200.000000
91.875000	-0.024927	726400.000000
91.979167	-0.026759	726600.000000
92.083333	-0.028685	726800.000000
92.187500	-0.029724	727000.000000
92.291667	-0.029930	727200.000000
92.395833	-0.029375	727400.000000
92.500000	-0.028395	727600.000000
92.604167	-0.027124	727800.000000
92.708333	-0.025759	728000.000000
92.812500	-0.024247	728200.000000
92.916667	-0.023070	728400.000000
93.020833	-0.022186	728600.000000
93.125000	-0.022110	728800.000000
93.229167	-0.022446	729000.000000
93.333333	-0.022899	729200.000000
93.437500	-0.023830	729400.000000
93.541667	-0.024179	729600.000000
93.645833	-0.024194	729800.000000
93.750000	-0.024397	730000.000000
93.854167	-0.024504	730200.000000
93.958333	-0.024409	730400.000000
94.062500	-0.024380	730600.000000
94.166667	-0.024057	730800.000000
94.270833	-0.023848	731000.000000
94.375000	-0.023953	731200.000000
94.479167	-0.023819	731400.000000
94.583333	-0.023761	731600.000000
94.687500	-0.023514	731800.000000
94.791667	-0.023614	732000.000000
94.895833	-0.023650	732200.000000
95.000000	-0.022993	732400.000000
95.104167	-0.022537	732600.000000
95.208333	-0.022411	732800.000000
95.312500	-0.023186	733000.000000
95.416667	-0.024403	733200.000000
95.520833	-0.025715	733400.000000
95.625000	-0.026911	733600.000000
95.729167	-0.027418	733800.000000
95.833333	-0.027505	734000.000000
95.937500	-0.027153	734200.000000
96.041667	-0.026844	734400.000000
96.145833	-0.026603	734600.000000
96.250000	-0.026185	734800.000000
96.354167	-0.025318	735000.000000
96.458333	-0.024148	735200.000000
96.562500	-0.023029	735400.000000
96.666667	-0.021693	735600.000000
96.770833	-0.020321	735800.000000
96.875000	-0.019517	736000.000000
96.979167	-0.019739	736200.000000
97.083333	-0.021212	736400.000000
97.187500	-0.023671	736600.000000
97.291667	-0.026222	736800.000000
97.395833	-0.028199	737000.000000
97.500000	-0.029468	737200.000000
97.604167	-0.029683	737400.000000
97.708333	-0.028867	737600.000000
97.812500	-0.027363	737800.000000
97.916667	-0.025839	738000.000000
98.020833	-0.024316	738200.000000
98.125000	-0.023264	738400.000000
98.229167	-0.022786	738600.000000
98.333333	-0.022964	738800.000000
98.437500	-0.022496	739000.000000
98.541667	-0.021918	739200.000000
98.645833	-0.021203	739400.000000
98.750000	-0.020543	739600.000000
98.854167	-0.020551	739800.000000
98.958333	-0.021356	740000.000000
99.062500	-0.022791	740200.000000
99.166667	-0.023762	740400.000000
99.270833	-0.024822	740600.000000
99.375000	-0.025342	740800.000000
99.479167	-0.025717	741000.000000
99.583333	-0.025677	741200.000000
99.687500	-0.025937	741400.000000
99.791667	-0.026496	741600.000000
99.895833	-0.026976	741800.000000
100.000000	-0.027064	742000.000000
100.104167	-0.026964	742200.000000
100.208333	-0.026455	742400.000000
100.312500	-0.025450	742600.000000
100.416667	-0.024102	742800.000000
100.520833	-0.023020	743000.000000
100.625000	-0.022307	743200.000000
100.729167	-0.022485	743400.000000
100.833333	-0.023394	743600.000000
100.937500	-0.024600	743800.000000
101.041667	-0.025389	744000.000000
101.145833	-0.025915	744200.000000
101.250000	-0.026380	744400.000000
101.354167	-0.026697	744600.000000
101.458333	-0.027240	744800.000000
101.562500	-0.027376	745000.000000
101.666667	-0.026973	745200.000000
101.770833	-0.026247	745400.000000
101.875000	-0.025394	745600.000000
101.979167	-0.023700	745800.000000
102.083333	-0.022455	746000.000000
102.187500	-0.021501	746200.000000
102.291667	-0.021281	746400.000000
102.395833	-0.022146	746600.000000
102.500000	-0.023738	746800.000000
102.604167	-0.025089	747000.000000
102.708333	-0.026179	747200.000000
102.812500	-0.026386	747400.000000
102.916667	-0.026158	747600.000000
103.020833	-0.025536	747800.000000
103.125000	-0.025440	748000.000000
103.229167	-0.025491	748200.000000
103.333333	-0.025714	748400.000000
103.437500	-0.025936	748600.000000
103.541667	-0.025781	748800.000000
103.645833	-0.025387	749000.000000
103.750000	-0.025113	749200.000000
103.854167	-0.024721	749400.000000
103.958333	-0.024672	749600.000000
104.062500	-0.025212	749800.000000
104.166667	-0.025604	750000.000000
104.270833	-0.026172	750200.000000
104.375000	-0.026455	750400.000000
104.479167	-0.026535	750600.000000
104.583333	-0.026311	750800.000000
104.687500	-0.026158	751000.000000
104.791667	-0.026017	751200.000000
104.895833	-0.025687	751400.000000
105.000000	-0.025574	751600.000000
105.104167	-0.025782	751800.000000
105.208333	-0.026195	752000.000000
105.312500	-0.026223	752200.000000
105.416667	-0.025861	752400.000000
105.520833	-0.024999	752600.000000
105.625000	-0.023640	752800.000000
105.729167	-0.022369	753000.000000
105.833333	-0.021277	753200.000000
105.937500	-0.020633	753400.000000
106.041667	-0.020399	753600.000000
106.145833	-0.020473	753800.000000
106.250000	-0.021173	754000.000000
106.354167	-0.022148	754200.000000
106.458333	-0.023060	754400.000000
106.562500	-0.024033	754600.000000
106.666667	-0.024180	754800.000000
106.770833	-0.023967	755000.000000
106.875000	-0.023469	755200.000000
106.979167	-0.023022	755400.000000
107.083333	-0.022443	755600.000000
107.187500	-0.021953	755800.000000
107.291667	-0.021365	756000.000000
107.395833	-0.021147	756200.000000
107.500000	-0.020951	756400.000000
107.604167	-0.021167	756600.000000
107.708333	-0.021856	756800.000000
107.812500	-0.022370	757000.000000
107.916667	-0.023036	757200.000000
108.020833	-0.023954	757400.000000
108.125000	-0.025010	757600.000000
108.229167	-0.025967	757800.000000
108.333333	-0.026261	758000.000000
108.437500	-0.025545	758200.000000
108.541667	-0.024656	758400.000000
108.645833	-0.023747	758600.000000
108.750000	-0.022874	758800.000000
108.854167	-0.022280	759000.000000
108.958333	-0.021528	759200.000000
109.062500	-0.020805	759400.000000
109.166667	-0.020336	759600.000000
109.270833	-0.020224	759800.000000
109.375000	-0.020406	760000.000000
109.479167	-0.020649	760200.000000
109.583333	-0.021240	760400.000000
109.687500	-0.022245	760600.000000
109.791667	-0.023107	760800.000000
109.895833	-0.023737	761000.000000
110.000000	-0.024178	761200.000000
110.104167	-0.024147	761400.000000
110.208333	-0.024506	761600.000000
110.312500	-0.024914	761800.000000
110.416667	-0.025475	762000.000000
110.520833	-0.026372	762200.000000
110.625000	-0.027124	762400.000000
110.729167	-0.026849	762600.000000
110.833333	-0.026126	762800.000000
110.937500	-0.024767	763000.000000
111.041667	-0.023433	763200.000000
111.145833	-0.022551	763400.000000
111.250000	-0.022319	763600.000000
111.354167	-0.022278	763800.000000
111.458333	-0.023136	764000.000000
111.562500	-0.024299	764200.000000
111.666667	-0.024873	764400.000000
111.770833	-0.025138	764600.000000
111.875000	-0.024456	764800.000000
111.979167	-0.024079	765000.000000
112.083333	-0.023646	765200.000000
112.187500	-0.023469	765400.000000
112.291667	-0.023218	765600.000000
112.395833	-0.022736	765800.000000
112.500000	-0.022206	766000.000000
112.604167	-0.021140	766200.000000
112.708333	-0.019854	766400.000000
112.812500	-0.019237	766600.000000
112.916667	-0.019468	766800.000000
113.020833	-0.020163	767000.000000
113.125000	-0.021357	767200.000000
113.229167	-0.022758	767400.000000
113.333333	-0.023707	767600.000000
113.437500	-0.024338	767800.000000
113.541667	-0.024595	768000.000000
113.645833	-0.024271	768200.000000
113.750000	-0.024231	768400.000000
113.854167	-0.024220	768600.000000
113.958333	-0.024392	768800.000000
114.062500	-0.024699	769000.000000
114.166667	-0.024826	769200.000000
114.270833	-0.024716	769400.000000
114.375000	-0.024572	769600.000000
114.479167	-0.024669	769800.000000
114.583333	-0.024777	770000.000000
114.687500	-0.025072	770200.000000
114.791667	-0.025345	770400.000000
114.895833	-0.025115	770600.000000
115.000000	-0.025009	770800.000000
115.104167	-0.024954	771000.000000
115.208333	-0.025198	771200.000000
115.312500	-0.026180	771400.000000
115.416667	-0.027123	771600.000000
115.520833	-0.028268	771800.000000
115.625000	-0.029435	772000.000000
115.729167	-0.030935	772200.000000
115.833333	-0.032202	772400.000000
115.937500	-0.033156	772600.000000
116.041667	-0.034346	772800.000000
116.145833	-0.034512	773000.000000
116.250000	-0.034737	773200.000000
116.354167	-0.034865	773400.000000
116.458333	-0.034524	773600.000000
116.562500	-0.034047	773800.000000
116.666667	-0.033443	774000.000000
116.770833	-0.032507	774200.000000
116.875000	-0.031892	774400.000000
116.979167	-0.032180	774600.000000
117.083333	-0.032749	774800.000000
117.187500	-0.032916	775000.000000
117.291667	-0.032480	775200.000000
117.395833	-0.031397	775400.000000
117.500000	-0.029970	775600.000000
117.604167	-0.028404	775800.000000
117.708333	-0.026287	776000.000000
117.812500	-0.023902	776200.000000
117.916667	-0.021357	776400.000000
118.020833	-0.019165	776600.000000
118.125000	-0.017081	776800.000000
118.229167	-0.015879	777000.000000
118.333333	-0.015480	777200.000000
118.437500	-0.015913	777400.000000
118.541667	-0.016795	777600.000000
118.645833	-0.018548	777800.000000
118.750000	-0.020725	778000.000000
118.854167	-0.023046	778200.000000
118.958333	-0.025215	778400.000000
119.062500	-0.026530	778600.000000
119.166667	-0.026704	778800.000000
119.270833	-0.026876	779000.000000
119.375000	-0.027225	779200.000000
119.479167	-0.028027	779400.000000
119.583333	-0.029060	779600.000000
119.687500	-0.030127	779800.000000
119.791667	-0.030417	780000.000000
119.895833	-0.030325	780200.000000
120.000000	-0.029415	780400.000000
120.104167	-0.027979	780600.000000
120.208333	-0.026816	780800.000000
120.312500	-0.026043	781000.000000
120.416667	-0.025636	781200.000000
120.520833	-0.025855	781400.000000
120.625000	-0.026076	781600.000000
120.729167	-0.026145	781800.000000
120.833333	-0.026113	782000.000000
120.937500	-0.025831	782200.000000
121.041667	-0.025583	782400.000000
121.145833	-0.025647	782600.000000
121.250000	-0.025997	782800.000000
121.354167	-0.026001	783000.000000
121.458333	-0.025799	783200.000000
121.562500	-0.024872	783400.000000
121.666667	-0.023038	783600.000000
121.770833	-0.021301	783800.000000
121.875000	-0.019525	784000.000000
121.979167	-0.018501	784200.000000
122.083333	-0.018318	784400.000000
122.187500	-0.018982	784600.000000
122.291667	-0.020011	784800.000000
122.395833	-0.021145	785000.000000
122.500000	-0.022464	785200.000000
122.604167	-0.023422	785400.000000
122.708333	-0.024383	785600.000000
122.812500	-0.025369	785800.000000
122.916667	-0.025574	786000.000000
123.020833	-0.025113	786200.000000
123.125000	-0.024461	786400.000000
123.229167	-0.023646	786600.000000
123.333333	-0.022633	786800.000000
123.437500	-0.021845	787000.000000
123.541667	-0.021318	787200.000000
123.645833	-0.020919	787400.000000
123.750000	-0.020673	787600.000000
123.854167	-0.020467	787800.000000
123.958333	-0.020682	788000.000000
124.062500	-0.020670	788200.000000
124.166667	-0.020888	788400.000000
124.270833	-0.021001	788600.000000
124.375000	-0.021645	788800.000000
124.479167	-0.022301	789000.000000
124.583333	-0.022786	789200.000000
124.687500	-0.023593	789400.000000
124.791667	-0.024082	789600.000000
124.895833	-0.024251	789800.000000
125.000000	-0.024337	790000.000000
125.104167	-0.024683	790200.000000
125.208333	-0.024764	790400.000000
125.312500	-0.024646	790600.000000
125.416667	-0.024564	790800.000000
125.520833	-0.023814	791000.000000
125.625000	-0.023373	791200.000000
125.729167	-0.023089	791400.000000
125.833333	-0.023077	791600.000000
125.937500	-0.023826	791800.000000
126.041667	-0.024594	792000.000000
126.145833	-0.025819	792200.000000
126.250000	-0.026651	792400.000000
126.354167	-0.027563	792600.000000
126.458333	-0.028363	792800.000000
126.562500	-0.028672	793000.000000
126.666667	-0.028962	793200.000000
126.770833	-0.028855	793400.000000
126.875000	-0.028517	793600.000000
126.979167	-0.027791	793800.000000
127.083333	-0.027028	794000.000000
127.187500	-0.025925	794200.000000
127.291667	-0.025185	794400.000000
127.395833	-0.024242	794600.000000
127.500000	-0.023597	794800.000000
127.604167	-0.023731	795000.000000
127.708333	-0.024087	795200.000000
127.812500	-0.024686	795400.000000
127.916667	-0.024948	795600.000000
128.020833	-0.025129	795800.000000
128.125000	-0.024666	796000.000000
128.229167	-0.023784	796200.000000
128.333333	-0.023223	796400.000000
128.437500	-0.022863	796600.000000
128.541667	-0.022550	796800.000000
128.645833	-0.022898	797000.000000
128.750000	-0.023179	797200.000000
128.854167	-0.023152	797400.000000
128.958333	-0.023226	797600.000000
129.062500	-0.023269	797800.000000
129.166667	-0.023702	798000.000000
129.270833	-0.024452	798200.000000
129.375000	-0.025604	798400.000000
129.479167	-0.026816	798600.000000
129.583333	-0.028081	798800.000000
129.687500	-0.028574	799000.000000
129.791667	-0.028625	799200.000000
129.895833	-0.028131	799400.000000
130.000000	-0.026958	799600.000000
130.104167	-0.026059	799800.000000
130.208333	-0.025819	800000.000000
