0.000000	-0.023991	550000.000000
0.104167	-0.023928	550200.000000
0.208333	-0.024063	550400.000000
0.312500	-0.024001	550600.000000
0.416667	-0.023938	550800.000000
0.520833	-0.023804	551000.000000
0.625000	-0.023732	551200.000000
0.729167	-0.023735	551400.000000
0.833333	-0.023899	551600.000000
0.937500	-0.023836	551800.000000
1.041667	-0.023800	552000.000000
1.145833	-0.023875	552200.000000
1.250000	-0.023928	552400.000000
1.354167	-0.023883	552600.000000
1.458333	-0.023964	552800.000000
1.562500	-0.023910	553000.000000
1.666667	-0.023692	553200.000000
1.770833	-0.023974	553400.000000
1.875000	-0.023847	553600.000000
1.979167	-0.023776	553800.000000
2.083333	-0.024036	554000.000000
2.187500	-0.023991	554200.000000
2.291667	-0.023935	554400.000000
2.395833	-0.023862	554600.000000
2.500000	-0.023946	554800.000000
2.604167	-0.024021	555000.000000
2.708333	-0.023835	555200.000000
2.812500	-0.023830	555400.000000
2.916667	-0.023970	555600.000000
3.020833	-0.023940	555800.000000
3.125000	-0.023986	556000.000000
3.229167	-0.024121	556200.000000
3.333333	-0.023950	556400.000000
3.437500	-0.024024	556600.000000
3.541667	-0.024058	556800.000000
3.645833	-0.023883	557000.000000
3.750000	-0.023785	557200.000000
3.854167	-0.024027	557400.000000
3.958333	-0.024022	557600.000000
4.062500	-0.024086	557800.000000
4.166667	-0.023856	558000.000000
4.270833	-0.023883	558200.000000
4.375000	-0.024003	558400.000000
4.479167	-0.023867	558600.000000
4.583333	-0.023894	558800.000000
4.687500	-0.023900	559000.000000
4.791667	-0.023936	559200.000000
4.895833	-0.024185	559400.000000
5.000000	-0.023866	559600.000000
5.104167	-0.023862	559800.000000
5.208333	-0.023813	560000.000000
5.312500	-0.024018	560200.000000
5.416667	-0.023873	560400.000000
5.520833	-0.023859	560600.000000
5.625000	-0.023783	560800.000000
5.729167	-0.023982	561000.000000
5.833333	-0.024006	561200.000000
5.937500	-0.024138	561400.000000
6.041667	-0.023763	561600.000000
6.145833	-0.023868	561800.000000
6.250000	-0.023906	562000.000000
6.354167	-0.023693	562200.000000
6.458333	-0.023836	562400.000000
6.562500	-0.023937	562600.000000
6.666667	-0.023761	562800.000000
6.770833	-0.023749	563000.000000
6.875000	-0.023876	563200.000000
6.979167	-0.023899	563400.000000
7.083333	-0.023926	563600.000000
7.187500	-0.023851	563800.000000
7.291667	-0.023886	564000.000000
7.395833	-0.023787	564200.000000
7.500000	-0.023754	564400.000000
7.604167	-0.023778	564600.000000
7.708333	-0.023846	564800.000000
7.812500	-0.023813	565000.000000
7.916667	-0.023653	565200.000000
8.020833	-0.023869	565400.000000
8.125000	-0.023933	565600.000000
8.229167	-0.023945	565800.000000
8.333333	-0.023955	566000.000000
8.437500	-0.023920	566200.000000
8.541667	-0.023842	566400.000000
8.645833	-0.023837	566600.000000
8.750000	-0.023907	566800.000000
8.854167	-0.023942	567000.000000
8.958333	-0.023854	567200.000000
9.062500	-0.023816	567400.000000
9.166667	-0.024001	567600.000000
9.270833	-0.023936	567800.000000
9.375000	-0.023952	568000.000000
9.479167	-0.024122	568200.000000
9.583333	-0.023770	568400.000000
9.687500	-0.023808	568600.000000
9.791667	-0.023880	568800.000000
9.895833	-0.023848	569000.000000
10.000000	-0.024001	569200.000000
10.104167	-0.023863	569400.000000
10.208333	-0.023762	569600.000000
10.312500	-0.023904	569800.000000
10.416667	-0.023994	570000.000000
10.520833	-0.024001	570200.000000
10.625000	-0.024099	570400.000000
10.729167	-0.023756	570600.000000
10.833333	-0.023782	570800.000000
10.937500	-0.023874	571000.000000
11.041667	-0.024006	571200.000000
11.145833	-0.023981	571400.000000
11.250000	-0.024039	571600.000000
11.354167	-0.023920	571800.000000
11.458333	-0.023925	572000.000000
11.562500	-0.024000	572200.000000
11.666667	-0.024099	572400.000000
11.770833	-0.024013	572600.000000
11.875000	-0.023874	572800.000000
11.979167	-0.023920	573000.000000
12.083333	-0.023841	573200.000000
12.187500	-0.023960	573400.000000
12.291667	-0.023993	573600.000000
12.395833	-0.023933	573800.000000
12.500000	-0.024136	574000.000000
12.604167	-0.023862	574200.000000
12.708333	-0.023887	574400.000000
12.812500	-0.023653	574600.000000
12.916667	-0.023807	574800.000000
13.020833	-0.023730	575000.000000
13.125000	-0.023802	575200.000000
13.229167	-0.023814	575400.000000
13.333333	-0.023883	575600.000000
13.437500	-0.023957	575800.000000
13.541667	-0.024145	576000.000000
13.645833	-0.023877	576200.000000
13.750000	-0.023922	576400.000000
13.854167	-0.024075	576600.000000
13.958333	-0.023679	576800.000000
14.062500	-0.023998	577000.000000
14.166667	-0.024008	577200.000000
14.270833	-0.023802	577400.000000
14.375000	-0.023766	577600.000000
14.479167	-0.023938	577800.000000
14.583333	-0.023764	578000.000000
14.687500	-0.024029	578200.000000
14.791667	-0.024227	578400.000000
14.895833	-0.023935	578600.000000
15.000000	-0.023994	578800.000000
15.104167	-0.023893	579000.000000
15.208333	-0.023839	579200.000000
15.312500	-0.023922	579400.000000
15.416667	-0.024049	579600.000000
15.520833	-0.023999	579800.000000
15.625000	-0.023919	580000.000000
15.729167	-0.024131	580200.000000
15.833333	-0.023816	580400.000000
15.937500	-0.023757	580600.000000
16.041667	-0.023875	580800.000000
16.145833	-0.023820	581000.000000
16.250000	-0.024069	581200.000000
16.354167	-0.023968	581400.000000
16.458333	-0.023975	581600.000000
16.562500	-0.023810	581800.000000
16.666667	-0.023760	582000.000000
16.770833	-0.023925	582200.000000
16.875000	-0.023721	582400.000000
16.979167	-0.023918	582600.000000
17.083333	-0.023843	582800.000000
17.187500	-0.024050	583000.000000
17.291667	-0.023948	583200.000000
17.395833	-0.023971	583400.000000
17.500000	-0.023743	583600.000000
17.604167	-0.024042	583800.000000
17.708333	-0.023692	584000.000000
17.812500	-0.023734	584200.000000
17.916667	-0.023790	584400.000000
18.020833	-0.023878	584600.000000
18.125000	-0.023898	584800.000000
18.229167	-0.023939	585000.000000
18.333333	-0.023992	585200.000000
18.437500	-0.023810	585400.000000
18.541667	-0.023822	585600.000000
18.645833	-0.023681	585800.000000
18.750000	-0.023636	586000.000000
18.854167	-0.023741	586200.000000
18.958333	-0.023935	586400.000000
19.062500	-0.023839	586600.000000
19.166667	-0.023767	586800.000000
19.270833	-0.023694	587000.000000
19.375000	-0.023730	587200.000000
19.479167	-0.023866	587400.000000
19.583333	-0.023837	587600.000000
19.687500	-0.023829	587800.000000
19.791667	-0.023834	588000.000000
19.895833	-0.023732	588200.000000
20.000000	-0.023629	588400.000000
20.104167	-0.023757	588600.000000
20.208333	-0.023665	588800.000000
20.312500	-0.023644	589000.000000
20.416667	-0.023745	589200.000000
20.520833	-0.023640	589400.000000
20.625000	-0.023562	589600.000000
20.729167	-0.023656	589800.000000
20.833333	-0.023769	590000.000000
20.937500	-0.023613	590200.000000
21.041667	-0.023675	590400.000000
21.145833	-0.023623	590600.000000
21.250000	-0.023494	590800.000000
21.354167	-0.023473	591000.000000
21.458333	-0.023590	591200.000000
21.562500	-0.023565	591400.000000
21.666667	-0.023390	591600.000000
21.770833	-0.023487	591800.000000
21.875000	-0.023516	592000.000000
21.979167	-0.023258	592200.000000
22.083333	-0.023135	592400.000000
22.187500	-0.023249	592600.000000
22.291667	-0.023270	592800.000000
22.395833	-0.023207	593000.000000
22.500000	-0.023151	593200.000000
22.604167	-0.022846	593400.000000
22.708333	-0.022697	593600.000000
22.812500	-0.022470	593800.000000
22.916667	-0.022219	594000.000000
23.020833	-0.022084	594200.000000
23.125000	-0.022036	594400.000000
23.229167	-0.021920	594600.000000
23.333333	-0.021639	594800.000000
23.437500	-0.021483	595000.000000
23.541667	-0.021099	595200.000000
23.645833	-0.020739	595400.000000
23.750000	-0.020584	595600.000000
23.854167	-0.020458	595800.000000
23.958333	-0.020330	596000.000000
24.062500	-0.020130	596200.000000
24.166667	-0.019932	596400.000000
24.270833	-0.020517	596600.000000
24.375000	-0.021905	596800.000000
24.479167	-0.024750	597000.000000
24.583333	-0.029603	597200.000000
24.687500	-0.036704	597400.000000
24.791667	-0.045235	597600.000000
24.895833	-0.053344	597800.000000
25.000000	-0.058909	598000.000000
25.104167	-0.060109	598200.000000
25.208333	-0.056117	598400.000000
25.312500	-0.048339	598600.000000
25.416667	-0.039080	598800.000000
25.520833	-0.030241	599000.000000
25.625000	-0.022540	599200.000000
25.729167	-0.016767	599400.000000
25.833333	-0.012915	599600.000000
25.937500	-0.010792	599800.000000
26.041667	-0.010339	600000.000000
26.145833	-0.010937	600200.000000
26.250000	-0.011576	600400.000000
26.354167	-0.012316	600600.000000
26.458333	-0.012183	600800.000000
26.562500	-0.011440	601000.000000
26.666667	-0.010804	601200.000000
26.770833	-0.010016	601400.000000
26.875000	-0.010358	601600.000000
26.979167	-0.011807	601800.000000
27.083333	-0.013774	602000.000000
27.187500	-0.016049	602200.000000
27.291667	-0.018014	602400.000000
27.395833	-0.019149	602600.000000
27.500000	-0.019967	602800.000000
27.604167	-0.020419	603000.000000
27.708333	-0.020328	603200.000000
27.812500	-0.020287	603400.000000
27.916667	-0.020484	603600.000000
28.020833	-0.020794	603800.000000
28.125000	-0.021108	604000.000000
28.229167	-0.021660	604200.000000
28.333333	-0.022093	604400.000000
28.437500	-0.022337	604600.000000
28.541667	-0.022944	604800.000000
28.645833	-0.023387	605000.000000
28.750000	-0.024119	605200.000000
28.854167	-0.025148	605400.000000
28.958333	-0.025791	605600.000000
29.062500	-0.026371	605800.000000
29.166667	-0.026839	606000.000000
29.270833	-0.027366	606200.000000
29.375000	-0.027739	606400.000000
29.479167	-0.028604	606600.000000
29.583333	-0.029007	606800.000000
29.687500	-0.028964	607000.000000
29.791667	-0.028503	607200.000000
29.895833	-0.027800	607400.000000
30.000000	-0.026643	607600.000000
30.104167	-0.025695	607800.000000
30.208333	-0.024721	608000.000000
30.312500	-0.023670	608200.000000
30.416667	-0.023087	608400.000000
30.520833	-0.022730	608600.000000
30.625000	-0.022902	608800.000000
30.729167	-0.023058	609000.000000
30.833333	-0.023271	609200.000000
30.937500	-0.023535	609400.000000
31.041667	-0.023727	609600.000000
31.145833	-0.023997	609800.000000
31.250000	-0.023824	610000.000000
31.354167	-0.023240	610200.000000
31.458333	-0.022864	610400.000000
31.562500	-0.022771	610600.000000
31.666667	-0.022778	610800.000000
31.770833	-0.023134	611000.000000
31.875000	-0.023441	611200.000000
31.979167	-0.023739	611400.000000
32.083333	-0.024243	611600.000000
32.187500	-0.024827	611800.000000
32.291667	-0.025156	612000.000000
32.395833	-0.025446	612200.000000
32.500000	-0.025533	612400.000000
32.604167	-0.025497	612600.000000
32.708333	-0.025215	612800.000000
32.812500	-0.025002	613000.000000
32.916667	-0.025075	613200.000000
33.020833	-0.025188	613400.000000
33.125000	-0.025323	613600.000000
33.229167	-0.025212	613800.000000
33.333333	-0.025147	614000.000000
33.437500	-0.025117	614200.000000
33.541667	-0.024739	614400.000000
33.645833	-0.024374	614600.000000
33.750000	-0.023981	614800.000000
33.854167	-0.023555	615000.000000
33.958333	-0.022859	615200.000000
34.062500	-0.022484	615400.000000
34.166667	-0.021981	615600.000000
34.270833	-0.021849	615800.000000
34.375000	-0.021938	616000.000000
34.479167	-0.022248	616200.000000
34.583333	-0.022985	616400.000000
34.687500	-0.023153	616600.000000
34.791667	-0.023557	616800.000000
34.895833	-0.023762	617000.000000
35.000000	-0.023866	617200.000000
35.104167	-0.023981	617400.000000
35.208333	-0.024308	617600.000000
35.312500	-0.024359	617800.000000
35.416667	-0.024261	618000.000000
35.520833	-0.024446	618200.000000
35.625000	-0.024381	618400.000000
35.729167	-0.024302	618600.000000
35.833333	-0.024179	618800.000000
35.937500	-0.024171	619000.000000
36.041667	-0.023933	619200.000000
36.145833	-0.023992	619400.000000
36.250000	-0.024135	619600.000000
36.354167	-0.024093	619800.000000
36.458333	-0.024169	620000.000000
36.562500	-0.024433	620200.000000
36.666667	-0.024415	620400.000000
36.770833	-0.024524	620600.000000
36.875000	-0.024600	620800.000000
36.979167	-0.024359	621000.000000
37.083333	-0.024227	621200.000000
37.187500	-0.024362	621400.000000
37.291667	-0.024547	621600.000000
37.395833	-0.024655	621800.000000
37.500000	-0.024584	622000.000000
37.604167	-0.024232	622200.000000
37.708333	-0.023911	622400.000000
37.812500	-0.023587	622600.000000
37.916667	-0.023783	622800.000000
38.020833	-0.024168	623000.000000
38.125000	-0.024724	623200.000000
38.229167	-0.024892	623400.000000
38.333333	-0.024909	623600.000000
38.437500	-0.025001	623800.000000
38.541667	-0.025050	624000.000000
38.645833	-0.024923	624200.000000
38.750000	-0.024586	624400.000000
38.854167	-0.024527	624600.000000
38.958333	-0.024638	624800.000000
39.062500	-0.024305	625000.000000
39.166667	-0.024185	625200.000000
39.270833	-0.023954	625400.000000
39.375000	-0.023722	625600.000000
39.479167	-0.023183	625800.000000
39.583333	-0.023103	626000.000000
39.687500	-0.023195	626200.000000
39.791667	-0.023125	626400.000000
39.895833	-0.023503	626600.000000
40.000000	-0.023938	626800.000000
40.104167	-0.023983	627000.000000
40.208333	-0.023828	627200.000000
40.312500	-0.023924	627400.000000
40.416667	-0.023572	627600.000000
40.520833	-0.023330	627800.000000
40.625000	-0.023537	628000.000000
40.729167	-0.023452	628200.000000
40.833333	-0.023779	628400.000000
40.937500	-0.023897	628600.000000
41.041667	-0.023542	628800.000000
41.145833	-0.023388	629000.000000
41.250000	-0.023384	629200.000000
41.354167	-0.023248	629400.000000
41.458333	-0.023391	629600.000000
41.562500	-0.023997	629800.000000
41.666667	-0.024396	630000.000000
41.770833	-0.024455	630200.000000
41.875000	-0.024724	630400.000000
41.979167	-0.024540	630600.000000
42.083333	-0.024285	630800.000000
42.187500	-0.023923	631000.000000
42.291667	-0.023801	631200.000000
42.395833	-0.023883	631400.000000
42.500000	-0.023986	631600.000000
42.604167	-0.024221	631800.000000
42.708333	-0.024307	632000.000000
42.812500	-0.024572	632200.000000
42.916667	-0.024539	632400.000000
43.020833	-0.024032	632600.000000
43.125000	-0.023895	632800.000000
43.229167	-0.023687	633000.000000
43.333333	-0.023668	633200.000000
43.437500	-0.023620	633400.000000
43.541667	-0.023962	633600.000000
43.645833	-0.024164	633800.000000
43.750000	-0.024199	634000.000000
43.854167	-0.024122	634200.000000
43.958333	-0.024240	634400.000000
44.062500	-0.024308	634600.000000
44.166667	-0.024120	634800.000000
44.270833	-0.023970	635000.000000
44.375000	-0.023747	635200.000000
44.479167	-0.023694	635400.000000
44.583333	-0.023608	635600.000000
44.687500	-0.023370	635800.000000
44.791667	-0.023401	636000.000000
44.895833	-0.023510	636200.000000
45.000000	-0.023709	636400.000000
45.104167	-0.023837	636600.000000
45.208333	-0.024190	636800.000000
45.312500	-0.024426	637000.000000
45.416667	-0.024386	637200.000000
45.520833	-0.024383	637400.000000
45.625000	-0.024462	637600.000000
45.729167	-0.024299	637800.000000
45.833333	-0.024113	638000.000000
45.937500	-0.024170	638200.000000
46.041667	-0.024082	638400.000000
46.145833	-0.023549	638600.000000
46.250000	-0.023458	638800.000000
46.354167	-0.023279	639000.000000
46.458333	-0.023132	639200.000000
46.562500	-0.023212	639400.000000
46.666667	-0.023283	639600.000000
46.770833	-0.023371	639800.000000
46.875000	-0.023693	640000.000000
46.979167	-0.023766	640200.000000
47.083333	-0.023884	640400.000000
47.187500	-0.024215	640600.000000
47.291667	-0.024111	640800.000000
47.395833	-0.023926	641000.000000
47.500000	-0.024159	641200.000000
47.604167	-0.024306	641400.000000
47.708333	-0.024227	641600.000000
47.812500	-0.023994	641800.000000
47.916667	-0.023957	642000.000000
48.020833	-0.023867	642200.000000
48.125000	-0.023730	642400.000000
48.229167	-0.023554	642600.000000
48.333333	-0.023471	642800.000000
48.437500	-0.023552	643000.000000
48.541667	-0.023968	643200.000000
48.645833	-0.023997	643400.000000
48.750000	-0.024076	643600.000000
48.854167	-0.024015	643800.000000
48.958333	-0.024166	644000.000000
49.062500	-0.024276	644200.000000
49.166667	-0.024058	644400.000000
49.270833	-0.024222	644600.000000
49.375000	-0.024554	644800.000000
49.479167	-0.024457	645000.000000
49.583333	-0.024306	645200.000000
49.687500	-0.024353	645400.000000
49.791667	-0.024028	645600.000000
49.895833	-0.023790	645800.000000
50.000000	-0.023469	646000.000000
50.104167	-0.023471	646200.000000
50.208333	-0.023572	646400.000000
50.312500	-0.023714	646600.000000
50.416667	-0.023866	646800.000000
50.520833	-0.023797	647000.000000
50.625000	-0.023997	647200.000000
50.729167	-0.024022	647400.000000
50.833333	-0.024185	647600.000000
50.937500	-0.024265	647800.000000
51.041667	-0.024606	648000.000000
51.145833	-0.024592	648200.000000
51.250000	-0.024322	648400.000000
51.354167	-0.024189	648600.000000
51.458333	-0.024070	648800.000000
51.562500	-0.023614	649000.000000
51.666667	-0.023657	649200.000000
51.770833	-0.023587	649400.000000
51.875000	-0.023656	649600.000000
51.979167	-0.023790	649800.000000
52.083333	-0.023929	650000.000000
52.187500	-0.023851	650200.000000
52.291667	-0.023906	650400.000000
52.395833	-0.023735	650600.000000
52.500000	-0.023855	650800.000000
52.604167	-0.024012	651000.000000
52.708333	-0.023974	651200.000000
52.812500	-0.024097	651400.000000
52.916667	-0.024270	651600.000000
53.020833	-0.024070	651800.000000
53.125000	-0.023915	652000.000000
53.229167	-0.023726	652200.000000
53.333333	-0.023599	652400.000000
53.437500	-0.023520	652600.000000
53.541667	-0.023871	652800.000000
53.645833	-0.023938	653000.000000
53.750000	-0.023917	653200.000000
53.854167	-0.023813	653400.000000
53.958333	-0.023639	653600.000000
54.062500	-0.023526	653800.000000
54.166667	-0.023669	654000.000000
54.270833	-0.023535	654200.000000
54.375000	-0.023709	654400.000000
54.479167	-0.023909	654600.000000
54.583333	-0.023759	654800.000000
54.687500	-0.024069	655000.000000
54.791667	-0.024050	655200.000000
54.895833	-0.023699	655400.000000
55.000000	-0.023776	655600.000000
55.104167	-0.023621	655800.000000
55.208333	-0.023410	656000.000000
55.312500	-0.023314	656200.000000
55.416667	-0.023284	656400.000000
55.520833	-0.023192	656600.000000
55.625000	-0.023133	656800.000000
55.729167	-0.023264	657000.000000
55.833333	-0.023261	657200.000000
55.937500	-0.023382	657400.000000
56.041667	-0.023657	657600.000000
56.145833	-0.023711	657800.000000
56.250000	-0.023894	658000.000000
56.354167	-0.023931	658200.000000
56.458333	-0.024232	658400.000000
56.562500	-0.024029	658600.000000
56.666667	-0.023749	658800.000000
56.770833	-0.023593	659000.000000
56.875000	-0.023559	659200.000000
56.979167	-0.023499	659400.000000
57.083333	-0.023711	659600.000000
57.187500	-0.023516	659800.000000
57.291667	-0.023759	660000.000000
57.395833	-0.023634	660200.000000
57.500000	-0.023678	660400.000000
57.604167	-0.023750	660600.000000
57.708333	-0.023942	660800.000000
57.812500	-0.023858	661000.000000
57.916667	-0.024081	661200.000000
58.020833	-0.024171	661400.000000
58.125000	-0.024026	661600.000000
58.229167	-0.023813	661800.000000
58.333333	-0.023898	662000.000000
58.437500	-0.023945	662200.000000
58.541667	-0.023979	662400.000000
58.645833	-0.024174	662600.000000
58.750000	-0.023809	662800.000000
58.854167	-0.023849	663000.000000
58.958333	-0.023887	663200.000000
59.062500	-0.023807	663400.000000
59.166667	-0.023867	663600.000000
59.270833	-0.023783	663800.000000
59.375000	-0.023715	664000.000000
59.479167	-0.023776	664200.000000
59.583333	-0.023938	664400.000000
59.687500	-0.023694	664600.000000
59.791667	-0.023837	664800.000000
59.895833	-0.024078	665000.000000
60.000000	-0.024209	665200.000000
60.104167	-0.024345	665400.000000
60.208333	-0.024406	665600.000000
60.312500	-0.024397	665800.000000
60.416667	-0.024095	666000.000000
60.520833	-0.023972	666200.000000
60.625000	-0.023955	666400.000000
60.729167	-0.024018	666600.000000
60.833333	-0.023774	666800.000000
60.937500	-0.023788	667000.000000
61.041667	-0.023963	667200.000000
61.145833	-0.024056	667400.000000
61.250000	-0.024122	667600.000000
61.354167	-0.024161	667800.000000
61.458333	-0.024343	668000.000000
61.562500	-0.024150	668200.000000
61.666667	-0.024241	668400.000000
61.770833	-0.024488	668600.000000
61.875000	-0.024415	668800.000000
61.979167	-0.024432	669000.000000
62.083333	-0.024318	669200.000000
62.187500	-0.024250	669400.000000
62.291667	-0.024195	669600.000000
62.395833	-0.023875	669800.000000
62.500000	-0.023769	670000.000000
62.604167	-0.024037	670200.000000
62.708333	-0.024154	670400.000000
62.812500	-0.024423	670600.000000
62.916667	-0.024299	670800.000000
63.020833	-0.024113	671000.000000
63.125000	-0.024164	671200.000000
63.229167	-0.024244	671400.000000
63.333333	-0.024160	671600.000000
63.437500	-0.024210	671800.000000
63.541667	-0.024318	672000.000000
63.645833	-0.024562	672200.000000
63.750000	-0.024337	672400.000000
63.854167	-0.024281	672600.000000
63.958333	-0.024437	672800.000000
64.062500	-0.024493	673000.000000
64.166667	-0.024381	673200.000000
64.270833	-0.024427	673400.000000
64.375000	-0.024469	673600.000000
64.479167	-0.024334	673800.000000
64.583333	-0.024241	674000.000000
64.687500	-0.023911	674200.000000
64.791667	-0.024046	674400.000000
64.895833	-0.024004	674600.000000
65.000000	-0.024031	674800.000000
65.104167	-0.024042	675000.000000
65.208333	-0.024005	675200.000000
65.312500	-0.024014	675400.000000
65.416667	-0.024236	675600.000000
65.520833	-0.024143	675800.000000
65.625000	-0.023983	676000.000000
65.729167	-0.024188	676200.000000
65.833333	-0.024073	676400.000000
65.937500	-0.023836	676600.000000
66.041667	-0.023833	676800.000000
66.145833	-0.023561	677000.000000
66.250000	-0.023761	677200.000000
66.354167	-0.023449	677400.000000
66.458333	-0.023842	677600.000000
66.562500	-0.023910	677800.000000
66.666667	-0.023705	678000.000000
66.770833	-0.023972	678200.000000
66.875000	-0.024116	678400.000000
66.979167	-0.024085	678600.000000
67.083333	-0.024072	678800.000000
67.187500	-0.024228	679000.000000
67.291667	-0.023820	679200.000000
67.395833	-0.023992	679400.000000
67.500000	-0.023904	679600.000000
67.604167	-0.023712	679800.000000
67.708333	-0.023655	680000.000000
67.812500	-0.023722	680200.000000
67.916667	-0.023642	680400.000000
68.020833	-0.023553	680600.000000
68.125000	-0.023582	680800.000000
68.229167	-0.023676	681000.000000
68.333333	-0.023875	681200.000000
68.437500	-0.023834	681400.000000
68.541667	-0.023910	681600.000000
68.645833	-0.023900	681800.000000
68.750000	-0.023730	682000.000000
68.854167	-0.023642	682200.000000
68.958333	-0.023735	682400.000000
69.062500	-0.023922	682600.000000
69.166667	-0.024106	682800.000000
69.270833	-0.024591	683000.000000
69.375000	-0.024610	683200.000000
69.479167	-0.024420	683400.000000
69.583333	-0.024420	683600.000000
69.687500	-0.024418	683800.000000
69.791667	-0.024327	684000.000000
69.895833	-0.024653	684200.000000
70.000000	-0.024452	684400.000000
70.104167	-0.024537	684600.000000
70.208333	-0.024638	684800.000000
70.312500	-0.024435	685000.000000
70.416667	-0.024463	685200.000000
70.520833	-0.024632	685400.000000
70.625000	-0.024819	685600.000000
70.729167	-0.024794	685800.000000
70.833333	-0.024778	686000.000000
70.937500	-0.024940	686200.000000
71.041667	-0.024810	686400.000000
71.145833	-0.024584	686600.000000
71.250000	-0.024564	686800.000000
71.354167	-0.024384	687000.000000
71.458333	-0.024306	687200.000000
71.562500	-0.024232	687400.000000
71.666667	-0.023994	687600.000000
71.770833	-0.024194	687800.000000
71.875000	-0.024320	688000.000000
71.979167	-0.024408	688200.000000
72.083333	-0.024401	688400.000000
72.187500	-0.024444	688600.000000
72.291667	-0.024263	688800.000000
72.395833	-0.024380	689000.000000
72.500000	-0.024297	689200.000000
72.604167	-0.024385	689400.000000
72.708333	-0.024331	689600.000000
72.812500	-0.024182	689800.000000
72.916667	-0.024063	690000.000000
73.020833	-0.024043	690200.000000
73.125000	-0.023997	690400.000000
73.229167	-0.023820	690600.000000
73.333333	-0.023721	690800.000000
73.437500	-0.023852	691000.000000
73.541667	-0.023690	691200.000000
73.645833	-0.023464	691400.000000
73.750000	-0.023630	691600.000000
73.854167	-0.023368	691800.000000
73.958333	-0.023375	692000.000000
74.062500	-0.023629	692200.000000
74.166667	-0.023305	692400.000000
74.270833	-0.023486	692600.000000
74.375000	-0.023461	692800.000000
74.479167	-0.023388	693000.000000
74.583333	-0.023252	693200.000000
74.687500	-0.023136	693400.000000
74.791667	-0.023296	693600.000000
74.895833	-0.023440	693800.000000
75.000000	-0.023439	694000.000000
75.104167	-0.023480	694200.000000
75.208333	-0.023480	694400.000000
75.312500	-0.023554	694600.000000
75.416667	-0.023329	694800.000000
75.520833	-0.023417	695000.000000
75.625000	-0.023655	695200.000000
75.729167	-0.023990	695400.000000
75.833333	-0.023979	695600.000000
75.937500	-0.024278	695800.000000
76.041667	-0.024114	696000.000000
76.145833	-0.024194	696200.000000
76.250000	-0.024432	696400.000000
76.354167	-0.024208	696600.000000
76.458333	-0.024363	696800.000000
76.562500	-0.024368	697000.000000
76.666667	-0.024275	697200.000000
76.770833	-0.024217	697400.000000
76.875000	-0.023981	697600.000000
76.979167	-0.023930	697800.000000
77.083333	-0.024004	698000.000000
77.187500	-0.024013	698200.000000
77.291667	-0.023899	698400.000000
77.395833	-0.024231	698600.000000
77.500000	-0.024241	698800.000000
77.604167	-0.024244	699000.000000
77.708333	-0.024063	699200.000000
77.812500	-0.024086	699400.000000
77.916667	-0.023976	699600.000000
78.020833	-0.024144	699800.000000
78.125000	-0.024200	700000.000000
78.229167	-0.024260	700200.000000
78.333333	-0.024324	700400.000000
78.437500	-0.024454	700600.000000
78.541667	-0.024406	700800.000000
78.645833	-0.024409	701000.000000
78.750000	-0.024581	701200.000000
78.854167	-0.024537	701400.000000
78.958333	-0.024666	701600.000000
79.062500	-0.024752	701800.000000
79.166667	-0.024683	702000.000000
79.270833	-0.024668	702200.000000
79.375000	-0.024502	702400.000000
79.479167	-0.024502	702600.000000
79.583333	-0.024380	702800.000000
79.687500	-0.024266	703000.000000
79.791667	-0.024243	703200.000000
79.895833	-0.024301	703400.000000
80.000000	-0.023990	703600.000000
80.104167	-0.024311	703800.000000
80.208333	-0.024268	704000.000000
80.312500	-0.024322	704200.000000
80.416667	-0.024056	704400.000000
80.520833	-0.023930	704600.000000
80.625000	-0.023725	704800.000000
80.729167	-0.023809	705000.000000
80.833333	-0.023871	705200.000000
80.937500	-0.023997	705400.000000
81.041667	-0.023934	705600.000000
81.145833	-0.023973	705800.000000
81.250000	-0.023963	706000.000000
81.354167	-0.024212	706200.000000
81.458333	-0.024081	706400.000000
81.562500	-0.024233	706600.000000
81.666667	-0.024184	706800.000000
81.770833	-0.024054	707000.000000
81.875000	-0.023977	707200.000000
81.979167	-0.023874	707400.000000
82.083333	-0.023997	707600.000000
82.187500	-0.023813	707800.000000
82.291667	-0.023734	708000.000000
82.395833	-0.023642	708200.000000
82.500000	-0.023538	708400.000000
82.604167	-0.023722	708600.000000
82.708333	-0.023759	708800.000000
82.812500	-0.023936	709000.000000
82.916667	-0.024065	709200.000000
83.020833	-0.023882	709400.000000
83.125000	-0.023882	709600.000000
83.229167	-0.023860	709800.000000
83.333333	-0.023832	710000.000000
83.437500	-0.023867	710200.000000
83.541667	-0.023838	710400.000000
83.645833	-0.023796	710600.000000
83.750000	-0.023854	710800.000000
83.854167	-0.023675	711000.000000
83.958333	-0.023705	711200.000000
84.062500	-0.023722	711400.000000
84.166667	-0.023711	711600.000000
84.270833	-0.023637	711800.000000
84.375000	-0.023682	712000.000000
84.479167	-0.023657	712200.000000
84.583333	-0.023780	712400.000000
84.687500	-0.023849	712600.000000
84.791667	-0.023717	712800.000000
84.895833	-0.023727	713000.000000
85.000000	-0.023934	713200.000000
85.104167	-0.024006	713400.000000
85.208333	-0.024041	713600.000000
85.312500	-0.024122	713800.000000
85.416667	-0.024081	714000.000000
85.520833	-0.024268	714200.000000
85.625000	-0.024226	714400.000000
85.729167	-0.024290	714600.000000
85.833333	-0.024062	714800.000000
85.937500	-0.024027	715000.000000
86.041667	-0.023946	715200.000000
86.145833	-0.023926	715400.000000
86.250000	-0.023957	715600.000000
86.354167	-0.024079	715800.000000
86.458333	-0.024062	716000.000000
86.562500	-0.024397	716200.000000
86.666667	-0.024307	716400.000000
86.770833	-0.024257	716600.000000
86.875000	-0.024394	716800.000000
86.979167	-0.024437	717000.000000
87.083333	-0.024315	717200.000000
87.187500	-0.024323	717400.000000
87.291667	-0.024307	717600.000000
87.395833	-0.024288	717800.000000
87.500000	-0.024066	718000.000000
87.604167	-0.024177	718200.000000
87.708333	-0.023913	718400.000000
87.812500	-0.024064	718600.000000
87.916667	-0.024152	718800.000000
88.020833	-0.024069	719000.000000
88.125000	-0.024203	719200.000000
88.229167	-0.024372	719400.000000
88.333333	-0.024359	719600.000000
88.437500	-0.024377	719800.000000
88.541667	-0.024380	720000.000000
88.645833	-0.024258	720200.000000
88.750000	-0.024137	720400.000000
88.854167	-0.024378	720600.000000
88.958333	-0.024071	720800.000000
89.062500	-0.024161	721000.000000
89.166667	-0.024285	721200.000000
89.270833	-0.024069	721400.000000
89.375000	-0.024216	721600.000000
89.479167	-0.024115	721800.000000
89.583333	-0.024147	722000.000000
89.687500	-0.024046	722200.000000
89.791667	-0.024137	722400.000000
89.895833	-0.024079	722600.000000
90.000000	-0.023911	722800.000000
90.104167	-0.024041	723000.000000
90.208333	-0.024208	723200.000000
90.312500	-0.024209	723400.000000
90.416667	-0.024252	723600.000000
90.520833	-0.024232	723800.000000
90.625000	-0.024215	724000.000000
90.729167	-0.024148	724200.000000
90.833333	-0.024090	724400.000000
90.937500	-0.024072	724600.000000
91.041667	-0.023961	724800.000000
91.145833	-0.023857	725000.000000
91.250000	-0.023674	725200.000000
91.354167	-0.023836	725400.000000
91.458333	-0.023691	725600.000000
91.562500	-0.023673	725800.000000
91.666667	-0.023820	726000.000000
91.770833	-0.023861	726200.000000
91.875000	-0.023891	726400.000000
91.979167	-0.024036	726600.000000
92.083333	-0.024307	726800.000000
92.187500	-0.024164	727000.000000
92.291667	-0.024302	727200.000000
92.395833	-0.024133	727400.000000
92.500000	-0.023895	727600.000000
92.604167	-0.023737	727800.000000
92.708333	-0.023743	728000.000000
92.812500	-0.023843	728200.000000
92.916667	-0.023780	728400.000000
93.020833	-0.023780	728600.000000
93.125000	-0.023831	728800.000000
93.229167	-0.023752	729000.000000
93.333333	-0.023918	729200.000000
93.437500	-0.023834	729400.000000
93.541667	-0.024099	729600.000000
93.645833	-0.024181	729800.000000
93.750000	-0.024186	730000.000000
93.854167	-0.024330	730200.000000
93.958333	-0.024201	730400.000000
94.062500	-0.024056	730600.000000
94.166667	-0.024211	730800.000000
94.270833	-0.024218	731000.000000
94.375000	-0.024043	731200.000000
94.479167	-0.024085	731400.000000
94.583333	-0.024148	731600.000000
94.687500	-0.024089	731800.000000
94.791667	-0.024051	732000.000000
94.895833	-0.024186	732200.000000
95.000000	-0.024059	732400.000000
95.104167	-0.024010	732600.000000
95.208333	-0.024232	732800.000000
95.312500	-0.024275	733000.000000
95.416667	-0.024501	733200.000000
95.520833	-0.024508	733400.000000
95.625000	-0.024601	733600.000000
95.729167	-0.024680	733800.000000
95.833333	-0.024647	734000.000000
95.937500	-0.024685	734200.000000
96.041667	-0.024651	734400.000000
96.145833	-0.024837	734600.000000
96.250000	-0.024499	734800.000000
96.354167	-0.024344	735000.000000
96.458333	-0.024353	735200.000000
96.562500	-0.024065	735400.000000
96.666667	-0.023995	735600.000000
96.770833	-0.024022	735800.000000
96.875000	-0.023684	736000.000000
96.979167	-0.023940	736200.000000
97.083333	-0.023909	736400.000000
97.187500	-0.023870	736600.000000
97.291667	-0.023957	736800.000000
97.395833	-0.023934	737000.000000
97.500000	-0.024222	737200.000000
97.604167	-0.024320	737400.000000
97.708333	-0.024219	737600.000000
97.812500	-0.024129	737800.000000
97.916667	-0.024143	738000.000000
98.020833	-0.024254	738200.000000
98.125000	-0.024102	738400.000000
98.229167	-0.024035	738600.000000
98.333333	-0.024332	738800.000000
98.437500	-0.024327	739000.000000
98.541667	-0.024150	739200.000000
98.645833	-0.024042	739400.000000
98.750000	-0.023817	739600.000000
98.854167	-0.023721	739800.000000
98.958333	-0.023686	740000.000000
99.062500	-0.023776	740200.000000
99.166667	-0.023777	740400.000000
99.270833	-0.023991	740600.000000
99.375000	-0.023757	740800.000000
99.479167	-0.023880	741000.000000
99.583333	-0.024168	741200.000000
99.687500	-0.024119	741400.000000
99.791667	-0.024033	741600.000000
99.895833	-0.024109	741800.000000
100.000000	-0.024026	742000.000000
100.104167	-0.024075	742200.000000
100.208333	-0.024192	742400.000000
100.312500	-0.024161	742600.000000
100.416667	-0.024133	742800.000000
100.520833	-0.023904	743000.000000
100.625000	-0.023733	743200.000000
100.729167	-0.023856	743400.000000
100.833333	-0.023751	743600.000000
100.937500	-0.023583	743800.000000
101.041667	-0.023674	744000.000000
101.145833	-0.023909	744200.000000
101.250000	-0.023548	744400.000000
101.354167	-0.023825	744600.000000
101.458333	-0.023952	744800.000000
101.562500	-0.024105	745000.000000
101.666667	-0.023888	745200.000000
101.770833	-0.024115	745400.000000
101.875000	-0.024126	745600.000000
101.979167	-0.024135	745800.000000
102.083333	-0.024084	746000.000000
102.187500	-0.023938	746200.000000
102.291667	-0.023705	746400.000000
102.395833	-0.023814	746600.000000
102.500000	-0.023836	746800.000000
102.604167	-0.023926	747000.000000
102.708333	-0.023855	747200.000000
102.812500	-0.023967	747400.000000
102.916667	-0.023691	747600.000000
103.020833	-0.023869	747800.000000
103.125000	-0.023930	748000.000000
103.229167	-0.023627	748200.000000
103.333333	-0.023771	748400.000000
103.437500	-0.023708	748600.000000
103.541667	-0.023656	748800.000000
103.645833	-0.023628	749000.000000
103.750000	-0.023919	749200.000000
103.854167	-0.024035	749400.000000
103.958333	-0.024067	749600.000000
104.062500	-0.024092	749800.000000
104.166667	-0.024047	750000.000000
104.270833	-0.024395	750200.000000
104.375000	-0.024194	750400.000000
104.479167	-0.023986	750600.000000
104.583333	-0.024114	750800.000000
104.687500	-0.024072	751000.000000
104.791667	-0.023843	751200.000000
104.895833	-0.024008	751400.000000
105.000000	-0.024031	751600.000000
105.104167	-0.023962	751800.000000
105.208333	-0.024209	752000.000000
105.312500	-0.023996	752200.000000
105.416667	-0.023953	752400.000000
105.520833	-0.024052	752600.000000
105.625000	-0.023813	752800.000000
105.729167	-0.023716	753000.000000
105.833333	-0.023820	753200.000000
105.937500	-0.023833	753400.000000
106.041667	-0.023785	753600.000000
106.145833	-0.023683	753800.000000
106.250000	-0.023899	754000.000000
106.354167	-0.023840	754200.000000
106.458333	-0.023794	754400.000000
106.562500	-0.023903	754600.000000
106.666667	-0.024014	754800.000000
106.770833	-0.023790	755000.000000
106.875000	-0.023686	755200.000000
106.979167	-0.023581	755400.000000
107.083333	-0.023643	755600.000000
107.187500	-0.023724	755800.000000
107.291667	-0.023585	756000.000000
107.395833	-0.023567	756200.000000
107.500000	-0.023525	756400.000000
107.604167	-0.023666	756600.000000
107.708333	-0.023480	756800.000000
107.812500	-0.023616	757000.000000
107.916667	-0.023397	757200.000000
108.020833	-0.023713	757400.000000
108.125000	-0.023893	757600.000000
108.229167	-0.023952	757800.000000
108.333333	-0.024128	758000.000000
108.437500	-0.023983	758200.000000
108.541667	-0.024080	758400.000000
108.645833	-0.024111	758600.000000
108.750000	-0.024055	758800.000000
108.854167	-0.024050	759000.000000
108.958333	-0.023914	759200.000000
109.062500	-0.023983	759400.000000
109.166667	-0.023866	759600.000000
109.270833	-0.023863	759800.000000
109.375000	-0.024105	760000.000000
109.479167	-0.023977	760200.000000
109.583333	-0.024139	760400.000000
109.687500	-0.024352	760600.000000
109.791667	-0.024471	760800.000000
109.895833	-0.024335	761000.000000
110.000000	-0.024511	761200.000000
110.104167	-0.024253	761400.000000
110.208333	-0.024303	761600.000000
110.312500	-0.024391	761800.000000
110.416667	-0.024308	762000.000000
110.520833	-0.024301	762200.000000
110.625000	-0.024438	762400.000000
110.729167	-0.024361	762600.000000
110.833333	-0.024281	762800.000000
110.937500	-0.024082	763000.000000
111.041667	-0.024131	763200.000000
111.145833	-0.024138	763400.000000
111.250000	-0.024232	763600.000000
111.354167	-0.024308	763800.000000
111.458333	-0.024307	764000.000000
111.562500	-0.024260	764200.000000
111.666667	-0.024029	764400.000000
111.770833	-0.024349	764600.000000
111.875000	-0.024138	764800.000000
111.979167	-0.024145	765000.000000
112.083333	-0.024081	765200.000000
112.187500	-0.024148	765400.000000
112.291667	-0.024018	765600.000000
112.395833	-0.024195	765800.000000
112.500000	-0.024282	766000.000000
112.604167	-0.024101	766200.000000
112.708333	-0.024091	766400.000000
112.812500	-0.024197	766600.000000
112.916667	-0.024147	766800.000000
113.020833	-0.024113	767000.000000
113.125000	-0.024075	767200.000000
113.229167	-0.023990	767400.000000
113.333333	-0.024001	767600.000000
113.437500	-0.023827	767800.000000
113.541667	-0.023943	768000.000000
113.645833	-0.023964	768200.000000
113.750000	-0.024221	768400.000000
113.854167	-0.024075	768600.000000
113.958333	-0.024028	768800.000000
114.062500	-0.024250	769000.000000
114.166667	-0.024468	769200.000000
114.270833	-0.024254	769400.000000
114.375000	-0.024553	769600.000000
114.479167	-0.024617	769800.000000
114.583333	-0.024579	770000.000000
114.687500	-0.024491	770200.000000
114.791667	-0.024561	770400.000000
114.895833	-0.024518	770600.000000
115.000000	-0.024400	770800.000000
115.104167	-0.024392	771000.000000
115.208333	-0.024287	771200.000000
115.312500	-0.024319	771400.000000
115.416667	-0.024352	771600.000000
115.520833	-0.024214	771800.000000
115.625000	-0.024088	772000.000000
115.729167	-0.024351	772200.000000
115.833333	-0.024166	772400.000000
115.937500	-0.024374	772600.000000
116.041667	-0.024213	772800.000000
116.145833	-0.024390	773000.000000
116.250000	-0.024247	773200.000000
116.354167	-0.024383	773400.000000
116.458333	-0.024388	773600.000000
116.562500	-0.024524	773800.000000
116.666667	-0.024312	774000.000000
116.770833	-0.024225	774200.000000
116.875000	-0.024411	774400.000000
116.979167	-0.024535	774600.000000
117.083333	-0.024541	774800.000000
117.187500	-0.024715	775000.000000
117.291667	-0.024740	775200.000000
117.395833	-0.024857	775400.000000
117.500000	-0.025015	775600.000000
117.604167	-0.024759	775800.000000
117.708333	-0.024772	776000.000000
117.812500	-0.024743	776200.000000
117.916667	-0.024241	776400.000000
118.020833	-0.024260	776600.000000
118.125000	-0.023977	776800.000000
118.229167	-0.023635	777000.000000
118.333333	-0.023358	777200.000000
118.437500	-0.023310	777400.000000
118.541667	-0.023221	777600.000000
118.645833	-0.023243	777800.000000
118.750000	-0.023338	778000.000000
118.854167	-0.023469	778200.000000
118.958333	-0.023368	778400.000000
119.062500	-0.023535	778600.000000
119.166667	-0.023561	778800.000000
119.270833	-0.023690	779000.000000
119.375000	-0.023835	779200.000000
119.479167	-0.024033	779400.000000
119.583333	-0.023816	779600.000000
119.687500	-0.023991	779800.000000
119.791667	-0.024083	780000.000000
119.895833	-0.023976	780200.000000
120.000000	-0.024019	780400.000000
120.104167	-0.023750	780600.000000
120.208333	-0.023554	780800.000000
120.312500	-0.023549	781000.000000
120.416667	-0.023617	781200.000000
120.520833	-0.023545	781400.000000
120.625000	-0.023785	781600.000000
120.729167	-0.023892	781800.000000
120.833333	-0.023953	782000.000000
120.937500	-0.024034	782200.000000
121.041667	-0.024090	782400.000000
121.145833	-0.024207	782600.000000
121.250000	-0.024278	782800.000000
121.354167	-0.024310	783000.000000
121.458333	-0.023907	783200.000000
121.562500	-0.023914	783400.000000
121.666667	-0.023923	783600.000000
121.770833	-0.023788	783800.000000
121.875000	-0.023746	784000.000000
121.979167	-0.023894	784200.000000
122.083333	-0.023782	784400.000000
122.187500	-0.024016	784600.000000
122.291667	-0.024128	784800.000000
122.395833	-0.023980	785000.000000
122.500000	-0.024145	785200.000000
122.604167	-0.024216	785400.000000
122.708333	-0.024114	785600.000000
122.812500	-0.024329	785800.000000
122.916667	-0.024231	786000.000000
123.020833	-0.024056	786200.000000
123.125000	-0.024032	786400.000000
123.229167	-0.023997	786600.000000
123.333333	-0.023838	786800.000000
123.437500	-0.023591	787000.000000
123.541667	-0.023638	787200.000000
123.645833	-0.023565	787400.000000
123.750000	-0.023453	787600.000000
123.854167	-0.023614	787800.000000
123.958333	-0.023538	788000.000000
124.062500	-0.023616	788200.000000
124.166667	-0.023473	788400.000000
124.270833	-0.023488	788600.000000
124.375000	-0.023591	788800.000000
124.479167	-0.023673	789000.000000
124.583333	-0.023580	789200.000000
124.687500	-0.023586	789400.000000
124.791667	-0.023793	789600.000000
124.895833	-0.023447	789800.000000
125.000000	-0.023831	790000.000000
125.104167	-0.024037	790200.000000
125.208333	-0.024098	790400.000000
125.312500	-0.024132	790600.000000
125.416667	-0.024113	790800.000000
125.520833	-0.024207	791000.000000
125.625000	-0.024309	791200.000000
125.729167	-0.024394	791400.000000
125.833333	-0.024521	791600.000000
125.937500	-0.024393	791800.000000
126.041667	-0.024397	792000.000000
126.145833	-0.024364	792200.000000
126.250000	-0.024645	792400.000000
126.354167	-0.024616	792600.000000
126.458333	-0.024488	792800.000000
126.562500	-0.024420	793000.000000
126.666667	-0.024386	793200.000000
126.770833	-0.024289	793400.000000
126.875000	-0.024325	793600.000000
126.979167	-0.024409	793800.000000
127.083333	-0.024116	794000.000000
127.187500	-0.023967	794200.000000
127.291667	-0.023756	794400.000000
127.395833	-0.023590	794600.000000
127.500000	-0.023716	794800.000000
127.604167	-0.023902	795000.000000
127.708333	-0.023798	795200.000000
127.812500	-0.023637	795400.000000
127.916667	-0.023729	795600.000000
128.020833	-0.023599	795800.000000
128.125000	-0.023731	796000.000000
128.229167	-0.023504	796200.000000
128.333333	-0.023565	796400.000000
128.437500	-0.023704	796600.000000
128.541667	-0.023464	796800.000000
128.645833	-0.023617	797000.000000
128.750000	-0.023577	797200.000000
128.854167	-0.023567	797400.000000
128.958333	-0.023849	797600.000000
129.062500	-0.024069	797800.000000
129.166667	-0.024211	798000.000000
129.270833	-0.024224	798200.000000
129.375000	-0.024137	798400.000000
129.479167	-0.024282	798600.000000
129.583333	-0.024247	798800.000000
129.687500	-0.024266	799000.000000
129.791667	-0.024386	799200.000000
129.895833	-0.024371	799400.000000
130.000000	-0.024516	799600.000000
130.104167	-0.024220	799800.000000
130.208333	-0.024281	800000.000000
