0.000000	-0.024051	550000.000000
0.104167	-0.024310	550200.000000
0.208333	-0.024327	550400.000000
0.312500	-0.023920	550600.000000
0.416667	-0.024409	550800.000000
0.520833	-0.024255	551000.000000
0.625000	-0.024304	551200.000000
0.729167	-0.024471	551400.000000
0.833333	-0.024394	551600.000000
0.937500	-0.024316	551800.000000
1.041667	-0.024152	552000.000000
1.145833	-0.024104	552200.000000
1.250000	-0.024197	552400.000000
1.354167	-0.024135	552600.000000
1.458333	-0.024279	552800.000000
1.562500	-0.024081	553000.000000
1.666667	-0.024181	553200.000000
1.770833	-0.024390	553400.000000
1.875000	-0.024479	553600.000000
1.979167	-0.024368	553800.000000
2.083333	-0.024419	554000.000000
2.187500	-0.024363	554200.000000
2.291667	-0.024445	554400.000000
2.395833	-0.024494	554600.000000
2.500000	-0.024409	554800.000000
2.604167	-0.024477	555000.000000
2.708333	-0.024329	555200.000000
2.812500	-0.024300	555400.000000
2.916667	-0.024465	555600.000000
3.020833	-0.024518	555800.000000
3.125000	-0.024346	556000.000000
3.229167	-0.024446	556200.000000
3.333333	-0.024344	556400.000000
3.437500	-0.024429	556600.000000
3.541667	-0.024350	556800.000000
3.645833	-0.024283	557000.000000
3.750000	-0.024274	557200.000000
3.854167	-0.024432	557400.000000
3.958333	-0.024518	557600.000000
4.062500	-0.024398	557800.000000
4.166667	-0.024543	558000.000000
4.270833	-0.024436	558200.000000
4.375000	-0.024470	558400.000000
4.479167	-0.024154	558600.000000
4.583333	-0.024337	558800.000000
4.687500	-0.024156	559000.000000
4.791667	-0.024396	559200.000000
4.895833	-0.024294	559400.000000
5.000000	-0.024229	559600.000000
5.104167	-0.024131	559800.000000
5.208333	-0.024199	560000.000000
5.312500	-0.024117	560200.000000
5.416667	-0.024153	560400.000000
5.520833	-0.024139	560600.000000
5.625000	-0.024369	560800.000000
5.729167	-0.024251	561000.000000
5.833333	-0.024169	561200.000000
5.937500	-0.024279	561400.000000
6.041667	-0.024293	561600.000000
6.145833	-0.024215	561800.000000
6.250000	-0.024231	562000.000000
6.354167	-0.024250	562200.000000
6.458333	-0.024272	562400.000000
6.562500	-0.024360	562600.000000
6.666667	-0.024304	562800.000000
6.770833	-0.024398	563000.000000
6.875000	-0.024311	563200.000000
6.979167	-0.024342	563400.000000
7.083333	-0.024446	563600.000000
7.187500	-0.024455	563800.000000
7.291667	-0.024234	564000.000000
7.395833	-0.024421	564200.000000
7.500000	-0.024381	564400.000000
7.604167	-0.024256	564600.000000
7.708333	-0.024008	564800.000000
7.812500	-0.024343	565000.000000
7.916667	-0.024067	565200.000000
8.020833	-0.024059	565400.000000
8.125000	-0.024167	565600.000000
8.229167	-0.024077	565800.000000
8.333333	-0.023998	566000.000000
8.437500	-0.024087	566200.000000
8.541667	-0.024118	566400.000000
8.645833	-0.024242	566600.000000
8.750000	-0.024123	566800.000000
8.854167	-0.023968	567000.000000
8.958333	-0.024144	567200.000000
9.062500	-0.024123	567400.000000
9.166667	-0.024173	567600.000000
9.270833	-0.024159	567800.000000
9.375000	-0.024140	568000.000000
9.479167	-0.024015	568200.000000
9.583333	-0.024092	568400.000000
9.687500	-0.024085	568600.000000
9.791667	-0.023982	568800.000000
9.895833	-0.023904	569000.000000
10.000000	-0.023828	569200.000000
10.104167	-0.023898	569400.000000
10.208333	-0.024042	569600.000000
10.312500	-0.023797	569800.000000
10.416667	-0.023865	570000.000000
10.520833	-0.023899	570200.000000
10.625000	-0.023898	570400.000000
10.729167	-0.023919	570600.000000
10.833333	-0.023831	570800.000000
10.937500	-0.023760	571000.000000
11.041667	-0.023761	571200.000000
11.145833	-0.024106	571400.000000
11.250000	-0.024019	571600.000000
11.354167	-0.023901	571800.000000
11.458333	-0.024000	572000.000000
11.562500	-0.023933	572200.000000
11.666667	-0.023936	572400.000000
11.770833	-0.023853	572600.000000
11.875000	-0.023976	572800.000000
11.979167	-0.024004	573000.000000
12.083333	-0.023880	573200.000000
12.187500	-0.024034	573400.000000
12.291667	-0.023805	573600.000000
12.395833	-0.023921	573800.000000
12.500000	-0.024087	574000.000000
12.604167	-0.024008	574200.000000
12.708333	-0.024039	574400.000000
12.812500	-0.023967	574600.000000
12.916667	-0.023999	574800.000000
13.020833	-0.024264	575000.000000
13.125000	-0.024220	575200.000000
13.229167	-0.024114	575400.000000
13.333333	-0.024014	575600.000000
13.437500	-0.024090	575800.000000
13.541667	-0.024208	576000.000000
13.645833	-0.024190	576200.000000
13.750000	-0.024083	576400.000000
13.854167	-0.024122	576600.000000
13.958333	-0.024085	576800.000000
14.062500	-0.024255	577000.000000
14.166667	-0.024002	577200.000000
14.270833	-0.024063	577400.000000
14.375000	-0.024044	577600.000000
14.479167	-0.024092	577800.000000
14.583333	-0.024008	578000.000000
14.687500	-0.024071	578200.000000
14.791667	-0.023814	578400.000000
14.895833	-0.023715	578600.000000
15.000000	-0.024010	578800.000000
15.104167	-0.023723	579000.000000
15.208333	-0.023918	579200.000000
15.312500	-0.023938	579400.000000
15.416667	-0.023930	579600.000000
15.520833	-0.023772	579800.000000
15.625000	-0.023960	580000.000000
15.729167	-0.023880	580200.000000
15.833333	-0.023853	580400.000000
15.937500	-0.024083	580600.000000
16.041667	-0.024225	580800.000000
16.145833	-0.024000	581000.000000
16.250000	-0.024027	581200.000000
16.354167	-0.024139	581400.000000
16.458333	-0.023973	581600.000000
16.562500	-0.024045	581800.000000
16.666667	-0.023839	582000.000000
16.770833	-0.024105	582200.000000
16.875000	-0.024048	582400.000000
16.979167	-0.023854	582600.000000
17.083333	-0.023776	582800.000000
17.187500	-0.023672	583000.000000
17.291667	-0.023863	583200.000000
17.395833	-0.023924	583400.000000
17.500000	-0.024050	583600.000000
17.604167	-0.023858	583800.000000
17.708333	-0.023939	584000.000000
17.812500	-0.023854	584200.000000
17.916667	-0.023861	584400.000000
18.020833	-0.023634	584600.000000
18.125000	-0.023659	584800.000000
18.229167	-0.023702	585000.000000
18.333333	-0.023655	585200.000000
18.437500	-0.023372	585400.000000
18.541667	-0.023500	585600.000000
18.645833	-0.023389	585800.000000
18.750000	-0.023478	586000.000000
18.854167	-0.023139	586200.000000
18.958333	-0.023118	586400.000000
19.062500	-0.023192	586600.000000
19.166667	-0.023171	586800.000000
19.270833	-0.022862	587000.000000
19.375000	-0.022882	587200.000000
19.479167	-0.022747	587400.000000
19.583333	-0.022631	587600.000000
19.687500	-0.022330	587800.000000
19.791667	-0.022303	588000.000000
19.895833	-0.022223	588200.000000
20.000000	-0.022043	588400.000000
20.104167	-0.021584	588600.000000
20.208333	-0.021426	588800.000000
20.312500	-0.021186	589000.000000
20.416667	-0.020959	589200.000000
20.520833	-0.020658	589400.000000
20.625000	-0.020421	589600.000000
20.729167	-0.019896	589800.000000
20.833333	-0.019559	590000.000000
20.937500	-0.019391	590200.000000
21.041667	-0.018817	590400.000000
21.145833	-0.018304	590600.000000
21.250000	-0.017680	590800.000000
21.354167	-0.017064	591000.000000
21.458333	-0.016180	591200.000000
21.562500	-0.015647	591400.000000
21.666667	-0.014484	591600.000000
21.770833	-0.013389	591800.000000
21.875000	-0.012053	592000.000000
21.979167	-0.010681	592200.000000
22.083333	-0.009052	592400.000000
22.187500	-0.007005	592600.000000
22.291667	-0.004977	592800.000000
22.395833	-0.002666	593000.000000
22.500000	0.000125	593200.000000
22.604167	0.003189	593400.000000
22.708333	0.006528	593600.000000
22.812500	0.010440	593800.000000
22.916667	0.014610	594000.000000
23.020833	0.019527	594200.000000
23.125000	0.024703	594400.000000
23.229167	0.030636	594600.000000
23.333333	0.037085	594800.000000
23.437500	0.043748	595000.000000
23.541667	0.051212	595200.000000
23.645833	0.058652	595400.000000
23.750000	0.066651	595600.000000
23.854167	0.074904	595800.000000
23.958333	0.083484	596000.000000
24.062500	0.091695	596200.000000
24.166667	0.097580	596400.000000
24.270833	0.095481	596600.000000
24.375000	0.073709	596800.000000
24.479167	0.014718	597000.000000
24.583333	-0.098953	597200.000000
24.687500	-0.268027	597400.000000
24.791667	-0.479481	597600.000000
24.895833	-0.698270	597800.000000
25.000000	-0.864451	598000.000000
25.104167	-0.926885	598200.000000
25.208333	-0.848691	598400.000000
25.312500	-0.645264	598600.000000
25.416667	-0.365933	598800.000000
25.520833	-0.103021	599000.000000
25.625000	0.101097	599200.000000
25.729167	0.227383	599400.000000
25.833333	0.291175	599600.000000
25.937500	0.307552	599800.000000
26.041667	0.290776	600000.000000
26.145833	0.253267	600200.000000
26.250000	0.211086	600400.000000
26.354167	0.173228	600600.000000
26.458333	0.146742	600800.000000
26.562500	0.135698	601000.000000
26.666667	0.136638	601200.000000
26.770833	0.141682	601400.000000
26.875000	0.138902	601600.000000
26.979167	0.119368	601800.000000
27.083333	0.085163	602000.000000
27.187500	0.049382	602200.000000
27.291667	0.025974	602400.000000
27.395833	0.020460	602600.000000
27.500000	0.024946	602800.000000
27.604167	0.029519	603000.000000
27.708333	0.030482	603200.000000
27.812500	0.027218	603400.000000
27.916667	0.020642	603600.000000
28.020833	0.011729	603800.000000
28.125000	0.002937	604000.000000
28.229167	-0.001736	604200.000000
28.333333	-0.000417	604400.000000
28.437500	0.007425	604600.000000
28.541667	0.017794	604800.000000
28.645833	0.023986	605000.000000
28.750000	0.020998	605200.000000
28.854167	0.009169	605400.000000
28.958333	-0.006101	605600.000000
29.062500	-0.016484	605800.000000
29.166667	-0.018301	606000.000000
29.270833	-0.015243	606200.000000
29.375000	-0.016558	606400.000000
29.479167	-0.025925	606600.000000
29.583333	-0.038290	606800.000000
29.687500	-0.046273	607000.000000
29.791667	-0.046704	607200.000000
29.895833	-0.041192	607400.000000
30.000000	-0.031635	607600.000000
30.104167	-0.021204	607800.000000
30.208333	-0.012431	608000.000000
30.312500	-0.006449	608200.000000
30.416667	-0.002724	608400.000000
30.520833	-0.003336	608600.000000
30.625000	-0.009848	608800.000000
30.729167	-0.021619	609000.000000
30.833333	-0.033030	609200.000000
30.937500	-0.041791	609400.000000
31.041667	-0.047416	609600.000000
31.145833	-0.049333	609800.000000
31.250000	-0.046793	610000.000000
31.354167	-0.041229	610200.000000
31.458333	-0.034746	610400.000000
31.562500	-0.029582	610600.000000
31.666667	-0.028280	610800.000000
31.770833	-0.030049	611000.000000
31.875000	-0.030889	611200.000000
31.979167	-0.029642	611400.000000
32.083333	-0.028337	611600.000000
32.187500	-0.028933	611800.000000
32.291667	-0.031703	612000.000000
32.395833	-0.036087	612200.000000
32.500000	-0.041544	612400.000000
32.604167	-0.046829	612600.000000
32.708333	-0.049781	612800.000000
32.812500	-0.050525	613000.000000
32.916667	-0.050070	613200.000000
33.020833	-0.049213	613400.000000
33.125000	-0.048754	613600.000000
33.229167	-0.049269	613800.000000
33.333333	-0.048908	614000.000000
33.437500	-0.046507	614200.000000
33.541667	-0.043646	614400.000000
33.645833	-0.041677	614600.000000
33.750000	-0.039198	614800.000000
33.854167	-0.033304	615000.000000
33.958333	-0.023043	615200.000000
34.062500	-0.010997	615400.000000
34.166667	-0.000902	615600.000000
34.270833	0.003738	615800.000000
34.375000	0.001713	616000.000000
34.479167	-0.007206	616200.000000
34.583333	-0.018354	616400.000000
34.687500	-0.026965	616600.000000
34.791667	-0.029207	616800.000000
34.895833	-0.026093	617000.000000
35.000000	-0.021318	617200.000000
35.104167	-0.016886	617400.000000
35.208333	-0.013609	617600.000000
35.312500	-0.011420	617800.000000
35.416667	-0.011368	618000.000000
35.520833	-0.012490	618200.000000
35.625000	-0.012919	618400.000000
35.729167	-0.012695	618600.000000
35.833333	-0.013397	618800.000000
35.937500	-0.014645	619000.000000
36.041667	-0.017100	619200.000000
36.145833	-0.021037	619400.000000
36.250000	-0.026671	619600.000000
36.354167	-0.033313	619800.000000
36.458333	-0.040179	620000.000000
36.562500	-0.045141	620200.000000
36.666667	-0.046156	620400.000000
36.770833	-0.042434	620600.000000
36.875000	-0.033857	620800.000000
36.979167	-0.023532	621000.000000
37.083333	-0.015698	621200.000000
37.187500	-0.014014	621400.000000
37.291667	-0.017856	621600.000000
37.395833	-0.024933	621800.000000
37.500000	-0.030462	622000.000000
37.604167	-0.029732	622200.000000
37.708333	-0.023555	622400.000000
37.812500	-0.016506	622600.000000
37.916667	-0.014517	622800.000000
38.020833	-0.019270	623000.000000
38.125000	-0.028564	623200.000000
38.229167	-0.038753	623400.000000
38.333333	-0.044656	623600.000000
38.437500	-0.045707	623800.000000
38.541667	-0.043583	624000.000000
38.645833	-0.041050	624200.000000
38.750000	-0.038871	624400.000000
38.854167	-0.036966	624600.000000
38.958333	-0.036215	624800.000000
39.062500	-0.037592	625000.000000
39.166667	-0.039621	625200.000000
39.270833	-0.039024	625400.000000
39.375000	-0.033569	625600.000000
39.479167	-0.024324	625800.000000
39.583333	-0.016384	626000.000000
39.687500	-0.014825	626200.000000
39.791667	-0.021759	626400.000000
39.895833	-0.033735	626600.000000
40.000000	-0.044173	626800.000000
40.104167	-0.049879	627000.000000
40.208333	-0.051611	627200.000000
40.312500	-0.049581	627400.000000
40.416667	-0.042869	627600.000000
40.520833	-0.033044	627800.000000
40.625000	-0.025184	628000.000000
40.729167	-0.022583	628200.000000
40.833333	-0.024750	628400.000000
40.937500	-0.027523	628600.000000
41.041667	-0.026233	628800.000000
41.145833	-0.018682	629000.000000
41.250000	-0.008395	629200.000000
41.354167	-0.001955	629400.000000
41.458333	-0.005924	629600.000000
41.562500	-0.019419	629800.000000
41.666667	-0.036212	630000.000000
41.770833	-0.047943	630200.000000
41.875000	-0.051196	630400.000000
41.979167	-0.047240	630600.000000
42.083333	-0.038289	630800.000000
42.187500	-0.026968	631000.000000
42.291667	-0.018346	631200.000000
42.395833	-0.015380	631400.000000
42.500000	-0.018251	631600.000000
42.604167	-0.022836	631800.000000
42.708333	-0.026026	632000.000000
42.812500	-0.026073	632200.000000
42.916667	-0.022706	632400.000000
43.020833	-0.016358	632600.000000
43.125000	-0.009567	632800.000000
43.229167	-0.005816	633000.000000
43.333333	-0.007671	633200.000000
43.437500	-0.014777	633400.000000
43.541667	-0.024401	633600.000000
43.645833	-0.031571	633800.000000
43.750000	-0.034924	634000.000000
43.854167	-0.034519	634200.000000
43.958333	-0.031912	634400.000000
44.062500	-0.028612	634600.000000
44.166667	-0.025526	634800.000000
44.270833	-0.023041	635000.000000
44.375000	-0.021777	635200.000000
44.479167	-0.020933	635400.000000
44.583333	-0.018545	635600.000000
44.687500	-0.013429	635800.000000
44.791667	-0.006672	636000.000000
44.895833	-0.000890	636200.000000
45.000000	-0.000154	636400.000000
45.104167	-0.006014	636600.000000
45.208333	-0.015040	636800.000000
45.312500	-0.023384	637000.000000
45.416667	-0.028596	637200.000000
45.520833	-0.031097	637400.000000
45.625000	-0.032284	637600.000000
45.729167	-0.032427	637800.000000
45.833333	-0.031066	638000.000000
45.937500	-0.028160	638200.000000
46.041667	-0.024269	638400.000000
46.145833	-0.019268	638600.000000
46.250000	-0.013548	638800.000000
46.354167	-0.008325	639000.000000
46.458333	-0.005303	639200.000000
46.562500	-0.005788	639400.000000
46.666667	-0.009153	639600.000000
46.770833	-0.014080	639800.000000
46.875000	-0.018576	640000.000000
46.979167	-0.021917	640200.000000
47.083333	-0.024491	640400.000000
47.187500	-0.026754	640600.000000
47.291667	-0.028645	640800.000000
47.395833	-0.029550	641000.000000
47.500000	-0.028857	641200.000000
47.604167	-0.027017	641400.000000
47.708333	-0.024914	641600.000000
47.812500	-0.024133	641800.000000
47.916667	-0.024240	642000.000000
48.020833	-0.023140	642200.000000
48.125000	-0.020771	642400.000000
48.229167	-0.018108	642600.000000
48.333333	-0.016618	642800.000000
48.437500	-0.016575	643000.000000
48.541667	-0.018154	643200.000000
48.645833	-0.020895	643400.000000
48.750000	-0.022779	643600.000000
48.854167	-0.023009	643800.000000
48.958333	-0.022744	644000.000000
49.062500	-0.023314	644200.000000
49.166667	-0.025609	644400.000000
49.270833	-0.029088	644600.000000
49.375000	-0.032513	644800.000000
49.479167	-0.034360	645000.000000
49.583333	-0.033520	645200.000000
49.687500	-0.029984	645400.000000
49.791667	-0.024962	645600.000000
49.895833	-0.019706	645800.000000
50.000000	-0.015250	646000.000000
50.104167	-0.012617	646200.000000
50.208333	-0.012444	646400.000000
50.312500	-0.014649	646600.000000
50.416667	-0.017551	646800.000000
50.520833	-0.018636	647000.000000
50.625000	-0.019557	647200.000000
50.729167	-0.022982	647400.000000
50.833333	-0.029841	647600.000000
50.937500	-0.037079	647800.000000
51.041667	-0.040022	648000.000000
51.145833	-0.038055	648200.000000
51.250000	-0.032825	648400.000000
51.354167	-0.027250	648600.000000
51.458333	-0.021495	648800.000000
51.562500	-0.016509	649000.000000
51.666667	-0.013384	649200.000000
51.770833	-0.012844	649400.000000
51.875000	-0.014666	649600.000000
51.979167	-0.018228	649800.000000
52.083333	-0.021997	650000.000000
52.187500	-0.024711	650200.000000
52.291667	-0.024921	650400.000000
52.395833	-0.023423	650600.000000
52.500000	-0.022562	650800.000000
52.604167	-0.024308	651000.000000
52.708333	-0.028028	651200.000000
52.812500	-0.031898	651400.000000
52.916667	-0.034054	651600.000000
53.020833	-0.033287	651800.000000
53.125000	-0.030253	652000.000000
53.229167	-0.025523	652200.000000
53.333333	-0.020844	652400.000000
53.437500	-0.018159	652600.000000
53.541667	-0.019436	652800.000000
53.645833	-0.023293	653000.000000
53.750000	-0.026878	653200.000000
53.854167	-0.027959	653400.000000
53.958333	-0.025678	653600.000000
54.062500	-0.022289	653800.000000
54.166667	-0.019875	654000.000000
54.270833	-0.020002	654200.000000
54.375000	-0.023327	654400.000000
54.479167	-0.029076	654600.000000
54.583333	-0.034244	654800.000000
54.687500	-0.037770	655000.000000
54.791667	-0.038557	655200.000000
54.895833	-0.036651	655400.000000
55.000000	-0.032279	655600.000000
55.104167	-0.027187	655800.000000
55.208333	-0.022072	656000.000000
55.312500	-0.018508	656200.000000
55.416667	-0.016423	656400.000000
55.520833	-0.014938	656600.000000
55.625000	-0.014722	656800.000000
55.729167	-0.016266	657000.000000
55.833333	-0.019264	657200.000000
55.937500	-0.022521	657400.000000
56.041667	-0.025531	657600.000000
56.145833	-0.028673	657800.000000
56.250000	-0.031901	658000.000000
56.354167	-0.034725	658200.000000
56.458333	-0.035725	658400.000000
56.562500	-0.034356	658600.000000
56.666667	-0.031116	658800.000000
56.770833	-0.026660	659000.000000
56.875000	-0.021900	659200.000000
56.979167	-0.018787	659400.000000
57.083333	-0.017729	659600.000000
57.187500	-0.017930	659800.000000
57.291667	-0.018499	660000.000000
57.395833	-0.018963	660200.000000
57.500000	-0.019757	660400.000000
57.604167	-0.021469	660600.000000
57.708333	-0.023506	660800.000000
57.812500	-0.024988	661000.000000
57.916667	-0.026173	661200.000000
58.020833	-0.027380	661400.000000
58.125000	-0.027862	661600.000000
58.229167	-0.027087	661800.000000
58.333333	-0.025221	662000.000000
58.437500	-0.024047	662200.000000
58.541667	-0.024198	662400.000000
58.645833	-0.025624	662600.000000
58.750000	-0.024910	662800.000000
58.854167	-0.022191	663000.000000
58.958333	-0.018934	663200.000000
59.062500	-0.017327	663400.000000
59.166667	-0.017424	663600.000000
59.270833	-0.018204	663800.000000
59.375000	-0.018165	664000.000000
59.479167	-0.018032	664200.000000
59.583333	-0.018335	664400.000000
59.687500	-0.019233	664600.000000
59.791667	-0.021481	664800.000000
59.895833	-0.025270	665000.000000
60.000000	-0.028987	665200.000000
60.104167	-0.031670	665400.000000
60.208333	-0.032183	665600.000000
60.312500	-0.030319	665800.000000
60.416667	-0.026500	666000.000000
60.520833	-0.021438	666200.000000
60.625000	-0.016166	666400.000000
60.729167	-0.012904	666600.000000
60.833333	-0.012150	666800.000000
60.937500	-0.013359	667000.000000
61.041667	-0.015537	667200.000000
61.145833	-0.018038	667400.000000
61.250000	-0.019499	667600.000000
61.354167	-0.020995	667800.000000
61.458333	-0.023079	668000.000000
61.562500	-0.025491	668200.000000
61.666667	-0.028519	668400.000000
61.770833	-0.029912	668600.000000
61.875000	-0.029692	668800.000000
61.979167	-0.028385	669000.000000
62.083333	-0.026648	669200.000000
62.187500	-0.024287	669400.000000
62.291667	-0.020907	669600.000000
62.395833	-0.016801	669800.000000
62.500000	-0.014401	670000.000000
62.604167	-0.014413	670200.000000
62.708333	-0.017122	670400.000000
62.812500	-0.021142	670600.000000
62.916667	-0.024583	670800.000000
63.020833	-0.026043	671000.000000
63.125000	-0.025366	671200.000000
63.229167	-0.023795	671400.000000
63.333333	-0.023667	671600.000000
63.437500	-0.024098	671800.000000
63.541667	-0.025206	672000.000000
63.645833	-0.026328	672200.000000
63.750000	-0.027268	672400.000000
63.854167	-0.028298	672600.000000
63.958333	-0.028989	672800.000000
64.062500	-0.028845	673000.000000
64.166667	-0.027754	673200.000000
64.270833	-0.025612	673400.000000
64.375000	-0.023281	673600.000000
64.479167	-0.021235	673800.000000
64.583333	-0.020404	674000.000000
64.687500	-0.020021	674200.000000
64.791667	-0.021269	674400.000000
64.895833	-0.023974	674600.000000
65.000000	-0.026889	674800.000000
65.104167	-0.028741	675000.000000
65.208333	-0.029935	675200.000000
65.312500	-0.030757	675400.000000
65.416667	-0.031387	675600.000000
65.520833	-0.031840	675800.000000
65.625000	-0.031770	676000.000000
65.729167	-0.031589	676200.000000
65.833333	-0.030920	676400.000000
65.937500	-0.029353	676600.000000
66.041667	-0.025731	676800.000000
66.145833	-0.021415	677000.000000
66.250000	-0.018926	677200.000000
66.354167	-0.019515	677400.000000
66.458333	-0.023048	677600.000000
66.562500	-0.027804	677800.000000
66.666667	-0.031807	678000.000000
66.770833	-0.034515	678200.000000
66.875000	-0.035241	678400.000000
66.979167	-0.035201	678600.000000
67.083333	-0.034225	678800.000000
67.187500	-0.032570	679000.000000
67.291667	-0.030664	679200.000000
67.395833	-0.028726	679400.000000
67.500000	-0.027587	679600.000000
67.604167	-0.026615	679800.000000
67.708333	-0.024917	680000.000000
67.812500	-0.022162	680200.000000
67.916667	-0.019316	680400.000000
68.020833	-0.017873	680600.000000
68.125000	-0.018469	680800.000000
68.229167	-0.020213	681000.000000
68.333333	-0.022563	681200.000000
68.437500	-0.024152	681400.000000
68.541667	-0.024108	681600.000000
68.645833	-0.022457	681800.000000
68.750000	-0.020062	682000.000000
68.854167	-0.018814	682200.000000
68.958333	-0.019452	682400.000000
69.062500	-0.022125	682600.000000
69.166667	-0.025934	682800.000000
69.270833	-0.028800	683000.000000
69.375000	-0.028877	683200.000000
69.479167	-0.025915	683400.000000
69.583333	-0.021302	683600.000000
69.687500	-0.017062	683800.000000
69.791667	-0.015077	684000.000000
69.895833	-0.016028	684200.000000
70.000000	-0.018973	684400.000000
70.104167	-0.021888	684600.000000
70.208333	-0.024046	684800.000000
70.312500	-0.024419	685000.000000
70.416667	-0.023948	685200.000000
70.520833	-0.023858	685400.000000
70.625000	-0.025633	685600.000000
70.729167	-0.028736	685800.000000
70.833333	-0.032179	686000.000000
70.937500	-0.034997	686200.000000
71.041667	-0.034969	686400.000000
71.145833	-0.032660	686600.000000
71.250000	-0.028508	686800.000000
71.354167	-0.024192	687000.000000
71.458333	-0.021008	687200.000000
71.562500	-0.019633	687400.000000
71.666667	-0.020718	687600.000000
71.770833	-0.023847	687800.000000
71.875000	-0.027645	688000.000000
71.979167	-0.031583	688200.000000
72.083333	-0.034834	688400.000000
72.187500	-0.037281	688600.000000
72.291667	-0.038597	688800.000000
72.395833	-0.038813	689000.000000
72.500000	-0.038752	689200.000000
72.604167	-0.038695	689400.000000
72.708333	-0.038411	689600.000000
72.812500	-0.037508	689800.000000
72.916667	-0.035974	690000.000000
73.020833	-0.033796	690200.000000
73.125000	-0.031370	690400.000000
73.229167	-0.029182	690600.000000
73.333333	-0.027241	690800.000000
73.437500	-0.025755	691000.000000
73.541667	-0.024228	691200.000000
73.645833	-0.022381	691400.000000
73.750000	-0.020307	691600.000000
73.854167	-0.018669	691800.000000
73.958333	-0.017911	692000.000000
74.062500	-0.017268	692200.000000
74.166667	-0.016624	692400.000000
74.270833	-0.015432	692600.000000
74.375000	-0.014003	692800.000000
74.479167	-0.012262	693000.000000
74.583333	-0.011389	693200.000000
74.687500	-0.011415	693400.000000
74.791667	-0.012814	693600.000000
74.895833	-0.014095	693800.000000
75.000000	-0.014395	694000.000000
75.104167	-0.013797	694200.000000
75.208333	-0.012593	694400.000000
75.312500	-0.011626	694600.000000
75.416667	-0.011266	694800.000000
75.520833	-0.012366	695000.000000
75.625000	-0.015682	695200.000000
75.729167	-0.020053	695400.000000
75.833333	-0.024546	695600.000000
75.937500	-0.027991	695800.000000
76.041667	-0.030419	696000.000000
76.145833	-0.031093	696200.000000
76.250000	-0.031332	696400.000000
76.354167	-0.031664	696600.000000
76.458333	-0.031458	696800.000000
76.562500	-0.030579	697000.000000
76.666667	-0.028655	697200.000000
76.770833	-0.026004	697400.000000
76.875000	-0.022967	697600.000000
76.979167	-0.020733	697800.000000
77.083333	-0.019536	698000.000000
77.187500	-0.020205	698200.000000
77.291667	-0.022559	698400.000000
77.395833	-0.025522	698600.000000
77.500000	-0.027468	698800.000000
77.604167	-0.028122	699000.000000
77.708333	-0.027113	699200.000000
77.812500	-0.025589	699400.000000
77.916667	-0.023701	699600.000000
78.020833	-0.022285	699800.000000
78.125000	-0.022001	700000.000000
78.229167	-0.023014	700200.000000
78.333333	-0.024223	700400.000000
78.437500	-0.024622	700600.000000
78.541667	-0.024332	700800.000000
78.645833	-0.023052	701000.000000
78.750000	-0.021518	701200.000000
78.854167	-0.021659	701400.000000
78.958333	-0.023305	701600.000000
79.062500	-0.025922	701800.000000
79.166667	-0.028230	702000.000000
79.270833	-0.028934	702200.000000
79.375000	-0.027504	702400.000000
79.479167	-0.024827	702600.000000
79.583333	-0.022576	702800.000000
79.687500	-0.021504	703000.000000
79.791667	-0.022553	703200.000000
79.895833	-0.024474	703400.000000
80.000000	-0.026305	703600.000000
80.104167	-0.027128	703800.000000
80.208333	-0.026516	704000.000000
80.312500	-0.024500	704200.000000
80.416667	-0.021293	704400.000000
80.520833	-0.017522	704600.000000
80.625000	-0.014744	704800.000000
80.729167	-0.013574	705000.000000
80.833333	-0.014295	705200.000000
80.937500	-0.016435	705400.000000
81.041667	-0.019105	705600.000000
81.145833	-0.021376	705800.000000
81.250000	-0.023002	706000.000000
81.354167	-0.023966	706200.000000
81.458333	-0.024778	706400.000000
81.562500	-0.024378	706600.000000
81.666667	-0.023266	706800.000000
81.770833	-0.021670	707000.000000
81.875000	-0.019868	707200.000000
81.979167	-0.018700	707400.000000
82.083333	-0.017638	707600.000000
82.187500	-0.016142	707800.000000
82.291667	-0.014630	708000.000000
82.395833	-0.013127	708200.000000
82.500000	-0.012893	708400.000000
82.604167	-0.014209	708600.000000
82.708333	-0.016509	708800.000000
82.812500	-0.018499	709000.000000
82.916667	-0.020259	709200.000000
83.020833	-0.021661	709400.000000
83.125000	-0.022258	709600.000000
83.229167	-0.022578	709800.000000
83.333333	-0.021742	710000.000000
83.437500	-0.020576	710200.000000
83.541667	-0.019771	710400.000000
83.645833	-0.019675	710600.000000
83.750000	-0.020013	710800.000000
83.854167	-0.020835	711000.000000
83.958333	-0.020902	711200.000000
84.062500	-0.020996	711400.000000
84.166667	-0.020933	711600.000000
84.270833	-0.020653	711800.000000
84.375000	-0.020220	712000.000000
84.479167	-0.020543	712200.000000
84.583333	-0.021276	712400.000000
84.687500	-0.022530	712600.000000
84.791667	-0.023796	712800.000000
84.895833	-0.024563	713000.000000
85.000000	-0.025055	713200.000000
85.104167	-0.025721	713400.000000
85.208333	-0.026309	713600.000000
85.312500	-0.027305	713800.000000
85.416667	-0.028297	714000.000000
85.520833	-0.028744	714200.000000
85.625000	-0.027886	714400.000000
85.729167	-0.025776	714600.000000
85.833333	-0.023506	714800.000000
85.937500	-0.021413	715000.000000
86.041667	-0.020453	715200.000000
86.145833	-0.021234	715400.000000
86.250000	-0.023072	715600.000000
86.354167	-0.025574	715800.000000
86.458333	-0.028380	716000.000000
86.562500	-0.029986	716200.000000
86.666667	-0.030813	716400.000000
86.770833	-0.030521	716600.000000
86.875000	-0.029935	716800.000000
86.979167	-0.029593	717000.000000
87.083333	-0.030160	717200.000000
87.187500	-0.030339	717400.000000
87.291667	-0.029792	717600.000000
87.395833	-0.028697	717800.000000
87.500000	-0.027113	718000.000000
87.604167	-0.024970	718200.000000
87.708333	-0.023850	718400.000000
87.812500	-0.023630	718600.000000
87.916667	-0.024697	718800.000000
88.020833	-0.026574	719000.000000
88.125000	-0.028842	719200.000000
88.229167	-0.030449	719400.000000
88.333333	-0.031597	719600.000000
88.437500	-0.031264	719800.000000
88.541667	-0.030130	720000.000000
88.645833	-0.028483	720200.000000
88.750000	-0.027277	720400.000000
88.854167	-0.027145	720600.000000
88.958333	-0.027620	720800.000000
89.062500	-0.028261	721000.000000
89.166667	-0.028002	721200.000000
89.270833	-0.026990	721400.000000
89.375000	-0.025493	721600.000000
89.479167	-0.024511	721800.000000
89.583333	-0.023808	722000.000000
89.687500	-0.023263	722200.000000
89.791667	-0.022707	722400.000000
89.895833	-0.023352	722600.000000
90.000000	-0.023899	722800.000000
90.104167	-0.024475	723000.000000
90.208333	-0.025536	723200.000000
90.312500	-0.026520	723400.000000
90.416667	-0.027648	723600.000000
90.520833	-0.028355	723800.000000
90.625000	-0.028679	724000.000000
90.729167	-0.028322	724200.000000
90.833333	-0.027899	724400.000000
90.937500	-0.027118	724600.000000
91.041667	-0.025865	724800.000000
91.145833	-0.024264	725000.000000
91.250000	-0.023214	725200.000000
91.354167	-0.022391	725400.000000
91.458333	-0.021903	725600.000000
91.562500	-0.021987	725800.000000
91.666667	-0.022310	726000.000000
91.770833	-0.023393	726200.000000
91.875000	-0.025146	726400.000000
91.979167	-0.026996	726600.000000
92.083333	-0.028891	726800.000000
92.187500	-0.029741	727000.000000
92.291667	-0.029381	727200.000000
92.395833	-0.028615	727400.000000
92.500000	-0.027537	727600.000000
92.604167	-0.025988	727800.000000
92.708333	-0.024637	728000.000000
92.812500	-0.022965	728200.000000
92.916667	-0.021667	728400.000000
93.020833	-0.021388	728600.000000
93.125000	-0.021603	728800.000000
93.229167	-0.022062	729000.000000
93.333333	-0.022747	729200.000000
93.437500	-0.023279	729400.000000
93.541667	-0.023776	729600.000000
93.645833	-0.023589	729800.000000
93.750000	-0.023817	730000.000000
93.854167	-0.023773	730200.000000
93.958333	-0.023596	730400.000000
94.062500	-0.023272	730600.000000
94.166667	-0.023052	730800.000000
94.270833	-0.022936	731000.000000
94.375000	-0.023214	731200.000000
94.479167	-0.023177	731400.000000
94.583333	-0.022969	731600.000000
94.687500	-0.022865	731800.000000
94.791667	-0.022746	732000.000000
94.895833	-0.022431	732200.000000
95.000000	-0.022060	732400.000000
95.104167	-0.021465	732600.000000
95.208333	-0.021766	732800.000000
95.312500	-0.022788	733000.000000
95.416667	-0.024129	733200.000000
95.520833	-0.025422	733400.000000
95.625000	-0.026390	733600.000000
95.729167	-0.026740	733800.000000
95.833333	-0.026620	734000.000000
95.937500	-0.026392	734200.000000
96.041667	-0.026086	734400.000000
96.145833	-0.025840	734600.000000
96.250000	-0.025408	734800.000000
96.354167	-0.024342	735000.000000
96.458333	-0.022982	735200.000000
96.562500	-0.021737	735400.000000
96.666667	-0.020430	735600.000000
96.770833	-0.019322	735800.000000
96.875000	-0.018961	736000.000000
96.979167	-0.019511	736200.000000
97.083333	-0.021463	736400.000000
97.187500	-0.023994	736600.000000
97.291667	-0.026396	736800.000000
97.395833	-0.028039	737000.000000
97.500000	-0.028845	737200.000000
97.604167	-0.028509	737400.000000
97.708333	-0.027483	737600.000000
97.812500	-0.026407	737800.000000
97.916667	-0.024566	738000.000000
98.020833	-0.023381	738200.000000
98.125000	-0.022584	738400.000000
98.229167	-0.022119	738600.000000
98.333333	-0.022008	738800.000000
98.437500	-0.021890	739000.000000
98.541667	-0.021167	739200.000000
98.645833	-0.020644	739400.000000
98.750000	-0.020224	739600.000000
98.854167	-0.020594	739800.000000
98.958333	-0.021476	740000.000000
99.062500	-0.022742	740200.000000
99.166667	-0.023534	740400.000000
99.270833	-0.024195	740600.000000
99.375000	-0.024617	740800.000000
99.479167	-0.024987	741000.000000
99.583333	-0.025106	741200.000000
99.687500	-0.025654	741400.000000
99.791667	-0.026205	741600.000000
99.895833	-0.026343	741800.000000
100.000000	-0.026427	742000.000000
100.104167	-0.026121	742200.000000
100.208333	-0.025185	742400.000000
100.312500	-0.024066	742600.000000
100.416667	-0.023104	742800.000000
100.520833	-0.021828	743000.000000
100.625000	-0.021799	743200.000000
100.729167	-0.022106	743400.000000
100.833333	-0.023062	743600.000000
100.937500	-0.023906	743800.000000
101.041667	-0.024410	744000.000000
101.145833	-0.024834	744200.000000
101.250000	-0.025355	744400.000000
101.354167	-0.025946	744600.000000
101.458333	-0.026621	744800.000000
101.562500	-0.026835	745000.000000
101.666667	-0.026381	745200.000000
101.770833	-0.025423	745400.000000
101.875000	-0.023912	745600.000000
101.979167	-0.022283	745800.000000
102.083333	-0.021104	746000.000000
102.187500	-0.020741	746200.000000
102.291667	-0.021113	746400.000000
102.395833	-0.022183	746600.000000
102.500000	-0.023655	746800.000000
102.604167	-0.024938	747000.000000
102.708333	-0.025527	747200.000000
102.812500	-0.025648	747400.000000
102.916667	-0.025418	747600.000000
103.020833	-0.024914	747800.000000
103.125000	-0.024781	748000.000000
103.229167	-0.025092	748200.000000
103.333333	-0.025376	748400.000000
103.437500	-0.025474	748600.000000
103.541667	-0.025079	748800.000000
103.645833	-0.024290	749000.000000
103.750000	-0.024258	749200.000000
103.854167	-0.024013	749400.000000
103.958333	-0.023927	749600.000000
104.062500	-0.024520	749800.000000
104.166667	-0.025311	750000.000000
104.270833	-0.025723	750200.000000
104.375000	-0.025640	750400.000000
104.479167	-0.025685	750600.000000
104.583333	-0.025266	750800.000000
104.687500	-0.025125	751000.000000
104.791667	-0.024959	751200.000000
104.895833	-0.024814	751400.000000
105.000000	-0.024901	751600.000000
105.104167	-0.025316	751800.000000
105.208333	-0.025582	752000.000000
105.312500	-0.025436	752200.000000
105.416667	-0.024888	752400.000000
105.520833	-0.023812	752600.000000
105.625000	-0.022509	752800.000000
105.729167	-0.021372	753000.000000
105.833333	-0.020795	753200.000000
105.937500	-0.020119	753400.000000
106.041667	-0.019966	753600.000000
106.145833	-0.020256	753800.000000
106.250000	-0.020859	754000.000000
106.354167	-0.022097	754200.000000
106.458333	-0.023019	754400.000000
106.562500	-0.023546	754600.000000
106.666667	-0.023679	754800.000000
106.770833	-0.023245	755000.000000
106.875000	-0.022831	755200.000000
106.979167	-0.022289	755400.000000
107.083333	-0.021733	755600.000000
107.187500	-0.021353	755800.000000
107.291667	-0.020841	756000.000000
107.395833	-0.020410	756200.000000
107.500000	-0.020309	756400.000000
107.604167	-0.020648	756600.000000
107.708333	-0.021092	756800.000000
107.812500	-0.021863	757000.000000
107.916667	-0.022816	757200.000000
108.020833	-0.023679	757400.000000
108.125000	-0.024840	757600.000000
108.229167	-0.025561	757800.000000
108.333333	-0.025500	758000.000000
108.437500	-0.024735	758200.000000
108.541667	-0.023732	758400.000000
108.645833	-0.023035	758600.000000
108.750000	-0.022227	758800.000000
108.854167	-0.021744	759000.000000
108.958333	-0.021160	759200.000000
109.062500	-0.020590	759400.000000
109.166667	-0.020419	759600.000000
109.270833	-0.020000	759800.000000
109.375000	-0.020124	760000.000000
109.479167	-0.020557	760200.000000
109.583333	-0.021547	760400.000000
109.687500	-0.022314	760600.000000
109.791667	-0.023270	760800.000000
109.895833	-0.023808	761000.000000
110.000000	-0.023676	761200.000000
110.104167	-0.024058	761400.000000
110.208333	-0.024150	761600.000000
110.312500	-0.024660	761800.000000
110.416667	-0.025310	762000.000000
110.520833	-0.026229	762200.000000
110.625000	-0.026567	762400.000000
110.729167	-0.026609	762600.000000
110.833333	-0.025564	762800.000000
110.937500	-0.023812	763000.000000
111.041667	-0.022426	763200.000000
111.145833	-0.021851	763400.000000
111.250000	-0.021647	763600.000000
111.354167	-0.022081	763800.000000
111.458333	-0.023083	764000.000000
111.562500	-0.024164	764200.000000
111.666667	-0.024733	764400.000000
111.770833	-0.024523	764600.000000
111.875000	-0.023923	764800.000000
111.979167	-0.023406	765000.000000
112.083333	-0.023166	765200.000000
112.187500	-0.023036	765400.000000
112.291667	-0.022873	765600.000000
112.395833	-0.022645	765800.000000
112.500000	-0.021680	766000.000000
112.604167	-0.020634	766200.000000
112.708333	-0.019587	766400.000000
112.812500	-0.019176	766600.000000
112.916667	-0.019406	766800.000000
113.020833	-0.020276	767000.000000
113.125000	-0.021313	767200.000000
113.229167	-0.022715	767400.000000
113.333333	-0.023784	767600.000000
113.437500	-0.024274	767800.000000
113.541667	-0.024404	768000.000000
113.645833	-0.024139	768200.000000
113.750000	-0.023663	768400.000000
113.854167	-0.023537	768600.000000
113.958333	-0.023706	768800.000000
114.062500	-0.024088	769000.000000
114.166667	-0.024101	769200.000000
114.270833	-0.024335	769400.000000
114.375000	-0.024193	769600.000000
114.479167	-0.024122	769800.000000
114.583333	-0.024423	770000.000000
114.687500	-0.024454	770200.000000
114.791667	-0.024284	770400.000000
114.895833	-0.024286	770600.000000
115.000000	-0.024262	770800.000000
115.104167	-0.024458	771000.000000
115.208333	-0.024759	771200.000000
115.312500	-0.025731	771400.000000
115.416667	-0.026573	771600.000000
115.520833	-0.027691	771800.000000
115.625000	-0.028992	772000.000000
115.729167	-0.030381	772200.000000
115.833333	-0.031743	772400.000000
115.937500	-0.032895	772600.000000
116.041667	-0.033901	772800.000000
116.145833	-0.034852	773000.000000
116.250000	-0.035300	773200.000000
116.354167	-0.035227	773400.000000
116.458333	-0.035311	773600.000000
116.562500	-0.034840	773800.000000
116.666667	-0.034189	774000.000000
116.770833	-0.033781	774200.000000
116.875000	-0.033438	774400.000000
116.979167	-0.033472	774600.000000
117.083333	-0.033562	774800.000000
117.187500	-0.032794	775000.000000
117.291667	-0.031934	775200.000000
117.395833	-0.030435	775400.000000
117.500000	-0.028123	775600.000000
117.604167	-0.025827	775800.000000
117.708333	-0.023343	776000.000000
117.812500	-0.020875	776200.000000
117.916667	-0.018496	776400.000000
118.020833	-0.016587	776600.000000
118.125000	-0.014991	776800.000000
118.229167	-0.014406	777000.000000
118.333333	-0.014747	777200.000000
118.437500	-0.015653	777400.000000
118.541667	-0.017602	777600.000000
118.645833	-0.020122	777800.000000
118.750000	-0.022781	778000.000000
118.854167	-0.024863	778200.000000
118.958333	-0.026472	778400.000000
119.062500	-0.027147	778600.000000
119.166667	-0.027315	778800.000000
119.270833	-0.027225	779000.000000
119.375000	-0.027433	779200.000000
119.479167	-0.028208	779400.000000
119.583333	-0.029212	779600.000000
119.687500	-0.029926	779800.000000
119.791667	-0.029761	780000.000000
119.895833	-0.029280	780200.000000
120.000000	-0.028244	780400.000000
120.104167	-0.027026	780600.000000
120.208333	-0.026063	780800.000000
120.312500	-0.025499	781000.000000
120.416667	-0.025321	781200.000000
120.520833	-0.025373	781400.000000
120.625000	-0.025381	781600.000000
120.729167	-0.025433	781800.000000
120.833333	-0.025433	782000.000000
120.937500	-0.025109	782200.000000
121.041667	-0.025054	782400.000000
121.145833	-0.025276	782600.000000
121.250000	-0.025700	782800.000000
121.354167	-0.025732	783000.000000
121.458333	-0.025427	783200.000000
121.562500	-0.024169	783400.000000
121.666667	-0.022252	783600.000000
121.770833	-0.020372	783800.000000
121.875000	-0.018800	784000.000000
121.979167	-0.017980	784200.000000
122.083333	-0.018537	784400.000000
122.187500	-0.019513	784600.000000
122.291667	-0.019991	784800.000000
122.395833	-0.021214	785000.000000
122.500000	-0.022240	785200.000000
122.604167	-0.023352	785400.000000
122.708333	-0.024314	785600.000000
122.812500	-0.024813	785800.000000
122.916667	-0.024772	786000.000000
123.020833	-0.024551	786200.000000
123.125000	-0.023656	786400.000000
123.229167	-0.022512	786600.000000
123.333333	-0.021921	786800.000000
123.437500	-0.021168	787000.000000
123.541667	-0.020724	787200.000000
123.645833	-0.020429	787400.000000
123.750000	-0.020370	787600.000000
123.854167	-0.019944	787800.000000
123.958333	-0.019908	788000.000000
124.062500	-0.020011	788200.000000
124.166667	-0.020308	788400.000000
124.270833	-0.020814	788600.000000
124.375000	-0.021545	788800.000000
124.479167	-0.022342	789000.000000
124.583333	-0.023206	789200.000000
124.687500	-0.023578	789400.000000
124.791667	-0.023874	789600.000000
124.895833	-0.024042	789800.000000
125.000000	-0.024006	790000.000000
125.104167	-0.024141	790200.000000
125.208333	-0.024262	790400.000000
125.312500	-0.024239	790600.000000
125.416667	-0.023868	790800.000000
125.520833	-0.023081	791000.000000
125.625000	-0.022664	791200.000000
125.729167	-0.022440	791400.000000
125.833333	-0.022616	791600.000000
125.937500	-0.023266	791800.000000
126.041667	-0.024210	792000.000000
126.145833	-0.025426	792200.000000
126.250000	-0.026710	792400.000000
126.354167	-0.027599	792600.000000
126.458333	-0.027979	792800.000000
126.562500	-0.028272	793000.000000
126.666667	-0.028091	793200.000000
126.770833	-0.027985	793400.000000
126.875000	-0.027359	793600.000000
126.979167	-0.026595	793800.000000
127.083333	-0.025984	794000.000000
127.187500	-0.025166	794200.000000
127.291667	-0.024198	794400.000000
127.395833	-0.023418	794600.000000
127.500000	-0.023077	794800.000000
127.604167	-0.023302	795000.000000
127.708333	-0.023704	795200.000000
127.812500	-0.024418	795400.000000
127.916667	-0.024974	795600.000000
128.020833	-0.024784	795800.000000
128.125000	-0.024411	796000.000000
128.229167	-0.023495	796200.000000
128.333333	-0.022812	796400.000000
128.437500	-0.022501	796600.000000
128.541667	-0.022652	796800.000000
128.645833	-0.022785	797000.000000
128.750000	-0.023003	797200.000000
128.854167	-0.023115	797400.000000
128.958333	-0.023209	797600.000000
129.062500	-0.023380	797800.000000
129.166667	-0.023695	798000.000000
129.270833	-0.024348	798200.000000
129.375000	-0.025508	798400.000000
129.479167	-0.026537	798600.000000
129.583333	-0.027455	798800.000000
129.687500	-0.028019	799000.000000
129.791667	-0.027865	799200.000000
129.895833	-0.027239	799400.000000
130.000000	-0.026345	799600.000000
130.104167	-0.025720	799800.000000
130.208333	-0.025030	800000.000000
