0.000000	-0.023898	550000.000000
0.104167	-0.023944	550200.000000
0.208333	-0.023959	550400.000000
0.312500	-0.023879	550600.000000
0.416667	-0.024017	550800.000000
0.520833	-0.023959	551000.000000
0.625000	-0.023922	551200.000000
0.729167	-0.024081	551400.000000
0.833333	-0.024019	551600.000000
0.937500	-0.023987	551800.000000
1.041667	-0.023841	552000.000000
1.145833	-0.023950	552200.000000
1.250000	-0.023920	552400.000000
1.354167	-0.024045	552600.000000
1.458333	-0.024037	552800.000000
1.562500	-0.023890	553000.000000
1.666667	-0.024032	553200.000000
1.770833	-0.023958	553400.000000
1.875000	-0.024118	553600.000000
1.979167	-0.024023	553800.000000
2.083333	-0.024167	554000.000000
2.187500	-0.024106	554200.000000
2.291667	-0.023982	554400.000000
2.395833	-0.024022	554600.000000
2.500000	-0.024084	554800.000000
2.604167	-0.023989	555000.000000
2.708333	-0.023972	555200.000000
2.812500	-0.024022	555400.000000
2.916667	-0.024156	555600.000000
3.020833	-0.024120	555800.000000
3.125000	-0.024070	556000.000000
3.229167	-0.024045	556200.000000
3.333333	-0.024110	556400.000000
3.437500	-0.024204	556600.000000
3.541667	-0.024112	556800.000000
3.645833	-0.024276	557000.000000
3.750000	-0.024299	557200.000000
3.854167	-0.023944	557400.000000
3.958333	-0.023995	557600.000000
4.062500	-0.023974	557800.000000
4.166667	-0.023979	558000.000000
4.270833	-0.023907	558200.000000
4.375000	-0.024084	558400.000000
4.479167	-0.024074	558600.000000
4.583333	-0.023989	558800.000000
4.687500	-0.023889	559000.000000
4.791667	-0.024051	559200.000000
4.895833	-0.023901	559400.000000
5.000000	-0.024112	559600.000000
5.104167	-0.024240	559800.000000
5.208333	-0.024071	560000.000000
5.312500	-0.023942	560200.000000
5.416667	-0.024109	560400.000000
5.520833	-0.024092	560600.000000
5.625000	-0.024086	560800.000000
5.729167	-0.023933	561000.000000
5.833333	-0.024029	561200.000000
5.937500	-0.024133	561400.000000
6.041667	-0.024151	561600.000000
6.145833	-0.024038	561800.000000
6.250000	-0.024014	562000.000000
6.354167	-0.024331	562200.000000
6.458333	-0.024135	562400.000000
6.562500	-0.024232	562600.000000
6.666667	-0.024206	562800.000000
6.770833	-0.024110	563000.000000
6.875000	-0.024107	563200.000000
6.979167	-0.024244	563400.000000
7.083333	-0.024034	563600.000000
7.187500	-0.024075	563800.000000
7.291667	-0.024184	564000.000000
7.395833	-0.024071	564200.000000
7.500000	-0.024041	564400.000000
7.604167	-0.024113	564600.000000
7.708333	-0.023933	564800.000000
7.812500	-0.024074	565000.000000
7.916667	-0.024202	565200.000000
8.020833	-0.023987	565400.000000
8.125000	-0.023927	565600.000000
8.229167	-0.023931	565800.000000
8.333333	-0.023974	566000.000000
8.437500	-0.023968	566200.000000
8.541667	-0.024036	566400.000000
8.645833	-0.024078	566600.000000
8.750000	-0.024170	566800.000000
8.854167	-0.024074	567000.000000
8.958333	-0.023951	567200.000000
9.062500	-0.023857	567400.000000
9.166667	-0.024196	567600.000000
9.270833	-0.024122	567800.000000
9.375000	-0.023974	568000.000000
9.479167	-0.023856	568200.000000
9.583333	-0.023961	568400.000000
9.687500	-0.023794	568600.000000
9.791667	-0.023721	568800.000000
9.895833	-0.023677	569000.000000
10.000000	-0.023943	569200.000000
10.104167	-0.024072	569400.000000
10.208333	-0.023820	569600.000000
10.312500	-0.023989	569800.000000
10.416667	-0.024128	570000.000000
10.520833	-0.023869	570200.000000
10.625000	-0.024022	570400.000000
10.729167	-0.024059	570600.000000
10.833333	-0.023999	570800.000000
10.937500	-0.023954	571000.000000
11.041667	-0.023973	571200.000000
11.145833	-0.024168	571400.000000
11.250000	-0.024062	571600.000000
11.354167	-0.024106	571800.000000
11.458333	-0.024039	572000.000000
11.562500	-0.023916	572200.000000
11.666667	-0.024099	572400.000000
11.770833	-0.023884	572600.000000
11.875000	-0.023997	572800.000000
11.979167	-0.023993	573000.000000
12.083333	-0.024073	573200.000000
12.187500	-0.023840	573400.000000
12.291667	-0.023989	573600.000000
12.395833	-0.023932	573800.000000
12.500000	-0.023934	574000.000000
12.604167	-0.024001	574200.000000
12.708333	-0.023977	574400.000000
12.812500	-0.023978	574600.000000
12.916667	-0.023991	574800.000000
13.020833	-0.024142	575000.000000
13.125000	-0.024095	575200.000000
13.229167	-0.023955	575400.000000
13.333333	-0.024110	575600.000000
13.437500	-0.023986	575800.000000
13.541667	-0.023931	576000.000000
13.645833	-0.024041	576200.000000
13.750000	-0.024111	576400.000000
13.854167	-0.023993	576600.000000
13.958333	-0.024063	576800.000000
14.062500	-0.024098	577000.000000
14.166667	-0.024049	577200.000000
14.270833	-0.023979	577400.000000
14.375000	-0.024215	577600.000000
14.479167	-0.024205	577800.000000
14.583333	-0.024156	578000.000000
14.687500	-0.024216	578200.000000
14.791667	-0.024067	578400.000000
14.895833	-0.024176	578600.000000
15.000000	-0.024121	578800.000000
15.104167	-0.024203	579000.000000
15.208333	-0.024165	579200.000000
15.312500	-0.024094	579400.000000
15.416667	-0.024180	579600.000000
15.520833	-0.024188	579800.000000
15.625000	-0.024208	580000.000000
15.729167	-0.023959	580200.000000
15.833333	-0.024121	580400.000000
15.937500	-0.024025	580600.000000
16.041667	-0.023901	580800.000000
16.145833	-0.024052	581000.000000
16.250000	-0.024241	581200.000000
16.354167	-0.023916	581400.000000
16.458333	-0.024016	581600.000000
16.562500	-0.023936	581800.000000
16.666667	-0.023968	582000.000000
16.770833	-0.024091	582200.000000
16.875000	-0.024087	582400.000000
16.979167	-0.023817	582600.000000
17.083333	-0.023995	582800.000000
17.187500	-0.024091	583000.000000
17.291667	-0.024050	583200.000000
17.395833	-0.024011	583400.000000
17.500000	-0.024047	583600.000000
17.604167	-0.023984	583800.000000
17.708333	-0.023982	584000.000000
17.812500	-0.024186	584200.000000
17.916667	-0.024005	584400.000000
18.020833	-0.024066	584600.000000
18.125000	-0.023888	584800.000000
18.229167	-0.023703	585000.000000
18.333333	-0.023889	585200.000000
18.437500	-0.024020	585400.000000
18.541667	-0.024010	585600.000000
18.645833	-0.023998	585800.000000
18.750000	-0.023981	586000.000000
18.854167	-0.023898	586200.000000
18.958333	-0.023790	586400.000000
19.062500	-0.023824	586600.000000
19.166667	-0.023972	586800.000000
19.270833	-0.023755	587000.000000
19.375000	-0.023922	587200.000000
19.479167	-0.023898	587400.000000
19.583333	-0.023751	587600.000000
19.687500	-0.023898	587800.000000
19.791667	-0.023798	588000.000000
19.895833	-0.023704	588200.000000
20.000000	-0.023779	588400.000000
20.104167	-0.023686	588600.000000
20.208333	-0.023756	588800.000000
20.312500	-0.023585	589000.000000
20.416667	-0.023411	589200.000000
20.520833	-0.023379	589400.000000
20.625000	-0.023628	589600.000000
20.729167	-0.023721	589800.000000
20.833333	-0.023407	590000.000000
20.937500	-0.023598	590200.000000
21.041667	-0.023409	590400.000000
21.145833	-0.023171	590600.000000
21.250000	-0.023196	590800.000000
21.354167	-0.023215	591000.000000
21.458333	-0.022862	591200.000000
21.562500	-0.022720	591400.000000
21.666667	-0.022759	591600.000000
21.770833	-0.022692	591800.000000
21.875000	-0.022486	592000.000000
21.979167	-0.022391	592200.000000
22.083333	-0.021998	592400.000000
22.187500	-0.021886	592600.000000
22.291667	-0.021425	592800.000000
22.395833	-0.021143	593000.000000
22.500000	-0.020984	593200.000000
22.604167	-0.020801	593400.000000
22.708333	-0.020240	593600.000000
22.812500	-0.019717	593800.000000
22.916667	-0.019299	594000.000000
23.020833	-0.018559	594200.000000
23.125000	-0.017974	594400.000000
23.229167	-0.017020	594600.000000
23.333333	-0.016519	594800.000000
23.437500	-0.015639	595000.000000
23.541667	-0.014738	595200.000000
23.645833	-0.013766	595400.000000
23.750000	-0.012805	595600.000000
23.854167	-0.011827	595800.000000
23.958333	-0.010757	596000.000000
24.062500	-0.009772	596200.000000
24.166667	-0.009060	596400.000000
24.270833	-0.009318	596600.000000
24.375000	-0.011686	596800.000000
24.479167	-0.018442	597000.000000
24.583333	-0.032101	597200.000000
24.687500	-0.053346	597400.000000
24.791667	-0.081315	597600.000000
24.895833	-0.110846	597800.000000
25.000000	-0.134609	598000.000000
25.104167	-0.145786	598200.000000
25.208333	-0.139304	598400.000000
25.312500	-0.116565	598600.000000
25.416667	-0.083826	598800.000000
25.520833	-0.050679	599000.000000
25.625000	-0.021703	599200.000000
25.729167	-0.000393	599400.000000
25.833333	0.012785	599600.000000
25.937500	0.019190	599800.000000
26.041667	0.020663	600000.000000
26.145833	0.017885	600200.000000
26.250000	0.014022	600400.000000
26.354167	0.010166	600600.000000
26.458333	0.008018	600800.000000
26.562500	0.007917	601000.000000
26.666667	0.009405	601200.000000
26.770833	0.010730	601400.000000
26.875000	0.010630	601600.000000
26.979167	0.007623	601800.000000
27.083333	0.002069	602000.000000
27.187500	-0.004309	602200.000000
27.291667	-0.009782	602400.000000
27.395833	-0.012787	602600.000000
27.500000	-0.014027	602800.000000
27.604167	-0.014474	603000.000000
27.708333	-0.014442	603200.000000
27.812500	-0.014354	603400.000000
27.916667	-0.014717	603600.000000
28.020833	-0.015686	603800.000000
28.125000	-0.017133	604000.000000
28.229167	-0.018499	604200.000000
28.333333	-0.019520	604400.000000
28.437500	-0.019808	604600.000000
28.541667	-0.019796	604800.000000
28.645833	-0.020181	605000.000000
28.750000	-0.021287	605200.000000
28.854167	-0.023384	605400.000000
28.958333	-0.025842	605600.000000
29.062500	-0.027746	605800.000000
29.166667	-0.028709	606000.000000
29.270833	-0.029659	606200.000000
29.375000	-0.030479	606400.000000
29.479167	-0.032040	606600.000000
29.583333	-0.033636	606800.000000
29.687500	-0.034364	607000.000000
29.791667	-0.033996	607200.000000
29.895833	-0.032577	607400.000000
30.000000	-0.030332	607600.000000
30.104167	-0.027716	607800.000000
30.208333	-0.024913	608000.000000
30.312500	-0.022816	608200.000000
30.416667	-0.021082	608400.000000
30.520833	-0.020312	608600.000000
30.625000	-0.020403	608800.000000
30.729167	-0.021349	609000.000000
30.833333	-0.022844	609200.000000
30.937500	-0.024116	609400.000000
31.041667	-0.024986	609600.000000
31.145833	-0.025318	609800.000000
31.250000	-0.024919	610000.000000
31.354167	-0.023951	610200.000000
31.458333	-0.022924	610400.000000
31.562500	-0.022453	610600.000000
31.666667	-0.021980	610800.000000
31.770833	-0.022633	611000.000000
31.875000	-0.023331	611200.000000
31.979167	-0.024211	611400.000000
32.083333	-0.024965	611600.000000
32.187500	-0.025972	611800.000000
32.291667	-0.026554	612000.000000
32.395833	-0.027213	612200.000000
32.500000	-0.027803	612400.000000
32.604167	-0.028112	612600.000000
32.708333	-0.028316	612800.000000
32.812500	-0.028275	613000.000000
32.916667	-0.028224	613200.000000
33.020833	-0.028331	613400.000000
33.125000	-0.028431	613600.000000
33.229167	-0.028333	613800.000000
33.333333	-0.028036	614000.000000
33.437500	-0.027673	614200.000000
33.541667	-0.027026	614400.000000
33.645833	-0.026472	614600.000000
33.750000	-0.025657	614800.000000
33.854167	-0.024369	615000.000000
33.958333	-0.022851	615200.000000
34.062500	-0.021361	615400.000000
34.166667	-0.019645	615600.000000
34.270833	-0.018666	615800.000000
34.375000	-0.018827	616000.000000
34.479167	-0.019854	616200.000000
34.583333	-0.021096	616400.000000
34.687500	-0.022658	616600.000000
34.791667	-0.023521	616800.000000
34.895833	-0.023663	617000.000000
35.000000	-0.023780	617200.000000
35.104167	-0.023697	617400.000000
35.208333	-0.023896	617600.000000
35.312500	-0.023652	617800.000000
35.416667	-0.024058	618000.000000
35.520833	-0.024130	618200.000000
35.625000	-0.023984	618400.000000
35.729167	-0.023832	618600.000000
35.833333	-0.023781	618800.000000
35.937500	-0.023635	619000.000000
36.041667	-0.023558	619200.000000
36.145833	-0.023539	619400.000000
36.250000	-0.023897	619600.000000
36.354167	-0.024617	619800.000000
36.458333	-0.025229	620000.000000
36.562500	-0.026050	620200.000000
36.666667	-0.026823	620400.000000
36.770833	-0.026756	620600.000000
36.875000	-0.026218	620800.000000
36.979167	-0.025344	621000.000000
37.083333	-0.024769	621200.000000
37.187500	-0.024509	621400.000000
37.291667	-0.024621	621600.000000
37.395833	-0.025280	621800.000000
37.500000	-0.025629	622000.000000
37.604167	-0.025402	622200.000000
37.708333	-0.024644	622400.000000
37.812500	-0.023639	622600.000000
37.916667	-0.023419	622800.000000
38.020833	-0.023881	623000.000000
38.125000	-0.024743	623200.000000
38.229167	-0.026400	623400.000000
38.333333	-0.027232	623600.000000
38.437500	-0.027510	623800.000000
38.541667	-0.027525	624000.000000
38.645833	-0.027045	624200.000000
38.750000	-0.026571	624400.000000
38.854167	-0.026478	624600.000000
38.958333	-0.026057	624800.000000
39.062500	-0.025857	625000.000000
39.166667	-0.025931	625200.000000
39.270833	-0.025498	625400.000000
39.375000	-0.024570	625600.000000
39.479167	-0.023426	625800.000000
39.583333	-0.022407	626000.000000
39.687500	-0.021854	626200.000000
39.791667	-0.022320	626400.000000
39.895833	-0.023635	626600.000000
40.000000	-0.024752	626800.000000
40.104167	-0.025580	627000.000000
40.208333	-0.026165	627200.000000
40.312500	-0.025831	627400.000000
40.416667	-0.025227	627600.000000
40.520833	-0.024262	627800.000000
40.625000	-0.023464	628000.000000
40.729167	-0.023264	628200.000000
40.833333	-0.023566	628400.000000
40.937500	-0.023897	628600.000000
41.041667	-0.023942	628800.000000
41.145833	-0.023168	629000.000000
41.250000	-0.021989	629200.000000
41.354167	-0.021421	629400.000000
41.458333	-0.021863	629600.000000
41.562500	-0.023347	629800.000000
41.666667	-0.025208	630000.000000
41.770833	-0.026814	630200.000000
41.875000	-0.027316	630400.000000
41.979167	-0.026800	630600.000000
42.083333	-0.025979	630800.000000
42.187500	-0.024520	631000.000000
42.291667	-0.023467	631200.000000
42.395833	-0.023164	631400.000000
42.500000	-0.023255	631600.000000
42.604167	-0.024035	631800.000000
42.708333	-0.024669	632000.000000
42.812500	-0.025095	632200.000000
42.916667	-0.024817	632400.000000
43.020833	-0.023971	632600.000000
43.125000	-0.022891	632800.000000
43.229167	-0.022346	633000.000000
43.333333	-0.022060	633200.000000
43.437500	-0.022599	633400.000000
43.541667	-0.023621	633600.000000
43.645833	-0.024375	633800.000000
43.750000	-0.024659	634000.000000
43.854167	-0.024993	634200.000000
43.958333	-0.024977	634400.000000
44.062500	-0.024605	634600.000000
44.166667	-0.024155	634800.000000
44.270833	-0.023878	635000.000000
44.375000	-0.023424	635200.000000
44.479167	-0.023236	635400.000000
44.583333	-0.022954	635600.000000
44.687500	-0.022575	635800.000000
44.791667	-0.021607	636000.000000
44.895833	-0.021170	636200.000000
45.000000	-0.021462	636400.000000
45.104167	-0.022254	636600.000000
45.208333	-0.022971	636800.000000
45.312500	-0.024070	637000.000000
45.416667	-0.024685	637200.000000
45.520833	-0.025144	637400.000000
45.625000	-0.025253	637600.000000
45.729167	-0.025139	637800.000000
45.833333	-0.025122	638000.000000
45.937500	-0.024653	638200.000000
46.041667	-0.024208	638400.000000
46.145833	-0.023398	638600.000000
46.250000	-0.022653	638800.000000
46.354167	-0.021920	639000.000000
46.458333	-0.021329	639200.000000
46.562500	-0.021278	639400.000000
46.666667	-0.021713	639600.000000
46.770833	-0.022323	639800.000000
46.875000	-0.022894	640000.000000
46.979167	-0.023255	640200.000000
47.083333	-0.023630	640400.000000
47.187500	-0.024182	640600.000000
47.291667	-0.024568	640800.000000
47.395833	-0.024675	641000.000000
47.500000	-0.024759	641200.000000
47.604167	-0.024414	641400.000000
47.708333	-0.024308	641600.000000
47.812500	-0.024108	641800.000000
47.916667	-0.024104	642000.000000
48.020833	-0.023834	642200.000000
48.125000	-0.023501	642400.000000
48.229167	-0.023229	642600.000000
48.333333	-0.023060	642800.000000
48.437500	-0.022953	643000.000000
48.541667	-0.023231	643200.000000
48.645833	-0.023482	643400.000000
48.750000	-0.023973	643600.000000
48.854167	-0.024198	643800.000000
48.958333	-0.024354	644000.000000
49.062500	-0.024395	644200.000000
49.166667	-0.024672	644400.000000
49.270833	-0.025110	644600.000000
49.375000	-0.025498	644800.000000
49.479167	-0.025818	645000.000000
49.583333	-0.025844	645200.000000
49.687500	-0.025467	645400.000000
49.791667	-0.024874	645600.000000
49.895833	-0.024101	645800.000000
50.000000	-0.023299	646000.000000
50.104167	-0.022854	646200.000000
50.208333	-0.022761	646400.000000
50.312500	-0.023054	646600.000000
50.416667	-0.023333	646800.000000
50.520833	-0.023381	647000.000000
50.625000	-0.023651	647200.000000
50.729167	-0.024144	647400.000000
50.833333	-0.024920	647600.000000
50.937500	-0.025620	647800.000000
51.041667	-0.026247	648000.000000
51.145833	-0.026051	648200.000000
51.250000	-0.025477	648400.000000
51.354167	-0.024721	648600.000000
51.458333	-0.024066	648800.000000
51.562500	-0.023164	649000.000000
51.666667	-0.022789	649200.000000
51.770833	-0.022692	649400.000000
51.875000	-0.022914	649600.000000
51.979167	-0.023064	649800.000000
52.083333	-0.023545	650000.000000
52.187500	-0.023876	650200.000000
52.291667	-0.023974	650400.000000
52.395833	-0.023543	650600.000000
52.500000	-0.023481	650800.000000
52.604167	-0.023783	651000.000000
52.708333	-0.024129	651200.000000
52.812500	-0.024577	651400.000000
52.916667	-0.024703	651600.000000
53.020833	-0.024639	651800.000000
53.125000	-0.024424	652000.000000
53.229167	-0.024134	652200.000000
53.333333	-0.023482	652400.000000
53.437500	-0.023190	652600.000000
53.541667	-0.023409	652800.000000
53.645833	-0.023557	653000.000000
53.750000	-0.023991	653200.000000
53.854167	-0.023818	653400.000000
53.958333	-0.023619	653600.000000
54.062500	-0.023108	653800.000000
54.166667	-0.023011	654000.000000
54.270833	-0.023039	654200.000000
54.375000	-0.023157	654400.000000
54.479167	-0.023804	654600.000000
54.583333	-0.024317	654800.000000
54.687500	-0.024644	655000.000000
54.791667	-0.024910	655200.000000
54.895833	-0.024831	655400.000000
55.000000	-0.024420	655600.000000
55.104167	-0.023618	655800.000000
55.208333	-0.023199	656000.000000
55.312500	-0.022543	656200.000000
55.416667	-0.022306	656400.000000
55.520833	-0.022063	656600.000000
55.625000	-0.021786	656800.000000
55.729167	-0.021998	657000.000000
55.833333	-0.022456	657200.000000
55.937500	-0.022918	657400.000000
56.041667	-0.023191	657600.000000
56.145833	-0.023845	657800.000000
56.250000	-0.024220	658000.000000
56.354167	-0.024680	658200.000000
56.458333	-0.024882	658400.000000
56.562500	-0.024794	658600.000000
56.666667	-0.024382	658800.000000
56.770833	-0.023918	659000.000000
56.875000	-0.023270	659200.000000
56.979167	-0.023112	659400.000000
57.083333	-0.022900	659600.000000
57.187500	-0.022944	659800.000000
57.291667	-0.023086	660000.000000
57.395833	-0.023024	660200.000000
57.500000	-0.023125	660400.000000
57.604167	-0.023566	660600.000000
57.708333	-0.023717	660800.000000
57.812500	-0.023702	661000.000000
57.916667	-0.024041	661200.000000
58.020833	-0.024410	661400.000000
58.125000	-0.024481	661600.000000
58.229167	-0.024322	661800.000000
58.333333	-0.024182	662000.000000
58.437500	-0.023880	662200.000000
58.541667	-0.023809	662400.000000
58.645833	-0.024034	662600.000000
58.750000	-0.023911	662800.000000
58.854167	-0.023464	663000.000000
58.958333	-0.023240	663200.000000
59.062500	-0.023115	663400.000000
59.166667	-0.023011	663600.000000
59.270833	-0.023151	663800.000000
59.375000	-0.023204	664000.000000
59.479167	-0.023043	664200.000000
59.583333	-0.023153	664400.000000
59.687500	-0.023122	664600.000000
59.791667	-0.023514	664800.000000
59.895833	-0.024041	665000.000000
60.000000	-0.024565	665200.000000
60.104167	-0.024845	665400.000000
60.208333	-0.025123	665600.000000
60.312500	-0.025135	665800.000000
60.416667	-0.024598	666000.000000
60.520833	-0.023873	666200.000000
60.625000	-0.023444	666400.000000
60.729167	-0.023104	666600.000000
60.833333	-0.022945	666800.000000
60.937500	-0.023106	667000.000000
61.041667	-0.023081	667200.000000
61.145833	-0.023395	667400.000000
61.250000	-0.023714	667600.000000
61.354167	-0.023953	667800.000000
61.458333	-0.024086	668000.000000
61.562500	-0.024372	668200.000000
61.666667	-0.024856	668400.000000
61.770833	-0.025019	668600.000000
61.875000	-0.025062	668800.000000
61.979167	-0.024949	669000.000000
62.083333	-0.024646	669200.000000
62.187500	-0.024491	669400.000000
62.291667	-0.023885	669600.000000
62.395833	-0.023535	669800.000000
62.500000	-0.023158	670000.000000
62.604167	-0.023258	670200.000000
62.708333	-0.023475	670400.000000
62.812500	-0.023933	670600.000000
62.916667	-0.024160	670800.000000
63.020833	-0.024311	671000.000000
63.125000	-0.024631	671200.000000
63.229167	-0.024385	671400.000000
63.333333	-0.024226	671600.000000
63.437500	-0.024393	671800.000000
63.541667	-0.024692	672000.000000
63.645833	-0.024623	672200.000000
63.750000	-0.024856	672400.000000
63.854167	-0.025114	672600.000000
63.958333	-0.025213	672800.000000
64.062500	-0.025055	673000.000000
64.166667	-0.024899	673200.000000
64.270833	-0.024861	673400.000000
64.375000	-0.024637	673600.000000
64.479167	-0.024273	673800.000000
64.583333	-0.023661	674000.000000
64.687500	-0.023787	674200.000000
64.791667	-0.023769	674400.000000
64.895833	-0.024001	674600.000000
65.000000	-0.024171	674800.000000
65.104167	-0.024610	675000.000000
65.208333	-0.024590	675200.000000
65.312500	-0.024649	675400.000000
65.416667	-0.024915	675600.000000
65.520833	-0.024711	675800.000000
65.625000	-0.024786	676000.000000
65.729167	-0.024708	676200.000000
65.833333	-0.024616	676400.000000
65.937500	-0.024219	676600.000000
66.041667	-0.023748	676800.000000
66.145833	-0.023227	677000.000000
66.250000	-0.022889	677200.000000
66.354167	-0.023038	677400.000000
66.458333	-0.023395	677600.000000
66.562500	-0.023716	677800.000000
66.666667	-0.024264	678000.000000
66.770833	-0.024577	678200.000000
66.875000	-0.024710	678400.000000
66.979167	-0.024959	678600.000000
67.083333	-0.024973	678800.000000
67.187500	-0.024724	679000.000000
67.291667	-0.024605	679200.000000
67.395833	-0.024392	679400.000000
67.500000	-0.024107	679600.000000
67.604167	-0.023919	679800.000000
67.708333	-0.023731	680000.000000
67.812500	-0.023163	680200.000000
67.916667	-0.023080	680400.000000
68.020833	-0.023090	680600.000000
68.125000	-0.023052	680800.000000
68.229167	-0.023207	681000.000000
68.333333	-0.023654	681200.000000
68.437500	-0.023796	681400.000000
68.541667	-0.023877	681600.000000
68.645833	-0.023616	681800.000000
68.750000	-0.023480	682000.000000
68.854167	-0.023483	682200.000000
68.958333	-0.023416	682400.000000
69.062500	-0.023619	682600.000000
69.166667	-0.024547	682800.000000
69.270833	-0.024815	683000.000000
69.375000	-0.025292	683200.000000
69.479167	-0.025104	683400.000000
69.583333	-0.024653	683600.000000
69.687500	-0.024434	683800.000000
69.791667	-0.024201	684000.000000
69.895833	-0.024188	684200.000000
70.000000	-0.024496	684400.000000
70.104167	-0.024852	684600.000000
70.208333	-0.024994	684800.000000
70.312500	-0.025001	685000.000000
70.416667	-0.024969	685200.000000
70.520833	-0.024947	685400.000000
70.625000	-0.024888	685600.000000
70.729167	-0.025480	685800.000000
70.833333	-0.025641	686000.000000
70.937500	-0.026065	686200.000000
71.041667	-0.026242	686400.000000
71.145833	-0.025857	686600.000000
71.250000	-0.025327	686800.000000
71.354167	-0.024637	687000.000000
71.458333	-0.024350	687200.000000
71.562500	-0.023968	687400.000000
71.666667	-0.023850	687600.000000
71.770833	-0.024102	687800.000000
71.875000	-0.024320	688000.000000
71.979167	-0.024775	688200.000000
72.083333	-0.025244	688400.000000
72.187500	-0.025480	688600.000000
72.291667	-0.025549	688800.000000
72.395833	-0.025586	689000.000000
72.500000	-0.025587	689200.000000
72.604167	-0.025484	689400.000000
72.708333	-0.025354	689600.000000
72.812500	-0.025008	689800.000000
72.916667	-0.025031	690000.000000
73.020833	-0.024570	690200.000000
73.125000	-0.024497	690400.000000
73.229167	-0.024145	690600.000000
73.333333	-0.023798	690800.000000
73.437500	-0.023751	691000.000000
73.541667	-0.023538	691200.000000
73.645833	-0.023062	691400.000000
73.750000	-0.022819	691600.000000
73.854167	-0.022846	691800.000000
73.958333	-0.022606	692000.000000
74.062500	-0.022512	692200.000000
74.166667	-0.022325	692400.000000
74.270833	-0.022239	692600.000000
74.375000	-0.022055	692800.000000
74.479167	-0.021867	693000.000000
74.583333	-0.021974	693200.000000
74.687500	-0.021867	693400.000000
74.791667	-0.021820	693600.000000
74.895833	-0.022187	693800.000000
75.000000	-0.022155	694000.000000
75.104167	-0.022272	694200.000000
75.208333	-0.022146	694400.000000
75.312500	-0.021752	694600.000000
75.416667	-0.022074	694800.000000
75.520833	-0.022420	695000.000000
75.625000	-0.022804	695200.000000
75.729167	-0.023119	695400.000000
75.833333	-0.023668	695600.000000
75.937500	-0.024317	695800.000000
76.041667	-0.024506	696000.000000
76.145833	-0.024670	696200.000000
76.250000	-0.024921	696400.000000
76.354167	-0.025127	696600.000000
76.458333	-0.024881	696800.000000
76.562500	-0.024836	697000.000000
76.666667	-0.024500	697200.000000
76.770833	-0.024141	697400.000000
76.875000	-0.023781	697600.000000
76.979167	-0.023394	697800.000000
77.083333	-0.023474	698000.000000
77.187500	-0.023283	698200.000000
77.291667	-0.023668	698400.000000
77.395833	-0.023967	698600.000000
77.500000	-0.024340	698800.000000
77.604167	-0.024397	699000.000000
77.708333	-0.024355	699200.000000
77.812500	-0.023970	699400.000000
77.916667	-0.023613	699600.000000
78.020833	-0.023847	699800.000000
78.125000	-0.023914	700000.000000
78.229167	-0.024112	700200.000000
78.333333	-0.024474	700400.000000
78.437500	-0.024612	700600.000000
78.541667	-0.024804	700800.000000
78.645833	-0.024723	701000.000000
78.750000	-0.024626	701200.000000
78.854167	-0.024556	701400.000000
78.958333	-0.024721	701600.000000
79.062500	-0.025336	701800.000000
79.166667	-0.025427	702000.000000
79.270833	-0.025357	702200.000000
79.375000	-0.024968	702400.000000
79.479167	-0.024539	702600.000000
79.583333	-0.024141	702800.000000
79.687500	-0.024006	703000.000000
79.791667	-0.024135	703200.000000
79.895833	-0.024369	703400.000000
80.000000	-0.024529	703600.000000
80.104167	-0.024840	703800.000000
80.208333	-0.024796	704000.000000
80.312500	-0.024699	704200.000000
80.416667	-0.024138	704400.000000
80.520833	-0.023438	704600.000000
80.625000	-0.023058	704800.000000
80.729167	-0.022953	705000.000000
80.833333	-0.022567	705200.000000
80.937500	-0.022882	705400.000000
81.041667	-0.023433	705600.000000
81.145833	-0.023688	705800.000000
81.250000	-0.023711	706000.000000
81.354167	-0.023936	706200.000000
81.458333	-0.024203	706400.000000
81.562500	-0.023981	706600.000000
81.666667	-0.023915	706800.000000
81.770833	-0.023727	707000.000000
81.875000	-0.023366	707200.000000
81.979167	-0.023316	707400.000000
82.083333	-0.023168	707600.000000
82.187500	-0.022952	707800.000000
82.291667	-0.022653	708000.000000
82.395833	-0.022701	708200.000000
82.500000	-0.022553	708400.000000
82.604167	-0.022684	708600.000000
82.708333	-0.022822	708800.000000
82.812500	-0.023088	709000.000000
82.916667	-0.023450	709200.000000
83.020833	-0.023269	709400.000000
83.125000	-0.023699	709600.000000
83.229167	-0.023737	709800.000000
83.333333	-0.023443	710000.000000
83.437500	-0.023310	710200.000000
83.541667	-0.023245	710400.000000
83.645833	-0.023270	710600.000000
83.750000	-0.023069	710800.000000
83.854167	-0.023271	711000.000000
83.958333	-0.023226	711200.000000
84.062500	-0.023219	711400.000000
84.166667	-0.023134	711600.000000
84.270833	-0.023098	711800.000000
84.375000	-0.022998	712000.000000
84.479167	-0.023352	712200.000000
84.583333	-0.023285	712400.000000
84.687500	-0.023603	712600.000000
84.791667	-0.023753	712800.000000
84.895833	-0.023754	713000.000000
85.000000	-0.023966	713200.000000
85.104167	-0.023967	713400.000000
85.208333	-0.024223	713600.000000
85.312500	-0.024343	713800.000000
85.416667	-0.024643	714000.000000
85.520833	-0.024684	714200.000000
85.625000	-0.024643	714400.000000
85.729167	-0.024420	714600.000000
85.833333	-0.024065	714800.000000
85.937500	-0.023889	715000.000000
86.041667	-0.023617	715200.000000
86.145833	-0.023777	715400.000000
86.250000	-0.024050	715600.000000
86.354167	-0.024449	715800.000000
86.458333	-0.024773	716000.000000
86.562500	-0.024801	716200.000000
86.666667	-0.025099	716400.000000
86.770833	-0.025056	716600.000000
86.875000	-0.024712	716800.000000
86.979167	-0.024721	717000.000000
87.083333	-0.024841	717200.000000
87.187500	-0.024913	717400.000000
87.291667	-0.024958	717600.000000
87.395833	-0.024615	717800.000000
87.500000	-0.024323	718000.000000
87.604167	-0.024192	718200.000000
87.708333	-0.024032	718400.000000
87.812500	-0.023949	718600.000000
87.916667	-0.024057	718800.000000
88.020833	-0.024203	719000.000000
88.125000	-0.024264	719200.000000
88.229167	-0.024531	719400.000000
88.333333	-0.025080	719600.000000
88.437500	-0.024926	719800.000000
88.541667	-0.024692	720000.000000
88.645833	-0.024727	720200.000000
88.750000	-0.024581	720400.000000
88.854167	-0.024599	720600.000000
88.958333	-0.024442	720800.000000
89.062500	-0.024631	721000.000000
89.166667	-0.024471	721200.000000
89.270833	-0.024418	721400.000000
89.375000	-0.024278	721600.000000
89.479167	-0.024155	721800.000000
89.583333	-0.024140	722000.000000
89.687500	-0.023903	722200.000000
89.791667	-0.024051	722400.000000
89.895833	-0.023871	722600.000000
90.000000	-0.023881	722800.000000
90.104167	-0.023825	723000.000000
90.208333	-0.024013	723200.000000
90.312500	-0.024354	723400.000000
90.416667	-0.024402	723600.000000
90.520833	-0.024487	723800.000000
90.625000	-0.024506	724000.000000
90.729167	-0.024451	724200.000000
90.833333	-0.024324	724400.000000
90.937500	-0.024317	724600.000000
91.041667	-0.024076	724800.000000
91.145833	-0.023976	725000.000000
91.250000	-0.023523	725200.000000
91.354167	-0.023484	725400.000000
91.458333	-0.023541	725600.000000
91.562500	-0.023393	725800.000000
91.666667	-0.023224	726000.000000
91.770833	-0.023421	726200.000000
91.875000	-0.023683	726400.000000
91.979167	-0.023976	726600.000000
92.083333	-0.024118	726800.000000
92.187500	-0.024241	727000.000000
92.291667	-0.024304	727200.000000
92.395833	-0.024241	727400.000000
92.500000	-0.024048	727600.000000
92.604167	-0.023666	727800.000000
92.708333	-0.023493	728000.000000
92.812500	-0.023165	728200.000000
92.916667	-0.023071	728400.000000
93.020833	-0.023175	728600.000000
93.125000	-0.023224	728800.000000
93.229167	-0.023530	729000.000000
93.333333	-0.023833	729200.000000
93.437500	-0.023996	729400.000000
93.541667	-0.024235	729600.000000
93.645833	-0.024402	729800.000000
93.750000	-0.024336	730000.000000
93.854167	-0.024374	730200.000000
93.958333	-0.024442	730400.000000
94.062500	-0.024392	730600.000000
94.166667	-0.024234	730800.000000
94.270833	-0.024136	731000.000000
94.375000	-0.024276	731200.000000
94.479167	-0.023912	731400.000000
94.583333	-0.023638	731600.000000
94.687500	-0.023650	731800.000000
94.791667	-0.023743	732000.000000
94.895833	-0.023540	732200.000000
95.000000	-0.023755	732400.000000
95.104167	-0.023888	732600.000000
95.208333	-0.023958	732800.000000
95.312500	-0.024144	733000.000000
95.416667	-0.024588	733200.000000
95.520833	-0.024690	733400.000000
95.625000	-0.024955	733600.000000
95.729167	-0.025148	733800.000000
95.833333	-0.025053	734000.000000
95.937500	-0.025152	734200.000000
96.041667	-0.025296	734400.000000
96.145833	-0.025232	734600.000000
96.250000	-0.024993	734800.000000
96.354167	-0.024954	735000.000000
96.458333	-0.024554	735200.000000
96.562500	-0.024092	735400.000000
96.666667	-0.024011	735600.000000
96.770833	-0.023498	735800.000000
96.875000	-0.023400	736000.000000
96.979167	-0.023246	736200.000000
97.083333	-0.023361	736400.000000
97.187500	-0.023769	736600.000000
97.291667	-0.024213	736800.000000
97.395833	-0.024426	737000.000000
97.500000	-0.024465	737200.000000
97.604167	-0.024562	737400.000000
97.708333	-0.024618	737600.000000
97.812500	-0.024715	737800.000000
97.916667	-0.024570	738000.000000
98.020833	-0.024392	738200.000000
98.125000	-0.024418	738400.000000
98.229167	-0.024634	738600.000000
98.333333	-0.024388	738800.000000
98.437500	-0.024222	739000.000000
98.541667	-0.023960	739200.000000
98.645833	-0.023614	739400.000000
98.750000	-0.023415	739600.000000
98.854167	-0.023280	739800.000000
98.958333	-0.023403	740000.000000
99.062500	-0.023443	740200.000000
99.166667	-0.023523	740400.000000
99.270833	-0.023583	740600.000000
99.375000	-0.023752	740800.000000
99.479167	-0.023824	741000.000000
99.583333	-0.023995	741200.000000
99.687500	-0.024117	741400.000000
99.791667	-0.024253	741600.000000
99.895833	-0.024516	741800.000000
100.000000	-0.024614	742000.000000
100.104167	-0.024607	742200.000000
100.208333	-0.024565	742400.000000
100.312500	-0.024209	742600.000000
100.416667	-0.024101	742800.000000
100.520833	-0.023727	743000.000000
100.625000	-0.023539	743200.000000
100.729167	-0.023547	743400.000000
100.833333	-0.023279	743600.000000
100.937500	-0.023271	743800.000000
101.041667	-0.023354	744000.000000
101.145833	-0.023488	744200.000000
101.250000	-0.023585	744400.000000
101.354167	-0.023709	744600.000000
101.458333	-0.023974	744800.000000
101.562500	-0.024359	745000.000000
101.666667	-0.024516	745200.000000
101.770833	-0.024325	745400.000000
101.875000	-0.024166	745600.000000
101.979167	-0.023996	745800.000000
102.083333	-0.023728	746000.000000
102.187500	-0.023297	746200.000000
102.291667	-0.023317	746400.000000
102.395833	-0.023357	746600.000000
102.500000	-0.023366	746800.000000
102.604167	-0.023442	747000.000000
102.708333	-0.023577	747200.000000
102.812500	-0.023612	747400.000000
102.916667	-0.023615	747600.000000
103.020833	-0.023789	747800.000000
103.125000	-0.023550	748000.000000
103.229167	-0.023543	748200.000000
103.333333	-0.023461	748400.000000
103.437500	-0.023335	748600.000000
103.541667	-0.023374	748800.000000
103.645833	-0.023457	749000.000000
103.750000	-0.023531	749200.000000
103.854167	-0.023573	749400.000000
103.958333	-0.023945	749600.000000
104.062500	-0.023907	749800.000000
104.166667	-0.023948	750000.000000
104.270833	-0.024152	750200.000000
104.375000	-0.024345	750400.000000
104.479167	-0.024142	750600.000000
104.583333	-0.024165	750800.000000
104.687500	-0.023883	751000.000000
104.791667	-0.023810	751200.000000
104.895833	-0.023716	751400.000000
105.000000	-0.023591	751600.000000
105.104167	-0.023948	751800.000000
105.208333	-0.024119	752000.000000
105.312500	-0.024139	752200.000000
105.416667	-0.023897	752400.000000
105.520833	-0.023781	752600.000000
105.625000	-0.023538	752800.000000
105.729167	-0.023427	753000.000000
105.833333	-0.023164	753200.000000
105.937500	-0.022990	753400.000000
106.041667	-0.023008	753600.000000
106.145833	-0.023152	753800.000000
106.250000	-0.023346	754000.000000
106.354167	-0.023312	754200.000000
106.458333	-0.023546	754400.000000
106.562500	-0.023590	754600.000000
106.666667	-0.023560	754800.000000
106.770833	-0.023524	755000.000000
106.875000	-0.023251	755200.000000
106.979167	-0.023085	755400.000000
107.083333	-0.022989	755600.000000
107.187500	-0.022641	755800.000000
107.291667	-0.022740	756000.000000
107.395833	-0.022904	756200.000000
107.500000	-0.022791	756400.000000
107.604167	-0.022695	756600.000000
107.708333	-0.022794	756800.000000
107.812500	-0.022974	757000.000000
107.916667	-0.023080	757200.000000
108.020833	-0.023144	757400.000000
108.125000	-0.023459	757600.000000
108.229167	-0.023443	757800.000000
108.333333	-0.023699	758000.000000
108.437500	-0.023703	758200.000000
108.541667	-0.023629	758400.000000
108.645833	-0.023873	758600.000000
108.750000	-0.023664	758800.000000
108.854167	-0.023506	759000.000000
108.958333	-0.023455	759200.000000
109.062500	-0.023238	759400.000000
109.166667	-0.023393	759600.000000
109.270833	-0.023376	759800.000000
109.375000	-0.023319	760000.000000
109.479167	-0.023471	760200.000000
109.583333	-0.023663	760400.000000
109.687500	-0.023881	760600.000000
109.791667	-0.024200	760800.000000
109.895833	-0.024365	761000.000000
110.000000	-0.024447	761200.000000
110.104167	-0.024513	761400.000000
110.208333	-0.024335	761600.000000
110.312500	-0.024258	761800.000000
110.416667	-0.024198	762000.000000
110.520833	-0.024436	762200.000000
110.625000	-0.024470	762400.000000
110.729167	-0.024122	762600.000000
110.833333	-0.024307	762800.000000
110.937500	-0.024285	763000.000000
111.041667	-0.023880	763200.000000
111.145833	-0.023974	763400.000000
111.250000	-0.024200	763600.000000
111.354167	-0.024205	763800.000000
111.458333	-0.024337	764000.000000
111.562500	-0.024349	764200.000000
111.666667	-0.024277	764400.000000
111.770833	-0.024194	764600.000000
111.875000	-0.023993	764800.000000
111.979167	-0.023781	765000.000000
112.083333	-0.023784	765200.000000
112.187500	-0.024023	765400.000000
112.291667	-0.023846	765600.000000
112.395833	-0.023728	765800.000000
112.500000	-0.023720	766000.000000
112.604167	-0.023570	766200.000000
112.708333	-0.023673	766400.000000
112.812500	-0.023755	766600.000000
112.916667	-0.023845	766800.000000
113.020833	-0.023693	767000.000000
113.125000	-0.023741	767200.000000
113.229167	-0.023696	767400.000000
113.333333	-0.023809	767600.000000
113.437500	-0.023887	767800.000000
113.541667	-0.023831	768000.000000
113.645833	-0.023686	768200.000000
113.750000	-0.023731	768400.000000
113.854167	-0.023705	768600.000000
113.958333	-0.023933	768800.000000
114.062500	-0.024334	769000.000000
114.166667	-0.024460	769200.000000
114.270833	-0.024735	769400.000000
114.375000	-0.024839	769600.000000
114.479167	-0.024859	769800.000000
114.583333	-0.024882	770000.000000
114.687500	-0.025198	770200.000000
114.791667	-0.024875	770400.000000
114.895833	-0.024655	770600.000000
115.000000	-0.024602	770800.000000
115.104167	-0.024458	771000.000000
115.208333	-0.024184	771200.000000
115.312500	-0.024301	771400.000000
115.416667	-0.024143	771600.000000
115.520833	-0.024222	771800.000000
115.625000	-0.024249	772000.000000
115.729167	-0.024379	772200.000000
115.833333	-0.024676	772400.000000
115.937500	-0.024862	772600.000000
116.041667	-0.025041	772800.000000
116.145833	-0.025000	773000.000000
116.250000	-0.025255	773200.000000
116.354167	-0.025239	773400.000000
116.458333	-0.025201	773600.000000
116.562500	-0.024990	773800.000000
116.666667	-0.024962	774000.000000
116.770833	-0.024979	774200.000000
116.875000	-0.025238	774400.000000
116.979167	-0.025400	774600.000000
117.083333	-0.025474	774800.000000
117.187500	-0.025828	775000.000000
117.291667	-0.026152	775200.000000
117.395833	-0.026236	775400.000000
117.500000	-0.025766	775600.000000
117.604167	-0.025480	775800.000000
117.708333	-0.024899	776000.000000
117.812500	-0.024620	776200.000000
117.916667	-0.023864	776400.000000
118.020833	-0.023188	776600.000000
118.125000	-0.022743	776800.000000
118.229167	-0.022181	777000.000000
118.333333	-0.021929	777200.000000
118.437500	-0.021937	777400.000000
118.541667	-0.021863	777600.000000
118.645833	-0.022136	777800.000000
118.750000	-0.022304	778000.000000
118.854167	-0.022752	778200.000000
118.958333	-0.023048	778400.000000
119.062500	-0.023104	778600.000000
119.166667	-0.023226	778800.000000
119.270833	-0.023374	779000.000000
119.375000	-0.023727	779200.000000
119.479167	-0.023971	779400.000000
119.583333	-0.024256	779600.000000
119.687500	-0.024232	779800.000000
119.791667	-0.024259	780000.000000
119.895833	-0.024071	780200.000000
120.000000	-0.023915	780400.000000
120.104167	-0.023552	780600.000000
120.208333	-0.023300	780800.000000
120.312500	-0.023354	781000.000000
120.416667	-0.023326	781200.000000
120.520833	-0.023300	781400.000000
120.625000	-0.023303	781600.000000
120.729167	-0.023718	781800.000000
120.833333	-0.023695	782000.000000
120.937500	-0.023985	782200.000000
121.041667	-0.024456	782400.000000
121.145833	-0.024406	782600.000000
121.250000	-0.024353	782800.000000
121.354167	-0.024433	783000.000000
121.458333	-0.024307	783200.000000
121.562500	-0.023861	783400.000000
121.666667	-0.023705	783600.000000
121.770833	-0.023178	783800.000000
121.875000	-0.022958	784000.000000
121.979167	-0.022919	784200.000000
122.083333	-0.023117	784400.000000
122.187500	-0.023181	784600.000000
122.291667	-0.023321	784800.000000
122.395833	-0.023685	785000.000000
122.500000	-0.023617	785200.000000
122.604167	-0.023901	785400.000000
122.708333	-0.023964	785600.000000
122.812500	-0.024070	785800.000000
122.916667	-0.023952	786000.000000
123.020833	-0.023804	786200.000000
123.125000	-0.023599	786400.000000
123.229167	-0.023482	786600.000000
123.333333	-0.023421	786800.000000
123.437500	-0.023153	787000.000000
123.541667	-0.022858	787200.000000
123.645833	-0.022787	787400.000000
123.750000	-0.022601	787600.000000
123.854167	-0.022570	787800.000000
123.958333	-0.022598	788000.000000
124.062500	-0.022636	788200.000000
124.166667	-0.022643	788400.000000
124.270833	-0.022724	788600.000000
124.375000	-0.022731	788800.000000
124.479167	-0.022796	789000.000000
124.583333	-0.022987	789200.000000
124.687500	-0.022984	789400.000000
124.791667	-0.023297	789600.000000
124.895833	-0.023431	789800.000000
125.000000	-0.023460	790000.000000
125.104167	-0.023669	790200.000000
125.208333	-0.024051	790400.000000
125.312500	-0.024104	790600.000000
125.416667	-0.024030	790800.000000
125.520833	-0.023983	791000.000000
125.625000	-0.024096	791200.000000
125.729167	-0.024121	791400.000000
125.833333	-0.024213	791600.000000
125.937500	-0.024368	791800.000000
126.041667	-0.024473	792000.000000
126.145833	-0.024580	792200.000000
126.250000	-0.024743	792400.000000
126.354167	-0.024706	792600.000000
126.458333	-0.024778	792800.000000
126.562500	-0.024454	793000.000000
126.666667	-0.024471	793200.000000
126.770833	-0.024503	793400.000000
126.875000	-0.024383	793600.000000
126.979167	-0.024051	793800.000000
127.083333	-0.024017	794000.000000
127.187500	-0.023687	794200.000000
127.291667	-0.023381	794400.000000
127.395833	-0.023316	794600.000000
127.500000	-0.023059	794800.000000
127.604167	-0.022858	795000.000000
127.708333	-0.022970	795200.000000
127.812500	-0.022904	795400.000000
127.916667	-0.022912	795600.000000
128.020833	-0.023134	795800.000000
128.125000	-0.023050	796000.000000
128.229167	-0.023019	796200.000000
128.333333	-0.022975	796400.000000
128.437500	-0.022792	796600.000000
128.541667	-0.022705	796800.000000
128.645833	-0.022764	797000.000000
128.750000	-0.022855	797200.000000
128.854167	-0.022831	797400.000000
128.958333	-0.023182	797600.000000
129.062500	-0.023383	797800.000000
129.166667	-0.023504	798000.000000
129.270833	-0.023694	798200.000000
129.375000	-0.023747	798400.000000
129.479167	-0.024062	798600.000000
129.583333	-0.024183	798800.000000
129.687500	-0.024100	799000.000000
129.791667	-0.024314	799200.000000
129.895833	-0.024286	799400.000000
130.000000	-0.024329	799600.000000
130.104167	-0.024120	799800.000000
130.208333	-0.023865	800000.000000
