0.000000	-0.024063	550000.000000
0.104167	-0.023986	550200.000000
0.208333	-0.023851	550400.000000
0.312500	-0.023862	550600.000000
0.416667	-0.023997	550800.000000
0.520833	-0.024029	551000.000000
0.625000	-0.023994	551200.000000
0.729167	-0.024065	551400.000000
0.833333	-0.024020	551600.000000
0.937500	-0.023992	551800.000000
1.041667	-0.024090	552000.000000
1.145833	-0.024168	552200.000000
1.250000	-0.024140	552400.000000
1.354167	-0.024063	552600.000000
1.458333	-0.023972	552800.000000
1.562500	-0.023988	553000.000000
1.666667	-0.023851	553200.000000
1.770833	-0.024027	553400.000000
1.875000	-0.023994	553600.000000
1.979167	-0.023941	553800.000000
2.083333	-0.023905	554000.000000
2.187500	-0.023922	554200.000000
2.291667	-0.023891	554400.000000
2.395833	-0.023855	554600.000000
2.500000	-0.023979	554800.000000
2.604167	-0.023930	555000.000000
2.708333	-0.023978	555200.000000
2.812500	-0.023961	555400.000000
2.916667	-0.023882	555600.000000
3.020833	-0.023829	555800.000000
3.125000	-0.023857	556000.000000
3.229167	-0.023908	556200.000000
3.333333	-0.023954	556400.000000
3.437500	-0.023923	556600.000000
3.541667	-0.023793	556800.000000
3.645833	-0.023755	557000.000000
3.750000	-0.023812	557200.000000
3.854167	-0.024019	557400.000000
3.958333	-0.023938	557600.000000
4.062500	-0.023891	557800.000000
4.166667	-0.023889	558000.000000
4.270833	-0.023815	558200.000000
4.375000	-0.023881	558400.000000
4.479167	-0.023723	558600.000000
4.583333	-0.023795	558800.000000
4.687500	-0.023867	559000.000000
4.791667	-0.023781	559200.000000
4.895833	-0.023936	559400.000000
5.000000	-0.023933	559600.000000
5.104167	-0.023833	559800.000000
5.208333	-0.023957	560000.000000
5.312500	-0.023915	560200.000000
5.416667	-0.023765	560400.000000
5.520833	-0.023888	560600.000000
5.625000	-0.023752	560800.000000
5.729167	-0.023856	561000.000000
5.833333	-0.023858	561200.000000
5.937500	-0.023776	561400.000000
6.041667	-0.023761	561600.000000
6.145833	-0.023850	561800.000000
6.250000	-0.023947	562000.000000
6.354167	-0.023778	562200.000000
6.458333	-0.023870	562400.000000
6.562500	-0.023978	562600.000000
6.666667	-0.023816	562800.000000
6.770833	-0.023814	563000.000000
6.875000	-0.023854	563200.000000
6.979167	-0.023677	563400.000000
7.083333	-0.023811	563600.000000
7.187500	-0.024174	563800.000000
7.291667	-0.023969	564000.000000
7.395833	-0.023906	564200.000000
7.500000	-0.023821	564400.000000
7.604167	-0.023753	564600.000000
7.708333	-0.023617	564800.000000
7.812500	-0.023887	565000.000000
7.916667	-0.023737	565200.000000
8.020833	-0.023815	565400.000000
8.125000	-0.023801	565600.000000
8.229167	-0.023950	565800.000000
8.333333	-0.024031	566000.000000
8.437500	-0.023981	566200.000000
8.541667	-0.023892	566400.000000
8.645833	-0.023911	566600.000000
8.750000	-0.023877	566800.000000
8.854167	-0.023872	567000.000000
8.958333	-0.023870	567200.000000
9.062500	-0.023955	567400.000000
9.166667	-0.023754	567600.000000
9.270833	-0.023794	567800.000000
9.375000	-0.023770	568000.000000
9.479167	-0.023679	568200.000000
9.583333	-0.023770	568400.000000
9.687500	-0.023921	568600.000000
9.791667	-0.023830	568800.000000
9.895833	-0.024122	569000.000000
10.000000	-0.023807	569200.000000
10.104167	-0.023881	569400.000000
10.208333	-0.023806	569600.000000
10.312500	-0.023806	569800.000000
10.416667	-0.023810	570000.000000
10.520833	-0.023826	570200.000000
10.625000	-0.023834	570400.000000
10.729167	-0.023785	570600.000000
10.833333	-0.023604	570800.000000
10.937500	-0.023813	571000.000000
11.041667	-0.023849	571200.000000
11.145833	-0.023827	571400.000000
11.250000	-0.023834	571600.000000
11.354167	-0.023842	571800.000000
11.458333	-0.023683	572000.000000
11.562500	-0.023811	572200.000000
11.666667	-0.024000	572400.000000
11.770833	-0.023972	572600.000000
11.875000	-0.024026	572800.000000
11.979167	-0.023979	573000.000000
12.083333	-0.023929	573200.000000
12.187500	-0.023861	573400.000000
12.291667	-0.023851	573600.000000
12.395833	-0.023857	573800.000000
12.500000	-0.023851	574000.000000
12.604167	-0.023767	574200.000000
12.708333	-0.023740	574400.000000
12.812500	-0.024063	574600.000000
12.916667	-0.023852	574800.000000
13.020833	-0.023859	575000.000000
13.125000	-0.023780	575200.000000
13.229167	-0.023793	575400.000000
13.333333	-0.023883	575600.000000
13.437500	-0.023869	575800.000000
13.541667	-0.023666	576000.000000
13.645833	-0.023804	576200.000000
13.750000	-0.023692	576400.000000
13.854167	-0.023692	576600.000000
13.958333	-0.023875	576800.000000
14.062500	-0.023737	577000.000000
14.166667	-0.023880	577200.000000
14.270833	-0.023693	577400.000000
14.375000	-0.023797	577600.000000
14.479167	-0.023906	577800.000000
14.583333	-0.023855	578000.000000
14.687500	-0.023611	578200.000000
14.791667	-0.023642	578400.000000
14.895833	-0.023447	578600.000000
15.000000	-0.023764	578800.000000
15.104167	-0.023740	579000.000000
15.208333	-0.023661	579200.000000
15.312500	-0.023633	579400.000000
15.416667	-0.023661	579600.000000
15.520833	-0.023586	579800.000000
15.625000	-0.023716	580000.000000
15.729167	-0.023637	580200.000000
15.833333	-0.023584	580400.000000
15.937500	-0.023819	580600.000000
16.041667	-0.023607	580800.000000
16.145833	-0.023701	581000.000000
16.250000	-0.023775	581200.000000
16.354167	-0.023769	581400.000000
16.458333	-0.023796	581600.000000
16.562500	-0.023731	581800.000000
16.666667	-0.023974	582000.000000
16.770833	-0.023577	582200.000000
16.875000	-0.023821	582400.000000
16.979167	-0.023816	582600.000000
17.083333	-0.023756	582800.000000
17.187500	-0.023693	583000.000000
17.291667	-0.023588	583200.000000
17.395833	-0.023753	583400.000000
17.500000	-0.023842	583600.000000
17.604167	-0.023659	583800.000000
17.708333	-0.023645	584000.000000
17.812500	-0.023580	584200.000000
17.916667	-0.023576	584400.000000
18.020833	-0.023689	584600.000000
18.125000	-0.023609	584800.000000
18.229167	-0.023653	585000.000000
18.333333	-0.023564	585200.000000
18.437500	-0.023467	585400.000000
18.541667	-0.023466	585600.000000
18.645833	-0.023514	585800.000000
18.750000	-0.023557	586000.000000
18.854167	-0.023558	586200.000000
18.958333	-0.023578	586400.000000
19.062500	-0.023500	586600.000000
19.166667	-0.023514	586800.000000
19.270833	-0.023514	587000.000000
19.375000	-0.023278	587200.000000
19.479167	-0.023515	587400.000000
19.583333	-0.023253	587600.000000
19.687500	-0.023366	587800.000000
19.791667	-0.023265	588000.000000
19.895833	-0.023500	588200.000000
20.000000	-0.023295	588400.000000
20.104167	-0.023304	588600.000000
20.208333	-0.023178	588800.000000
20.312500	-0.023248	589000.000000
20.416667	-0.023264	589200.000000
20.520833	-0.023219	589400.000000
20.625000	-0.023033	589600.000000
20.729167	-0.023047	589800.000000
20.833333	-0.023154	590000.000000
20.937500	-0.023209	590200.000000
21.041667	-0.023058	590400.000000
21.145833	-0.023077	590600.000000
21.250000	-0.023161	590800.000000
21.354167	-0.022785	591000.000000
21.458333	-0.022596	591200.000000
21.562500	-0.022581	591400.000000
21.666667	-0.022578	591600.000000
21.770833	-0.022444	591800.000000
21.875000	-0.022158	592000.000000
21.979167	-0.022231	592200.000000
22.083333	-0.022081	592400.000000
22.187500	-0.021755	592600.000000
22.291667	-0.021598	592800.000000
22.395833	-0.021188	593000.000000
22.500000	-0.020944	593200.000000
22.604167	-0.020500	593400.000000
22.708333	-0.020127	593600.000000
22.812500	-0.019690	593800.000000
22.916667	-0.019003	594000.000000
23.020833	-0.018594	594200.000000
23.125000	-0.018043	594400.000000
23.229167	-0.017350	594600.000000
23.333333	-0.016939	594800.000000
23.437500	-0.016169	595000.000000
23.541667	-0.015327	595200.000000
23.645833	-0.014603	595400.000000
23.750000	-0.013820	595600.000000
23.854167	-0.013096	595800.000000
23.958333	-0.012663	596000.000000
24.062500	-0.011786	596200.000000
24.166667	-0.011538	596400.000000
24.270833	-0.012204	596600.000000
24.375000	-0.014581	596800.000000
24.479167	-0.020895	597000.000000
24.583333	-0.032564	597200.000000
24.687500	-0.049835	597400.000000
24.791667	-0.071204	597600.000000
24.895833	-0.093176	597800.000000
25.000000	-0.109779	598000.000000
25.104167	-0.116016	598200.000000
25.208333	-0.107501	598400.000000
25.312500	-0.085446	598600.000000
25.416667	-0.055318	598800.000000
25.520833	-0.027211	599000.000000
25.625000	-0.005166	599200.000000
25.729167	0.007733	599400.000000
25.833333	0.012936	599600.000000
25.937500	0.013002	599800.000000
26.041667	0.009534	600000.000000
26.145833	0.004550	600200.000000
26.250000	-0.001108	600400.000000
26.354167	-0.006311	600600.000000
26.458333	-0.010702	600800.000000
26.562500	-0.013474	601000.000000
26.666667	-0.014953	601200.000000
26.770833	-0.015625	601400.000000
26.875000	-0.016408	601600.000000
26.979167	-0.017430	601800.000000
27.083333	-0.019977	602000.000000
27.187500	-0.022319	602200.000000
27.291667	-0.023318	602400.000000
27.395833	-0.022656	602600.000000
27.500000	-0.021371	602800.000000
27.604167	-0.020278	603000.000000
27.708333	-0.020322	603200.000000
27.812500	-0.020991	603400.000000
27.916667	-0.022130	603600.000000
28.020833	-0.023536	603800.000000
28.125000	-0.024021	604000.000000
28.229167	-0.024091	604200.000000
28.333333	-0.023116	604400.000000
28.437500	-0.021399	604600.000000
28.541667	-0.019407	604800.000000
28.645833	-0.017446	605000.000000
28.750000	-0.016939	605200.000000
28.854167	-0.017235	605400.000000
28.958333	-0.018392	605600.000000
29.062500	-0.019163	605800.000000
29.166667	-0.018853	606000.000000
29.270833	-0.017727	606200.000000
29.375000	-0.017148	606400.000000
29.479167	-0.017459	606600.000000
29.583333	-0.018204	606800.000000
29.687500	-0.019458	607000.000000
29.791667	-0.019997	607200.000000
29.895833	-0.020436	607400.000000
30.000000	-0.020598	607600.000000
30.104167	-0.020609	607800.000000
30.208333	-0.021072	608000.000000
30.312500	-0.021649	608200.000000
30.416667	-0.022271	608400.000000
30.520833	-0.022999	608600.000000
30.625000	-0.024278	608800.000000
30.729167	-0.025683	609000.000000
30.833333	-0.027112	609200.000000
30.937500	-0.028109	609400.000000
31.041667	-0.028522	609600.000000
31.145833	-0.028657	609800.000000
31.250000	-0.028626	610000.000000
31.354167	-0.028234	610200.000000
31.458333	-0.027766	610400.000000
31.562500	-0.027714	610600.000000
31.666667	-0.027485	610800.000000
31.770833	-0.027078	611000.000000
31.875000	-0.026464	611200.000000
31.979167	-0.025656	611400.000000
32.083333	-0.024581	611600.000000
32.187500	-0.023667	611800.000000
32.291667	-0.023384	612000.000000
32.395833	-0.023463	612200.000000
32.500000	-0.024048	612400.000000
32.604167	-0.024614	612600.000000
32.708333	-0.025338	612800.000000
32.812500	-0.025575	613000.000000
32.916667	-0.025518	613200.000000
33.020833	-0.025308	613400.000000
33.125000	-0.025388	613600.000000
33.229167	-0.025198	613800.000000
33.333333	-0.025316	614000.000000
33.437500	-0.024945	614200.000000
33.541667	-0.024888	614400.000000
33.645833	-0.025051	614600.000000
33.750000	-0.025240	614800.000000
33.854167	-0.024911	615000.000000
33.958333	-0.024285	615200.000000
34.062500	-0.023387	615400.000000
34.166667	-0.022712	615600.000000
34.270833	-0.022267	615800.000000
34.375000	-0.022732	616000.000000
34.479167	-0.023554	616200.000000
34.583333	-0.024708	616400.000000
34.687500	-0.025506	616600.000000
34.791667	-0.025547	616800.000000
34.895833	-0.024733	617000.000000
35.000000	-0.023657	617200.000000
35.104167	-0.022482	617400.000000
35.208333	-0.021817	617600.000000
35.312500	-0.021245	617800.000000
35.416667	-0.020913	618000.000000
35.520833	-0.021074	618200.000000
35.625000	-0.021118	618400.000000
35.729167	-0.021253	618600.000000
35.833333	-0.021518	618800.000000
35.937500	-0.022282	619000.000000
36.041667	-0.022878	619200.000000
36.145833	-0.023642	619400.000000
36.250000	-0.024720	619600.000000
36.354167	-0.025807	619800.000000
36.458333	-0.026453	620000.000000
36.562500	-0.026892	620200.000000
36.666667	-0.026441	620400.000000
36.770833	-0.025539	620600.000000
36.875000	-0.024223	620800.000000
36.979167	-0.022842	621000.000000
37.083333	-0.021541	621200.000000
37.187500	-0.021235	621400.000000
37.291667	-0.021839	621600.000000
37.395833	-0.022652	621800.000000
37.500000	-0.023396	622000.000000
37.604167	-0.023911	622200.000000
37.708333	-0.023241	622400.000000
37.812500	-0.022528	622600.000000
37.916667	-0.022300	622800.000000
38.020833	-0.022710	623000.000000
38.125000	-0.023682	623200.000000
38.229167	-0.024616	623400.000000
38.333333	-0.025208	623600.000000
38.437500	-0.025352	623800.000000
38.541667	-0.025092	624000.000000
38.645833	-0.024717	624200.000000
38.750000	-0.024687	624400.000000
38.854167	-0.024622	624600.000000
38.958333	-0.024598	624800.000000
39.062500	-0.024783	625000.000000
39.166667	-0.025418	625200.000000
39.270833	-0.025501	625400.000000
39.375000	-0.025247	625600.000000
39.479167	-0.024393	625800.000000
39.583333	-0.023642	626000.000000
39.687500	-0.023516	626200.000000
39.791667	-0.024373	626400.000000
39.895833	-0.025490	626600.000000
40.000000	-0.026845	626800.000000
40.104167	-0.027579	627000.000000
40.208333	-0.027744	627200.000000
40.312500	-0.027258	627400.000000
40.416667	-0.026613	627600.000000
40.520833	-0.025641	627800.000000
40.625000	-0.024679	628000.000000
40.729167	-0.024221	628200.000000
40.833333	-0.024246	628400.000000
40.937500	-0.024452	628600.000000
41.041667	-0.024246	628800.000000
41.145833	-0.023451	629000.000000
41.250000	-0.022476	629200.000000
41.354167	-0.021579	629400.000000
41.458333	-0.021899	629600.000000
41.562500	-0.023237	629800.000000
41.666667	-0.024855	630000.000000
41.770833	-0.026240	630200.000000
41.875000	-0.026778	630400.000000
41.979167	-0.026649	630600.000000
42.083333	-0.025747	630800.000000
42.187500	-0.024425	631000.000000
42.291667	-0.023571	631200.000000
42.395833	-0.023052	631400.000000
42.500000	-0.022987	631600.000000
42.604167	-0.023277	631800.000000
42.708333	-0.023415	632000.000000
42.812500	-0.023485	632200.000000
42.916667	-0.023081	632400.000000
43.020833	-0.022455	632600.000000
43.125000	-0.021735	632800.000000
43.229167	-0.021772	633000.000000
43.333333	-0.021977	633200.000000
43.437500	-0.022867	633400.000000
43.541667	-0.024116	633600.000000
43.645833	-0.025401	633800.000000
43.750000	-0.025856	634000.000000
43.854167	-0.025758	634200.000000
43.958333	-0.025184	634400.000000
44.062500	-0.024883	634600.000000
44.166667	-0.024691	634800.000000
44.270833	-0.024455	635000.000000
44.375000	-0.024320	635200.000000
44.479167	-0.024183	635400.000000
44.583333	-0.024213	635600.000000
44.687500	-0.023464	635800.000000
44.791667	-0.022613	636000.000000
44.895833	-0.021796	636200.000000
45.000000	-0.021379	636400.000000
45.104167	-0.021749	636600.000000
45.208333	-0.022683	636800.000000
45.312500	-0.023371	637000.000000
45.416667	-0.024093	637200.000000
45.520833	-0.024530	637400.000000
45.625000	-0.024711	637600.000000
45.729167	-0.024753	637800.000000
45.833333	-0.024632	638000.000000
45.937500	-0.024531	638200.000000
46.041667	-0.024102	638400.000000
46.145833	-0.023310	638600.000000
46.250000	-0.022843	638800.000000
46.354167	-0.022199	639000.000000
46.458333	-0.021893	639200.000000
46.562500	-0.021729	639400.000000
46.666667	-0.022214	639600.000000
46.770833	-0.022834	639800.000000
46.875000	-0.023328	640000.000000
46.979167	-0.023731	640200.000000
47.083333	-0.024211	640400.000000
47.187500	-0.024342	640600.000000
47.291667	-0.024501	640800.000000
47.395833	-0.024589	641000.000000
47.500000	-0.024424	641200.000000
47.604167	-0.024424	641400.000000
47.708333	-0.024060	641600.000000
47.812500	-0.023717	641800.000000
47.916667	-0.023758	642000.000000
48.020833	-0.023614	642200.000000
48.125000	-0.023457	642400.000000
48.229167	-0.023350	642600.000000
48.333333	-0.023058	642800.000000
48.437500	-0.023168	643000.000000
48.541667	-0.023094	643200.000000
48.645833	-0.023370	643400.000000
48.750000	-0.023353	643600.000000
48.854167	-0.023435	643800.000000
48.958333	-0.023389	644000.000000
49.062500	-0.023405	644200.000000
49.166667	-0.023459	644400.000000
49.270833	-0.023874	644600.000000
49.375000	-0.024024	644800.000000
49.479167	-0.024213	645000.000000
49.583333	-0.024180	645200.000000
49.687500	-0.023812	645400.000000
49.791667	-0.023263	645600.000000
49.895833	-0.022932	645800.000000
50.000000	-0.022439	646000.000000
50.104167	-0.022354	646200.000000
50.208333	-0.022345	646400.000000
50.312500	-0.022536	646600.000000
50.416667	-0.022984	646800.000000
50.520833	-0.023100	647000.000000
50.625000	-0.023016	647200.000000
50.729167	-0.023266	647400.000000
50.833333	-0.024030	647600.000000
50.937500	-0.024888	647800.000000
51.041667	-0.025165	648000.000000
51.145833	-0.025235	648200.000000
51.250000	-0.024540	648400.000000
51.354167	-0.024100	648600.000000
51.458333	-0.023478	648800.000000
51.562500	-0.022988	649000.000000
51.666667	-0.022631	649200.000000
51.770833	-0.022479	649400.000000
51.875000	-0.022817	649600.000000
51.979167	-0.023292	649800.000000
52.083333	-0.023761	650000.000000
52.187500	-0.024116	650200.000000
52.291667	-0.023947	650400.000000
52.395833	-0.024024	650600.000000
52.500000	-0.023750	650800.000000
52.604167	-0.024128	651000.000000
52.708333	-0.024427	651200.000000
52.812500	-0.024772	651400.000000
52.916667	-0.024920	651600.000000
53.020833	-0.025040	651800.000000
53.125000	-0.024978	652000.000000
53.229167	-0.024224	652200.000000
53.333333	-0.023654	652400.000000
53.437500	-0.023532	652600.000000
53.541667	-0.023507	652800.000000
53.645833	-0.023805	653000.000000
53.750000	-0.024408	653200.000000
53.854167	-0.024579	653400.000000
53.958333	-0.024610	653600.000000
54.062500	-0.024333	653800.000000
54.166667	-0.024010	654000.000000
54.270833	-0.023908	654200.000000
54.375000	-0.024291	654400.000000
54.479167	-0.024908	654600.000000
54.583333	-0.025688	654800.000000
54.687500	-0.026069	655000.000000
54.791667	-0.026093	655200.000000
54.895833	-0.025916	655400.000000
55.000000	-0.025493	655600.000000
55.104167	-0.024929	655800.000000
55.208333	-0.024489	656000.000000
55.312500	-0.024112	656200.000000
55.416667	-0.023602	656400.000000
55.520833	-0.023438	656600.000000
55.625000	-0.023596	656800.000000
55.729167	-0.023846	657000.000000
55.833333	-0.023924	657200.000000
55.937500	-0.024503	657400.000000
56.041667	-0.024554	657600.000000
56.145833	-0.024927	657800.000000
56.250000	-0.025279	658000.000000
56.354167	-0.025512	658200.000000
56.458333	-0.025450	658400.000000
56.562500	-0.025522	658600.000000
56.666667	-0.025186	658800.000000
56.770833	-0.024451	659000.000000
56.875000	-0.024112	659200.000000
56.979167	-0.023800	659400.000000
57.083333	-0.023334	659600.000000
57.187500	-0.023253	659800.000000
57.291667	-0.023342	660000.000000
57.395833	-0.023481	660200.000000
57.500000	-0.023493	660400.000000
57.604167	-0.023605	660600.000000
57.708333	-0.023744	660800.000000
57.812500	-0.023849	661000.000000
57.916667	-0.024068	661200.000000
58.020833	-0.024281	661400.000000
58.125000	-0.024435	661600.000000
58.229167	-0.024349	661800.000000
58.333333	-0.023981	662000.000000
58.437500	-0.024170	662200.000000
58.541667	-0.024258	662400.000000
58.645833	-0.024167	662600.000000
58.750000	-0.024096	662800.000000
58.854167	-0.023892	663000.000000
58.958333	-0.023455	663200.000000
59.062500	-0.023375	663400.000000
59.166667	-0.023336	663600.000000
59.270833	-0.023268	663800.000000
59.375000	-0.023425	664000.000000
59.479167	-0.023359	664200.000000
59.583333	-0.023409	664400.000000
59.687500	-0.023434	664600.000000
59.791667	-0.023677	664800.000000
59.895833	-0.024002	665000.000000
60.000000	-0.024251	665200.000000
60.104167	-0.024855	665400.000000
60.208333	-0.024971	665600.000000
60.312500	-0.024646	665800.000000
60.416667	-0.024105	666000.000000
60.520833	-0.023464	666200.000000
60.625000	-0.023056	666400.000000
60.729167	-0.022493	666600.000000
60.833333	-0.022207	666800.000000
60.937500	-0.022399	667000.000000
61.041667	-0.022752	667200.000000
61.145833	-0.022669	667400.000000
61.250000	-0.022786	667600.000000
61.354167	-0.023302	667800.000000
61.458333	-0.023419	668000.000000
61.562500	-0.023793	668200.000000
61.666667	-0.024230	668400.000000
61.770833	-0.024307	668600.000000
61.875000	-0.024222	668800.000000
61.979167	-0.024071	669000.000000
62.083333	-0.023720	669200.000000
62.187500	-0.023651	669400.000000
62.291667	-0.023337	669600.000000
62.395833	-0.022957	669800.000000
62.500000	-0.022502	670000.000000
62.604167	-0.022756	670200.000000
62.708333	-0.022970	670400.000000
62.812500	-0.023306	670600.000000
62.916667	-0.023674	670800.000000
63.020833	-0.023718	671000.000000
63.125000	-0.023869	671200.000000
63.229167	-0.023770	671400.000000
63.333333	-0.023638	671600.000000
63.437500	-0.023504	671800.000000
63.541667	-0.023742	672000.000000
63.645833	-0.023728	672200.000000
63.750000	-0.023919	672400.000000
63.854167	-0.023990	672600.000000
63.958333	-0.024034	672800.000000
64.062500	-0.023971	673000.000000
64.166667	-0.023801	673200.000000
64.270833	-0.023733	673400.000000
64.375000	-0.023522	673600.000000
64.479167	-0.023265	673800.000000
64.583333	-0.023162	674000.000000
64.687500	-0.023210	674200.000000
64.791667	-0.023494	674400.000000
64.895833	-0.023729	674600.000000
65.000000	-0.024324	674800.000000
65.104167	-0.024650	675000.000000
65.208333	-0.024835	675200.000000
65.312500	-0.024767	675400.000000
65.416667	-0.024934	675600.000000
65.520833	-0.024847	675800.000000
65.625000	-0.024937	676000.000000
65.729167	-0.024909	676200.000000
65.833333	-0.025141	676400.000000
65.937500	-0.024746	676600.000000
66.041667	-0.024546	676800.000000
66.145833	-0.024052	677000.000000
66.250000	-0.023770	677200.000000
66.354167	-0.023914	677400.000000
66.458333	-0.024114	677600.000000
66.562500	-0.024556	677800.000000
66.666667	-0.025085	678000.000000
66.770833	-0.025494	678200.000000
66.875000	-0.025471	678400.000000
66.979167	-0.025463	678600.000000
67.083333	-0.025259	678800.000000
67.187500	-0.025053	679000.000000
67.291667	-0.024822	679200.000000
67.395833	-0.024836	679400.000000
67.500000	-0.024641	679600.000000
67.604167	-0.024444	679800.000000
67.708333	-0.024277	680000.000000
67.812500	-0.023864	680200.000000
67.916667	-0.023605	680400.000000
68.020833	-0.023585	680600.000000
68.125000	-0.023526	680800.000000
68.229167	-0.023746	681000.000000
68.333333	-0.023887	681200.000000
68.437500	-0.023784	681400.000000
68.541667	-0.023906	681600.000000
68.645833	-0.023641	681800.000000
68.750000	-0.023523	682000.000000
68.854167	-0.023481	682200.000000
68.958333	-0.023225	682400.000000
69.062500	-0.023416	682600.000000
69.166667	-0.023647	682800.000000
69.270833	-0.024043	683000.000000
69.375000	-0.023979	683200.000000
69.479167	-0.023628	683400.000000
69.583333	-0.022877	683600.000000
69.687500	-0.022134	683800.000000
69.791667	-0.021731	684000.000000
69.895833	-0.021764	684200.000000
70.000000	-0.022035	684400.000000
70.104167	-0.022615	684600.000000
70.208333	-0.023029	684800.000000
70.312500	-0.023046	685000.000000
70.416667	-0.023067	685200.000000
70.520833	-0.022967	685400.000000
70.625000	-0.023181	685600.000000
70.729167	-0.023672	685800.000000
70.833333	-0.024137	686000.000000
70.937500	-0.024383	686200.000000
71.041667	-0.024684	686400.000000
71.145833	-0.024551	686600.000000
71.250000	-0.024152	686800.000000
71.354167	-0.023666	687000.000000
71.458333	-0.023668	687200.000000
71.562500	-0.023433	687400.000000
71.666667	-0.023459	687600.000000
71.770833	-0.024143	687800.000000
71.875000	-0.024438	688000.000000
71.979167	-0.025030	688200.000000
72.083333	-0.025310	688400.000000
72.187500	-0.025727	688600.000000
72.291667	-0.025945	688800.000000
72.395833	-0.025798	689000.000000
72.500000	-0.025856	689200.000000
72.604167	-0.025982	689400.000000
72.708333	-0.026140	689600.000000
72.812500	-0.026136	689800.000000
72.916667	-0.025780	690000.000000
73.020833	-0.025575	690200.000000
73.125000	-0.025640	690400.000000
73.229167	-0.025293	690600.000000
73.333333	-0.025009	690800.000000
73.437500	-0.024776	691000.000000
73.541667	-0.024620	691200.000000
73.645833	-0.024626	691400.000000
73.750000	-0.024464	691600.000000
73.854167	-0.024043	691800.000000
73.958333	-0.023896	692000.000000
74.062500	-0.024086	692200.000000
74.166667	-0.023934	692400.000000
74.270833	-0.023764	692600.000000
74.375000	-0.023517	692800.000000
74.479167	-0.023205	693000.000000
74.583333	-0.023206	693200.000000
74.687500	-0.023460	693400.000000
74.791667	-0.023165	693600.000000
74.895833	-0.023334	693800.000000
75.000000	-0.023317	694000.000000
75.104167	-0.023275	694200.000000
75.208333	-0.023170	694400.000000
75.312500	-0.023084	694600.000000
75.416667	-0.022985	694800.000000
75.520833	-0.022848	695000.000000
75.625000	-0.023472	695200.000000
75.729167	-0.023745	695400.000000
75.833333	-0.024245	695600.000000
75.937500	-0.024749	695800.000000
76.041667	-0.024946	696000.000000
76.145833	-0.025164	696200.000000
76.250000	-0.025064	696400.000000
76.354167	-0.024830	696600.000000
76.458333	-0.025064	696800.000000
76.562500	-0.025117	697000.000000
76.666667	-0.024837	697200.000000
76.770833	-0.024521	697400.000000
76.875000	-0.024335	697600.000000
76.979167	-0.024037	697800.000000
77.083333	-0.023759	698000.000000
77.187500	-0.023928	698200.000000
77.291667	-0.024218	698400.000000
77.395833	-0.024547	698600.000000
77.500000	-0.024630	698800.000000
77.604167	-0.024701	699000.000000
77.708333	-0.024793	699200.000000
77.812500	-0.024613	699400.000000
77.916667	-0.024232	699600.000000
78.020833	-0.023799	699800.000000
78.125000	-0.023766	700000.000000
78.229167	-0.023612	700200.000000
78.333333	-0.023575	700400.000000
78.437500	-0.023690	700600.000000
78.541667	-0.023471	700800.000000
78.645833	-0.023436	701000.000000
78.750000	-0.023110	701200.000000
78.854167	-0.022922	701400.000000
78.958333	-0.023008	701600.000000
79.062500	-0.023467	701800.000000
79.166667	-0.023689	702000.000000
79.270833	-0.023796	702200.000000
79.375000	-0.023911	702400.000000
79.479167	-0.023567	702600.000000
79.583333	-0.023492	702800.000000
79.687500	-0.023462	703000.000000
79.791667	-0.023327	703200.000000
79.895833	-0.023555	703400.000000
80.000000	-0.023752	703600.000000
80.104167	-0.024127	703800.000000
80.208333	-0.023945	704000.000000
80.312500	-0.023572	704200.000000
80.416667	-0.023435	704400.000000
80.520833	-0.022996	704600.000000
80.625000	-0.022599	704800.000000
80.729167	-0.022688	705000.000000
80.833333	-0.023081	705200.000000
80.937500	-0.023224	705400.000000
81.041667	-0.023558	705600.000000
81.145833	-0.023739	705800.000000
81.250000	-0.024089	706000.000000
81.354167	-0.024165	706200.000000
81.458333	-0.024260	706400.000000
81.562500	-0.024157	706600.000000
81.666667	-0.024134	706800.000000
81.770833	-0.024005	707000.000000
81.875000	-0.023643	707200.000000
81.979167	-0.023774	707400.000000
82.083333	-0.023669	707600.000000
82.187500	-0.023682	707800.000000
82.291667	-0.023291	708000.000000
82.395833	-0.023196	708200.000000
82.500000	-0.023344	708400.000000
82.604167	-0.023487	708600.000000
82.708333	-0.023705	708800.000000
82.812500	-0.023785	709000.000000
82.916667	-0.024058	709200.000000
83.020833	-0.024315	709400.000000
83.125000	-0.024499	709600.000000
83.229167	-0.024527	709800.000000
83.333333	-0.024338	710000.000000
83.437500	-0.024361	710200.000000
83.541667	-0.024278	710400.000000
83.645833	-0.024410	710600.000000
83.750000	-0.024224	710800.000000
83.854167	-0.024478	711000.000000
83.958333	-0.024449	711200.000000
84.062500	-0.024539	711400.000000
84.166667	-0.024687	711600.000000
84.270833	-0.024575	711800.000000
84.375000	-0.024503	712000.000000
84.479167	-0.024380	712200.000000
84.583333	-0.024507	712400.000000
84.687500	-0.024385	712600.000000
84.791667	-0.024634	712800.000000
84.895833	-0.024743	713000.000000
85.000000	-0.024651	713200.000000
85.104167	-0.024585	713400.000000
85.208333	-0.024678	713600.000000
85.312500	-0.024546	713800.000000
85.416667	-0.024725	714000.000000
85.520833	-0.024845	714200.000000
85.625000	-0.024610	714400.000000
85.729167	-0.024423	714600.000000
85.833333	-0.024029	714800.000000
85.937500	-0.023801	715000.000000
86.041667	-0.023788	715200.000000
86.145833	-0.023602	715400.000000
86.250000	-0.023739	715600.000000
86.354167	-0.024202	715800.000000
86.458333	-0.024455	716000.000000
86.562500	-0.024642	716200.000000
86.666667	-0.024837	716400.000000
86.770833	-0.024583	716600.000000
86.875000	-0.024635	716800.000000
86.979167	-0.024639	717000.000000
87.083333	-0.024577	717200.000000
87.187500	-0.024409	717400.000000
87.291667	-0.024671	717600.000000
87.395833	-0.024624	717800.000000
87.500000	-0.024496	718000.000000
87.604167	-0.024209	718200.000000
87.708333	-0.024100	718400.000000
87.812500	-0.024208	718600.000000
87.916667	-0.024153	718800.000000
88.020833	-0.024590	719000.000000
88.125000	-0.024558	719200.000000
88.229167	-0.024952	719400.000000
88.333333	-0.025071	719600.000000
88.437500	-0.024982	719800.000000
88.541667	-0.024836	720000.000000
88.645833	-0.024531	720200.000000
88.750000	-0.024185	720400.000000
88.854167	-0.024507	720600.000000
88.958333	-0.024592	720800.000000
89.062500	-0.024407	721000.000000
89.166667	-0.024569	721200.000000
89.270833	-0.024440	721400.000000
89.375000	-0.024168	721600.000000
89.479167	-0.024086	721800.000000
89.583333	-0.024179	722000.000000
89.687500	-0.024133	722200.000000
89.791667	-0.023841	722400.000000
89.895833	-0.023920	722600.000000
90.000000	-0.024126	722800.000000
90.104167	-0.024210	723000.000000
90.208333	-0.024423	723200.000000
90.312500	-0.024575	723400.000000
90.416667	-0.024474	723600.000000
90.520833	-0.024771	723800.000000
90.625000	-0.024628	724000.000000
90.729167	-0.024580	724200.000000
90.833333	-0.024578	724400.000000
90.937500	-0.024630	724600.000000
91.041667	-0.024419	724800.000000
91.145833	-0.024301	725000.000000
91.250000	-0.024088	725200.000000
91.354167	-0.024135	725400.000000
91.458333	-0.024051	725600.000000
91.562500	-0.024084	725800.000000
91.666667	-0.024187	726000.000000
91.770833	-0.024387	726200.000000
91.875000	-0.024403	726400.000000
91.979167	-0.024571	726600.000000
92.083333	-0.024884	726800.000000
92.187500	-0.024816	727000.000000
92.291667	-0.024741	727200.000000
92.395833	-0.025012	727400.000000
92.500000	-0.024723	727600.000000
92.604167	-0.024824	727800.000000
92.708333	-0.024484	728000.000000
92.812500	-0.024257	728200.000000
92.916667	-0.024093	728400.000000
93.020833	-0.023958	728600.000000
93.125000	-0.023967	728800.000000
93.229167	-0.023868	729000.000000
93.333333	-0.023802	729200.000000
93.437500	-0.023732	729400.000000
93.541667	-0.023692	729600.000000
93.645833	-0.023514	729800.000000
93.750000	-0.023434	730000.000000
93.854167	-0.023570	730200.000000
93.958333	-0.023687	730400.000000
94.062500	-0.023558	730600.000000
94.166667	-0.023673	730800.000000
94.270833	-0.023921	731000.000000
94.375000	-0.024014	731200.000000
94.479167	-0.024089	731400.000000
94.583333	-0.023891	731600.000000
94.687500	-0.024033	731800.000000
94.791667	-0.024046	732000.000000
94.895833	-0.023935	732200.000000
95.000000	-0.023859	732400.000000
95.104167	-0.023613	732600.000000
95.208333	-0.023738	732800.000000
95.312500	-0.023946	733000.000000
95.416667	-0.023746	733200.000000
95.520833	-0.023593	733400.000000
95.625000	-0.023935	733600.000000
95.729167	-0.023754	733800.000000
95.833333	-0.023531	734000.000000
95.937500	-0.023275	734200.000000
96.041667	-0.023250	734400.000000
96.145833	-0.023582	734600.000000
96.250000	-0.023478	734800.000000
96.354167	-0.023261	735000.000000
96.458333	-0.023365	735200.000000
96.562500	-0.023299	735400.000000
96.666667	-0.023309	735600.000000
96.770833	-0.023477	735800.000000
96.875000	-0.023563	736000.000000
96.979167	-0.023554	736200.000000
97.083333	-0.023841	736400.000000
97.187500	-0.024261	736600.000000
97.291667	-0.024438	736800.000000
97.395833	-0.024546	737000.000000
97.500000	-0.024651	737200.000000
97.604167	-0.024593	737400.000000
97.708333	-0.024206	737600.000000
97.812500	-0.024099	737800.000000
97.916667	-0.023597	738000.000000
98.020833	-0.023401	738200.000000
98.125000	-0.023263	738400.000000
98.229167	-0.023293	738600.000000
98.333333	-0.023317	738800.000000
98.437500	-0.023388	739000.000000
98.541667	-0.023574	739200.000000
98.645833	-0.023519	739400.000000
98.750000	-0.023623	739600.000000
98.854167	-0.024055	739800.000000
98.958333	-0.024138	740000.000000
99.062500	-0.024540	740200.000000
99.166667	-0.024542	740400.000000
99.270833	-0.024629	740600.000000
99.375000	-0.024493	740800.000000
99.479167	-0.024313	741000.000000
99.583333	-0.024182	741200.000000
99.687500	-0.024120	741400.000000
99.791667	-0.024342	741600.000000
99.895833	-0.024085	741800.000000
100.000000	-0.023978	742000.000000
100.104167	-0.024202	742200.000000
100.208333	-0.024031	742400.000000
100.312500	-0.023996	742600.000000
100.416667	-0.023846	742800.000000
100.520833	-0.023917	743000.000000
100.625000	-0.024233	743200.000000
100.729167	-0.024271	743400.000000
100.833333	-0.024584	743600.000000
100.937500	-0.024739	743800.000000
101.041667	-0.024787	744000.000000
101.145833	-0.024705	744200.000000
101.250000	-0.024697	744400.000000
101.354167	-0.024457	744600.000000
101.458333	-0.024372	744800.000000
101.562500	-0.024159	745000.000000
101.666667	-0.024084	745200.000000
101.770833	-0.023969	745400.000000
101.875000	-0.023898	745600.000000
101.979167	-0.023678	745800.000000
102.083333	-0.023485	746000.000000
102.187500	-0.023734	746200.000000
102.291667	-0.023960	746400.000000
102.395833	-0.024095	746600.000000
102.500000	-0.024368	746800.000000
102.604167	-0.024415	747000.000000
102.708333	-0.024371	747200.000000
102.812500	-0.024520	747400.000000
102.916667	-0.024563	747600.000000
103.020833	-0.024478	747800.000000
103.125000	-0.024553	748000.000000
103.229167	-0.024717	748200.000000
103.333333	-0.024836	748400.000000
103.437500	-0.024883	748600.000000
103.541667	-0.024842	748800.000000
103.645833	-0.024705	749000.000000
103.750000	-0.024247	749200.000000
103.854167	-0.024244	749400.000000
103.958333	-0.023979	749600.000000
104.062500	-0.023752	749800.000000
104.166667	-0.023948	750000.000000
104.270833	-0.023802	750200.000000
104.375000	-0.023933	750400.000000
104.479167	-0.024068	750600.000000
104.583333	-0.024125	750800.000000
104.687500	-0.024148	751000.000000
104.791667	-0.024147	751200.000000
104.895833	-0.024196	751400.000000
105.000000	-0.024099	751600.000000
105.104167	-0.024090	751800.000000
105.208333	-0.024251	752000.000000
105.312500	-0.024116	752200.000000
105.416667	-0.024006	752400.000000
105.520833	-0.024045	752600.000000
105.625000	-0.024032	752800.000000
105.729167	-0.023867	753000.000000
105.833333	-0.023954	753200.000000
105.937500	-0.023778	753400.000000
106.041667	-0.023790	753600.000000
106.145833	-0.023809	753800.000000
106.250000	-0.023813	754000.000000
106.354167	-0.024008	754200.000000
106.458333	-0.024159	754400.000000
106.562500	-0.024299	754600.000000
106.666667	-0.024291	754800.000000
106.770833	-0.024459	755000.000000
106.875000	-0.024384	755200.000000
106.979167	-0.024473	755400.000000
107.083333	-0.024659	755600.000000
107.187500	-0.024224	755800.000000
107.291667	-0.024205	756000.000000
107.395833	-0.024245	756200.000000
107.500000	-0.024135	756400.000000
107.604167	-0.024294	756600.000000
107.708333	-0.024443	756800.000000
107.812500	-0.024521	757000.000000
107.916667	-0.024680	757200.000000
108.020833	-0.024776	757400.000000
108.125000	-0.024944	757600.000000
108.229167	-0.024857	757800.000000
108.333333	-0.024638	758000.000000
108.437500	-0.024494	758200.000000
108.541667	-0.024615	758400.000000
108.645833	-0.024307	758600.000000
108.750000	-0.024219	758800.000000
108.854167	-0.024351	759000.000000
108.958333	-0.024293	759200.000000
109.062500	-0.023888	759400.000000
109.166667	-0.023812	759600.000000
109.270833	-0.023789	759800.000000
109.375000	-0.023851	760000.000000
109.479167	-0.023911	760200.000000
109.583333	-0.024050	760400.000000
109.687500	-0.024148	760600.000000
109.791667	-0.023876	760800.000000
109.895833	-0.023730	761000.000000
110.000000	-0.023706	761200.000000
110.104167	-0.023781	761400.000000
110.208333	-0.023917	761600.000000
110.312500	-0.023909	761800.000000
110.416667	-0.024119	762000.000000
110.520833	-0.024414	762200.000000
110.625000	-0.024259	762400.000000
110.729167	-0.024424	762600.000000
110.833333	-0.024223	762800.000000
110.937500	-0.024159	763000.000000
111.041667	-0.023761	763200.000000
111.145833	-0.023648	763400.000000
111.250000	-0.023577	763600.000000
111.354167	-0.023594	763800.000000
111.458333	-0.023630	764000.000000
111.562500	-0.023738	764200.000000
111.666667	-0.023888	764400.000000
111.770833	-0.024309	764600.000000
111.875000	-0.024081	764800.000000
111.979167	-0.024087	765000.000000
112.083333	-0.023991	765200.000000
112.187500	-0.023986	765400.000000
112.291667	-0.024082	765600.000000
112.395833	-0.023906	765800.000000
112.500000	-0.023761	766000.000000
112.604167	-0.023585	766200.000000
112.708333	-0.023415	766400.000000
112.812500	-0.023177	766600.000000
112.916667	-0.023167	766800.000000
113.020833	-0.023420	767000.000000
113.125000	-0.023571	767200.000000
113.229167	-0.023704	767400.000000
113.333333	-0.023952	767600.000000
113.437500	-0.024057	767800.000000
113.541667	-0.024131	768000.000000
113.645833	-0.024362	768200.000000
113.750000	-0.024298	768400.000000
113.854167	-0.024157	768600.000000
113.958333	-0.023989	768800.000000
114.062500	-0.023787	769000.000000
114.166667	-0.023462	769200.000000
114.270833	-0.023220	769400.000000
114.375000	-0.023170	769600.000000
114.479167	-0.023118	769800.000000
114.583333	-0.023138	770000.000000
114.687500	-0.023068	770200.000000
114.791667	-0.023182	770400.000000
114.895833	-0.023268	770600.000000
115.000000	-0.023546	770800.000000
115.104167	-0.023564	771000.000000
115.208333	-0.023984	771200.000000
115.312500	-0.024008	771400.000000
115.416667	-0.024468	771600.000000
115.520833	-0.024533	771800.000000
115.625000	-0.024819	772000.000000
115.729167	-0.024831	772200.000000
115.833333	-0.024940	772400.000000
115.937500	-0.025252	772600.000000
116.041667	-0.025162	772800.000000
116.145833	-0.025356	773000.000000
116.250000	-0.025601	773200.000000
116.354167	-0.025241	773400.000000
116.458333	-0.025168	773600.000000
116.562500	-0.025283	773800.000000
116.666667	-0.025154	774000.000000
116.770833	-0.025157	774200.000000
116.875000	-0.025078	774400.000000
116.979167	-0.024636	774600.000000
117.083333	-0.024644	774800.000000
117.187500	-0.024351	775000.000000
117.291667	-0.024009	775200.000000
117.395833	-0.023577	775400.000000
117.500000	-0.023242	775600.000000
117.604167	-0.023056	775800.000000
117.708333	-0.022820	776000.000000
117.812500	-0.022978	776200.000000
117.916667	-0.022548	776400.000000
118.020833	-0.023013	776600.000000
118.125000	-0.022922	776800.000000
118.229167	-0.023149	777000.000000
118.333333	-0.023510	777200.000000
118.437500	-0.023963	777400.000000
118.541667	-0.024241	777600.000000
118.645833	-0.024698	777800.000000
118.750000	-0.024890	778000.000000
118.854167	-0.025129	778200.000000
118.958333	-0.025170	778400.000000
119.062500	-0.025242	778600.000000
119.166667	-0.025129	778800.000000
119.270833	-0.025239	779000.000000
119.375000	-0.025083	779200.000000
119.479167	-0.024916	779400.000000
119.583333	-0.025067	779600.000000
119.687500	-0.025169	779800.000000
119.791667	-0.025317	780000.000000
119.895833	-0.025149	780200.000000
120.000000	-0.025135	780400.000000
120.104167	-0.025107	780600.000000
120.208333	-0.024971	780800.000000
120.312500	-0.025036	781000.000000
120.416667	-0.024897	781200.000000
120.520833	-0.024754	781400.000000
120.625000	-0.024528	781600.000000
120.729167	-0.024430	781800.000000
120.833333	-0.024115	782000.000000
120.937500	-0.023884	782200.000000
121.041667	-0.023689	782400.000000
121.145833	-0.023749	782600.000000
121.250000	-0.023751	782800.000000
121.354167	-0.023967	783000.000000
121.458333	-0.024154	783200.000000
121.562500	-0.024162	783400.000000
121.666667	-0.024087	783600.000000
121.770833	-0.023809	783800.000000
121.875000	-0.023441	784000.000000
121.979167	-0.023448	784200.000000
122.083333	-0.023293	784400.000000
122.187500	-0.023571	784600.000000
122.291667	-0.023547	784800.000000
122.395833	-0.023573	785000.000000
122.500000	-0.023618	785200.000000
122.604167	-0.023861	785400.000000
122.708333	-0.024089	785600.000000
122.812500	-0.023948	785800.000000
122.916667	-0.024396	786000.000000
123.020833	-0.024422	786200.000000
123.125000	-0.024328	786400.000000
123.229167	-0.024387	786600.000000
123.333333	-0.024254	786800.000000
123.437500	-0.024112	787000.000000
123.541667	-0.024413	787200.000000
123.645833	-0.024206	787400.000000
123.750000	-0.024209	787600.000000
123.854167	-0.024062	787800.000000
123.958333	-0.024142	788000.000000
124.062500	-0.024156	788200.000000
124.166667	-0.024368	788400.000000
124.270833	-0.024304	788600.000000
124.375000	-0.024241	788800.000000
124.479167	-0.024447	789000.000000
124.583333	-0.024478	789200.000000
124.687500	-0.024380	789400.000000
124.791667	-0.024340	789600.000000
124.895833	-0.024189	789800.000000
125.000000	-0.024023	790000.000000
125.104167	-0.024096	790200.000000
125.208333	-0.024115	790400.000000
125.312500	-0.024062	790600.000000
125.416667	-0.023787	790800.000000
125.520833	-0.023804	791000.000000
125.625000	-0.023790	791200.000000
125.729167	-0.023430	791400.000000
125.833333	-0.023256	791600.000000
125.937500	-0.023544	791800.000000
126.041667	-0.023458	792000.000000
126.145833	-0.023645	792200.000000
126.250000	-0.023898	792400.000000
126.354167	-0.024202	792600.000000
126.458333	-0.024159	792800.000000
126.562500	-0.024227	793000.000000
126.666667	-0.024449	793200.000000
126.770833	-0.024240	793400.000000
126.875000	-0.024466	793600.000000
126.979167	-0.024610	793800.000000
127.083333	-0.024423	794000.000000
127.187500	-0.024665	794200.000000
127.291667	-0.024538	794400.000000
127.395833	-0.024503	794600.000000
127.500000	-0.024515	794800.000000
127.604167	-0.024690	795000.000000
127.708333	-0.024974	795200.000000
127.812500	-0.024945	795400.000000
127.916667	-0.024971	795600.000000
128.020833	-0.024982	795800.000000
128.125000	-0.024825	796000.000000
128.229167	-0.024829	796200.000000
128.333333	-0.024700	796400.000000
128.437500	-0.024778	796600.000000
128.541667	-0.024860	796800.000000
128.645833	-0.024756	797000.000000
128.750000	-0.024699	797200.000000
128.854167	-0.024690	797400.000000
128.958333	-0.024687	797600.000000
129.062500	-0.024401	797800.000000
129.166667	-0.024334	798000.000000
129.270833	-0.024222	798200.000000
129.375000	-0.024321	798400.000000
129.479167	-0.024619	798600.000000
129.583333	-0.024568	798800.000000
129.687500	-0.024514	799000.000000
129.791667	-0.024475	799200.000000
129.895833	-0.024600	799400.000000
130.000000	-0.024403	799600.000000
130.104167	-0.024486	799800.000000
130.208333	-0.024349	800000.000000
