0.000000	-0.024430	550000.000000
0.104167	-0.024037	550200.000000
0.208333	-0.024244	550400.000000
0.312500	-0.024270	550600.000000
0.416667	-0.024282	550800.000000
0.520833	-0.024147	551000.000000
0.625000	-0.024273	551200.000000
0.729167	-0.024215	551400.000000
0.833333	-0.024186	551600.000000
0.937500	-0.024198	551800.000000
1.041667	-0.024160	552000.000000
1.145833	-0.024267	552200.000000
1.250000	-0.024360	552400.000000
1.354167	-0.024507	552600.000000
1.458333	-0.024444	552800.000000
1.562500	-0.024452	553000.000000
1.666667	-0.024465	553200.000000
1.770833	-0.024334	553400.000000
1.875000	-0.024367	553600.000000
1.979167	-0.024313	553800.000000
2.083333	-0.024080	554000.000000
2.187500	-0.024426	554200.000000
2.291667	-0.024186	554400.000000
2.395833	-0.024408	554600.000000
2.500000	-0.024314	554800.000000
2.604167	-0.024186	555000.000000
2.708333	-0.024438	555200.000000
2.812500	-0.024439	555400.000000
2.916667	-0.024463	555600.000000
3.020833	-0.024326	555800.000000
3.125000	-0.024281	556000.000000
3.229167	-0.024115	556200.000000
3.333333	-0.024155	556400.000000
3.437500	-0.024244	556600.000000
3.541667	-0.024168	556800.000000
3.645833	-0.024258	557000.000000
3.750000	-0.024144	557200.000000
3.854167	-0.024155	557400.000000
3.958333	-0.024039	557600.000000
4.062500	-0.023955	557800.000000
4.166667	-0.023897	558000.000000
4.270833	-0.023853	558200.000000
4.375000	-0.023874	558400.000000
4.479167	-0.023907	558600.000000
4.583333	-0.023931	558800.000000
4.687500	-0.023774	559000.000000
4.791667	-0.023868	559200.000000
4.895833	-0.023805	559400.000000
5.000000	-0.024070	559600.000000
5.104167	-0.023945	559800.000000
5.208333	-0.023974	560000.000000
5.312500	-0.023986	560200.000000
5.416667	-0.024195	560400.000000
5.520833	-0.024203	560600.000000
5.625000	-0.024067	560800.000000
5.729167	-0.024287	561000.000000
5.833333	-0.024327	561200.000000
5.937500	-0.024304	561400.000000
6.041667	-0.024373	561600.000000
6.145833	-0.024282	561800.000000
6.250000	-0.024269	562000.000000
6.354167	-0.024415	562200.000000
6.458333	-0.024460	562400.000000
6.562500	-0.024383	562600.000000
6.666667	-0.024497	562800.000000
6.770833	-0.024507	563000.000000
6.875000	-0.024365	563200.000000
6.979167	-0.024456	563400.000000
7.083333	-0.024443	563600.000000
7.187500	-0.024232	563800.000000
7.291667	-0.024171	564000.000000
7.395833	-0.024301	564200.000000
7.500000	-0.024299	564400.000000
7.604167	-0.024191	564600.000000
7.708333	-0.024268	564800.000000
7.812500	-0.024143	565000.000000
7.916667	-0.023984	565200.000000
8.020833	-0.024151	565400.000000
8.125000	-0.024154	565600.000000
8.229167	-0.024413	565800.000000
8.333333	-0.024153	566000.000000
8.437500	-0.024159	566200.000000
8.541667	-0.024013	566400.000000
8.645833	-0.023945	566600.000000
8.750000	-0.024112	566800.000000
8.854167	-0.023871	567000.000000
8.958333	-0.024091	567200.000000
9.062500	-0.023863	567400.000000
9.166667	-0.024104	567600.000000
9.270833	-0.024189	567800.000000
9.375000	-0.023961	568000.000000
9.479167	-0.023960	568200.000000
9.583333	-0.023937	568400.000000
9.687500	-0.023663	568600.000000
9.791667	-0.023797	568800.000000
9.895833	-0.023767	569000.000000
10.000000	-0.023854	569200.000000
10.104167	-0.023816	569400.000000
10.208333	-0.023906	569600.000000
10.312500	-0.023942	569800.000000
10.416667	-0.023967	570000.000000
10.520833	-0.023786	570200.000000
10.625000	-0.023713	570400.000000
10.729167	-0.023570	570600.000000
10.833333	-0.023764	570800.000000
10.937500	-0.023675	571000.000000
11.041667	-0.023800	571200.000000
11.145833	-0.023711	571400.000000
11.250000	-0.023884	571600.000000
11.354167	-0.023745	571800.000000
11.458333	-0.023904	572000.000000
11.562500	-0.023778	572200.000000
11.666667	-0.023915	572400.000000
11.770833	-0.024021	572600.000000
11.875000	-0.023876	572800.000000
11.979167	-0.023984	573000.000000
12.083333	-0.023966	573200.000000
12.187500	-0.024114	573400.000000
12.291667	-0.024175	573600.000000
12.395833	-0.024022	573800.000000
12.500000	-0.024059	574000.000000
12.604167	-0.024073	574200.000000
12.708333	-0.024157	574400.000000
12.812500	-0.024221	574600.000000
12.916667	-0.024021	574800.000000
13.020833	-0.024202	575000.000000
13.125000	-0.023949	575200.000000
13.229167	-0.024018	575400.000000
13.333333	-0.024205	575600.000000
13.437500	-0.024095	575800.000000
13.541667	-0.024006	576000.000000
13.645833	-0.024107	576200.000000
13.750000	-0.024138	576400.000000
13.854167	-0.024164	576600.000000
13.958333	-0.024086	576800.000000
14.062500	-0.024068	577000.000000
14.166667	-0.023883	577200.000000
14.270833	-0.023922	577400.000000
14.375000	-0.024165	577600.000000
14.479167	-0.024117	577800.000000
14.583333	-0.023964	578000.000000
14.687500	-0.024006	578200.000000
14.791667	-0.023958	578400.000000
14.895833	-0.023822	578600.000000
15.000000	-0.023865	578800.000000
15.104167	-0.023966	579000.000000
15.208333	-0.023770	579200.000000
15.312500	-0.024034	579400.000000
15.416667	-0.023774	579600.000000
15.520833	-0.023929	579800.000000
15.625000	-0.024098	580000.000000
15.729167	-0.023865	580200.000000
15.833333	-0.023928	580400.000000
15.937500	-0.023914	580600.000000
16.041667	-0.024080	580800.000000
16.145833	-0.023923	581000.000000
16.250000	-0.024025	581200.000000
16.354167	-0.023953	581400.000000
16.458333	-0.023703	581600.000000
16.562500	-0.024010	581800.000000
16.666667	-0.024078	582000.000000
16.770833	-0.023944	582200.000000
16.875000	-0.023877	582400.000000
16.979167	-0.024018	582600.000000
17.083333	-0.024165	582800.000000
17.187500	-0.023988	583000.000000
17.291667	-0.024013	583200.000000
17.395833	-0.024007	583400.000000
17.500000	-0.023807	583600.000000
17.604167	-0.023766	583800.000000
17.708333	-0.023763	584000.000000
17.812500	-0.023715	584200.000000
17.916667	-0.023697	584400.000000
18.020833	-0.023817	584600.000000
18.125000	-0.023645	584800.000000
18.229167	-0.023723	585000.000000
18.333333	-0.023545	585200.000000
18.437500	-0.023438	585400.000000
18.541667	-0.023354	585600.000000
18.645833	-0.023570	585800.000000
18.750000	-0.023410	586000.000000
18.854167	-0.023389	586200.000000
18.958333	-0.023029	586400.000000
19.062500	-0.023202	586600.000000
19.166667	-0.023154	586800.000000
19.270833	-0.022881	587000.000000
19.375000	-0.022665	587200.000000
19.479167	-0.022820	587400.000000
19.583333	-0.022652	587600.000000
19.687500	-0.022398	587800.000000
19.791667	-0.022263	588000.000000
19.895833	-0.022004	588200.000000
20.000000	-0.021811	588400.000000
20.104167	-0.021735	588600.000000
20.208333	-0.021381	588800.000000
20.312500	-0.021109	589000.000000
20.416667	-0.020933	589200.000000
20.520833	-0.020697	589400.000000
20.625000	-0.020232	589600.000000
20.729167	-0.020109	589800.000000
20.833333	-0.019618	590000.000000
20.937500	-0.019380	590200.000000
21.041667	-0.018781	590400.000000
21.145833	-0.018231	590600.000000
21.250000	-0.017829	590800.000000
21.354167	-0.017125	591000.000000
21.458333	-0.016293	591200.000000
21.562500	-0.015593	591400.000000
21.666667	-0.014530	591600.000000
21.770833	-0.013340	591800.000000
21.875000	-0.012189	592000.000000
21.979167	-0.010625	592200.000000
22.083333	-0.009167	592400.000000
22.187500	-0.007450	592600.000000
22.291667	-0.005362	592800.000000
22.395833	-0.002889	593000.000000
22.500000	-0.000270	593200.000000
22.604167	0.002566	593400.000000
22.708333	0.005819	593600.000000
22.812500	0.009793	593800.000000
22.916667	0.013910	594000.000000
23.020833	0.018514	594200.000000
23.125000	0.023792	594400.000000
23.229167	0.029602	594600.000000
23.333333	0.035797	594800.000000
23.437500	0.042511	595000.000000
23.541667	0.049749	595200.000000
23.645833	0.057267	595400.000000
23.750000	0.065267	595600.000000
23.854167	0.073441	595800.000000
23.958333	0.081788	596000.000000
24.062500	0.090308	596200.000000
24.166667	0.096978	596400.000000
24.270833	0.098142	596600.000000
24.375000	0.083871	596800.000000
24.479167	0.039005	597000.000000
24.583333	-0.059379	597200.000000
24.687500	-0.216389	597400.000000
24.791667	-0.427263	597600.000000
24.895833	-0.656948	597800.000000
25.000000	-0.852726	598000.000000
25.104167	-0.957622	598200.000000
25.208333	-0.921318	598400.000000
25.312500	-0.738337	598600.000000
25.416667	-0.462603	598800.000000
25.520833	-0.183075	599000.000000
25.625000	0.049163	599200.000000
25.729167	0.203913	599400.000000
25.833333	0.291616	599600.000000
25.937500	0.327051	599800.000000
26.041667	0.323375	600000.000000
26.145833	0.293196	600200.000000
26.250000	0.251804	600400.000000
26.354167	0.211532	600600.000000
26.458333	0.179640	600800.000000
26.562500	0.161987	601000.000000
26.666667	0.156997	601200.000000
26.770833	0.157582	601400.000000
26.875000	0.153964	601600.000000
26.979167	0.136035	601800.000000
27.083333	0.103670	602000.000000
27.187500	0.066149	602200.000000
27.291667	0.037596	602400.000000
27.395833	0.025364	602600.000000
27.500000	0.024820	602800.000000
27.604167	0.026960	603000.000000
27.708333	0.027242	603200.000000
27.812500	0.024704	603400.000000
27.916667	0.019560	603600.000000
28.020833	0.011421	603800.000000
28.125000	0.002537	604000.000000
28.229167	-0.004020	604200.000000
28.333333	-0.005696	604400.000000
28.437500	-0.000851	604600.000000
28.541667	0.008318	604800.000000
28.645833	0.014866	605000.000000
28.750000	0.013605	605200.000000
28.854167	0.003448	605400.000000
28.958333	-0.010610	605600.000000
29.062500	-0.021603	605800.000000
29.166667	-0.024758	606000.000000
29.270833	-0.021952	606200.000000
29.375000	-0.022187	606400.000000
29.479167	-0.029024	606600.000000
29.583333	-0.040451	606800.000000
29.687500	-0.049144	607000.000000
29.791667	-0.050925	607200.000000
29.895833	-0.046680	607400.000000
30.000000	-0.039101	607600.000000
30.104167	-0.029220	607800.000000
30.208333	-0.020105	608000.000000
30.312500	-0.012645	608200.000000
30.416667	-0.007429	608400.000000
30.520833	-0.005680	608600.000000
30.625000	-0.010045	608800.000000
30.729167	-0.019895	609000.000000
30.833333	-0.029965	609200.000000
30.937500	-0.038117	609400.000000
31.041667	-0.043558	609600.000000
31.145833	-0.046120	609800.000000
31.250000	-0.044741	610000.000000
31.354167	-0.040732	610200.000000
31.458333	-0.034847	610400.000000
31.562500	-0.029606	610600.000000
31.666667	-0.027323	610800.000000
31.770833	-0.028388	611000.000000
31.875000	-0.030423	611200.000000
31.979167	-0.030308	611400.000000
32.083333	-0.029531	611600.000000
32.187500	-0.030169	611800.000000
32.291667	-0.032843	612000.000000
32.395833	-0.036617	612200.000000
32.500000	-0.041570	612400.000000
32.604167	-0.046543	612600.000000
32.708333	-0.049343	612800.000000
32.812500	-0.049873	613000.000000
32.916667	-0.049554	613200.000000
33.020833	-0.048946	613400.000000
33.125000	-0.048977	613600.000000
33.229167	-0.049578	613800.000000
33.333333	-0.049424	614000.000000
33.437500	-0.047223	614200.000000
33.541667	-0.044617	614400.000000
33.645833	-0.042299	614600.000000
33.750000	-0.039874	614800.000000
33.854167	-0.034870	615000.000000
33.958333	-0.025777	615200.000000
34.062500	-0.014338	615400.000000
34.166667	-0.003836	615600.000000
34.270833	0.002395	615800.000000
34.375000	0.002575	616000.000000
34.479167	-0.003037	616200.000000
34.583333	-0.012437	616400.000000
34.687500	-0.020625	616600.000000
34.791667	-0.024167	616800.000000
34.895833	-0.022681	617000.000000
35.000000	-0.018951	617200.000000
35.104167	-0.015450	617400.000000
35.208333	-0.012682	617600.000000
35.312500	-0.011287	617800.000000
35.416667	-0.011615	618000.000000
35.520833	-0.013552	618200.000000
35.625000	-0.014333	618400.000000
35.729167	-0.014564	618600.000000
35.833333	-0.015178	618800.000000
35.937500	-0.016209	619000.000000
36.041667	-0.017964	619200.000000
36.145833	-0.021114	619400.000000
36.250000	-0.025802	619600.000000
36.354167	-0.031270	619800.000000
36.458333	-0.037108	620000.000000
36.562500	-0.042348	620200.000000
36.666667	-0.044435	620400.000000
36.770833	-0.042864	620600.000000
36.875000	-0.036310	620800.000000
36.979167	-0.027534	621000.000000
37.083333	-0.019411	621200.000000
37.187500	-0.016270	621400.000000
37.291667	-0.018972	621600.000000
37.395833	-0.025063	621800.000000
37.500000	-0.030463	622000.000000
37.604167	-0.030817	622200.000000
37.708333	-0.026063	622400.000000
37.812500	-0.019181	622600.000000
37.916667	-0.016249	622800.000000
38.020833	-0.019337	623000.000000
38.125000	-0.027641	623200.000000
38.229167	-0.036635	623400.000000
38.333333	-0.042972	623600.000000
38.437500	-0.045049	623800.000000
38.541667	-0.043894	624000.000000
38.645833	-0.041640	624200.000000
38.750000	-0.039394	624400.000000
38.854167	-0.037387	624600.000000
38.958333	-0.036395	624800.000000
39.062500	-0.037380	625000.000000
39.166667	-0.039622	625200.000000
39.270833	-0.040126	625400.000000
39.375000	-0.036331	625600.000000
39.479167	-0.028056	625800.000000
39.583333	-0.020081	626000.000000
39.687500	-0.016437	626200.000000
39.791667	-0.020684	626400.000000
39.895833	-0.030678	626600.000000
40.000000	-0.040746	626800.000000
40.104167	-0.046864	627000.000000
40.208333	-0.049182	627200.000000
40.312500	-0.048103	627400.000000
40.416667	-0.043177	627600.000000
40.520833	-0.034850	627800.000000
40.625000	-0.026651	628000.000000
40.729167	-0.022802	628200.000000
40.833333	-0.024006	628400.000000
40.937500	-0.027313	628600.000000
41.041667	-0.027941	628800.000000
41.145833	-0.022392	629000.000000
41.250000	-0.012171	629200.000000
41.354167	-0.004358	629400.000000
41.458333	-0.005047	629600.000000
41.562500	-0.015980	629800.000000
41.666667	-0.031732	630000.000000
41.770833	-0.044203	630200.000000
41.875000	-0.049091	630400.000000
41.979167	-0.046883	630600.000000
42.083333	-0.039417	630800.000000
42.187500	-0.029336	631000.000000
42.291667	-0.020256	631200.000000
42.395833	-0.015983	631400.000000
42.500000	-0.017276	631600.000000
42.604167	-0.021563	631800.000000
42.708333	-0.025605	632000.000000
42.812500	-0.026944	632200.000000
42.916667	-0.024593	632400.000000
43.020833	-0.018927	632600.000000
43.125000	-0.011844	632800.000000
43.229167	-0.006630	633000.000000
43.333333	-0.006973	633200.000000
43.437500	-0.012871	633400.000000
43.541667	-0.022375	633600.000000
43.645833	-0.029304	633800.000000
43.750000	-0.033389	634000.000000
43.854167	-0.033982	634200.000000
43.958333	-0.031607	634400.000000
44.062500	-0.028593	634600.000000
44.166667	-0.025149	634800.000000
44.270833	-0.022170	635000.000000
44.375000	-0.021050	635200.000000
44.479167	-0.020886	635400.000000
44.583333	-0.019393	635600.000000
44.687500	-0.015708	635800.000000
44.791667	-0.009318	636000.000000
44.895833	-0.002825	636200.000000
45.000000	-0.000700	636400.000000
45.104167	-0.004899	636600.000000
45.208333	-0.013279	636800.000000
45.312500	-0.021865	637000.000000
45.416667	-0.027358	637200.000000
45.520833	-0.029785	637400.000000
45.625000	-0.030949	637600.000000
45.729167	-0.031424	637800.000000
45.833333	-0.030889	638000.000000
45.937500	-0.028606	638200.000000
46.041667	-0.025157	638400.000000
46.145833	-0.021032	638600.000000
46.250000	-0.016073	638800.000000
46.354167	-0.011498	639000.000000
46.458333	-0.008079	639200.000000
46.562500	-0.007276	639400.000000
46.666667	-0.009410	639600.000000
46.770833	-0.013182	639800.000000
46.875000	-0.017223	640000.000000
46.979167	-0.020915	640200.000000
47.083333	-0.023978	640400.000000
47.187500	-0.026064	640600.000000
47.291667	-0.028035	640800.000000
47.395833	-0.029137	641000.000000
47.500000	-0.028783	641200.000000
47.604167	-0.027429	641400.000000
47.708333	-0.025520	641600.000000
47.812500	-0.024484	641800.000000
47.916667	-0.024440	642000.000000
48.020833	-0.024048	642200.000000
48.125000	-0.022255	642400.000000
48.229167	-0.019865	642600.000000
48.333333	-0.017721	642800.000000
48.437500	-0.016802	643000.000000
48.541667	-0.017897	643200.000000
48.645833	-0.020333	643400.000000
48.750000	-0.022493	643600.000000
48.854167	-0.023372	643800.000000
48.958333	-0.023320	644000.000000
49.062500	-0.023526	644200.000000
49.166667	-0.024993	644400.000000
49.270833	-0.027883	644600.000000
49.375000	-0.031470	644800.000000
49.479167	-0.033554	645000.000000
49.583333	-0.033364	645200.000000
49.687500	-0.030895	645400.000000
49.791667	-0.026408	645600.000000
49.895833	-0.021699	645800.000000
50.000000	-0.017284	646000.000000
50.104167	-0.014307	646200.000000
50.208333	-0.013320	646400.000000
50.312500	-0.015065	646600.000000
50.416667	-0.017392	646800.000000
50.520833	-0.018926	647000.000000
50.625000	-0.019429	647200.000000
50.729167	-0.021541	647400.000000
50.833333	-0.026915	647600.000000
50.937500	-0.034205	647800.000000
51.041667	-0.038558	648000.000000
51.145833	-0.038234	648200.000000
51.250000	-0.034295	648400.000000
51.354167	-0.029179	648600.000000
51.458333	-0.023672	648800.000000
51.562500	-0.018815	649000.000000
51.666667	-0.015171	649200.000000
51.770833	-0.013807	649400.000000
51.875000	-0.014604	649600.000000
51.979167	-0.017491	649800.000000
52.083333	-0.021407	650000.000000
52.187500	-0.024436	650200.000000
52.291667	-0.025232	650400.000000
52.395833	-0.023555	650600.000000
52.500000	-0.022426	650800.000000
52.604167	-0.023440	651000.000000
52.708333	-0.026585	651200.000000
52.812500	-0.030659	651400.000000
52.916667	-0.033390	651600.000000
53.020833	-0.033365	651800.000000
53.125000	-0.031102	652000.000000
53.229167	-0.026862	652200.000000
53.333333	-0.022197	652400.000000
53.437500	-0.018875	652600.000000
53.541667	-0.018982	652800.000000
53.645833	-0.022673	653000.000000
53.750000	-0.026670	653200.000000
53.854167	-0.028259	653400.000000
53.958333	-0.026833	653600.000000
54.062500	-0.023525	653800.000000
54.166667	-0.020382	654000.000000
54.270833	-0.019490	654200.000000
54.375000	-0.021922	654400.000000
54.479167	-0.026995	654600.000000
54.583333	-0.032563	654800.000000
54.687500	-0.036503	655000.000000
54.791667	-0.037612	655200.000000
54.895833	-0.035893	655400.000000
55.000000	-0.032668	655600.000000
55.104167	-0.027915	655800.000000
55.208333	-0.022769	656000.000000
55.312500	-0.019226	656200.000000
55.416667	-0.017260	656400.000000
55.520833	-0.015959	656600.000000
55.625000	-0.015579	656800.000000
55.729167	-0.016462	657000.000000
55.833333	-0.018689	657200.000000
55.937500	-0.021248	657400.000000
56.041667	-0.023820	657600.000000
56.145833	-0.026508	657800.000000
56.250000	-0.030150	658000.000000
56.354167	-0.033567	658200.000000
56.458333	-0.035209	658400.000000
56.562500	-0.034775	658600.000000
56.666667	-0.032182	658800.000000
56.770833	-0.027888	659000.000000
56.875000	-0.023073	659200.000000
56.979167	-0.019729	659400.000000
57.083333	-0.018112	659600.000000
57.187500	-0.018483	659800.000000
57.291667	-0.019532	660000.000000
57.395833	-0.019926	660200.000000
57.500000	-0.020180	660400.000000
57.604167	-0.020928	660600.000000
57.708333	-0.022026	660800.000000
57.812500	-0.023525	661000.000000
57.916667	-0.025557	661200.000000
58.020833	-0.026675	661400.000000
58.125000	-0.027718	661600.000000
58.229167	-0.027555	661800.000000
58.333333	-0.025867	662000.000000
58.437500	-0.024137	662200.000000
58.541667	-0.023982	662400.000000
58.645833	-0.025074	662600.000000
58.750000	-0.024761	662800.000000
58.854167	-0.022661	663000.000000
58.958333	-0.019962	663200.000000
59.062500	-0.018205	663400.000000
59.166667	-0.018095	663600.000000
59.270833	-0.018341	663800.000000
59.375000	-0.018217	664000.000000
59.479167	-0.017835	664200.000000
59.583333	-0.017836	664400.000000
59.687500	-0.018679	664600.000000
59.791667	-0.020711	664800.000000
59.895833	-0.024099	665000.000000
60.000000	-0.027819	665200.000000
60.104167	-0.030662	665400.000000
60.208333	-0.031776	665600.000000
60.312500	-0.030532	665800.000000
60.416667	-0.027199	666000.000000
60.520833	-0.022666	666200.000000
60.625000	-0.017925	666400.000000
60.729167	-0.014517	666600.000000
60.833333	-0.013460	666800.000000
60.937500	-0.014364	667000.000000
61.041667	-0.016062	667200.000000
61.145833	-0.017738	667400.000000
61.250000	-0.019158	667600.000000
61.354167	-0.020541	667800.000000
61.458333	-0.022471	668000.000000
61.562500	-0.024920	668200.000000
61.666667	-0.027422	668400.000000
61.770833	-0.029422	668600.000000
61.875000	-0.029682	668800.000000
61.979167	-0.028599	669000.000000
62.083333	-0.027146	669200.000000
62.187500	-0.024930	669400.000000
62.291667	-0.022076	669600.000000
62.395833	-0.018705	669800.000000
62.500000	-0.015561	670000.000000
62.604167	-0.014862	670200.000000
62.708333	-0.016738	670400.000000
62.812500	-0.020467	670600.000000
62.916667	-0.023869	670800.000000
63.020833	-0.025566	671000.000000
63.125000	-0.025358	671200.000000
63.229167	-0.024215	671400.000000
63.333333	-0.023838	671600.000000
63.437500	-0.023706	671800.000000
63.541667	-0.024791	672000.000000
63.645833	-0.026007	672200.000000
63.750000	-0.027092	672400.000000
63.854167	-0.028011	672600.000000
63.958333	-0.028789	672800.000000
64.062500	-0.028936	673000.000000
64.166667	-0.028087	673200.000000
64.270833	-0.026532	673400.000000
64.375000	-0.024428	673600.000000
64.479167	-0.022253	673800.000000
64.583333	-0.021193	674000.000000
64.687500	-0.020649	674200.000000
64.791667	-0.021318	674400.000000
64.895833	-0.023311	674600.000000
65.000000	-0.026108	674800.000000
65.104167	-0.028364	675000.000000
65.208333	-0.029408	675200.000000
65.312500	-0.029889	675400.000000
65.416667	-0.030615	675600.000000
65.520833	-0.031198	675800.000000
65.625000	-0.031553	676000.000000
65.729167	-0.031484	676200.000000
65.833333	-0.031211	676400.000000
65.937500	-0.029955	676600.000000
66.041667	-0.026918	676800.000000
66.145833	-0.022920	677000.000000
66.250000	-0.019712	677200.000000
66.354167	-0.019437	677400.000000
66.458333	-0.022770	677600.000000
66.562500	-0.027267	677800.000000
66.666667	-0.031342	678000.000000
66.770833	-0.033893	678200.000000
66.875000	-0.034836	678400.000000
66.979167	-0.034584	678600.000000
67.083333	-0.033978	678800.000000
67.187500	-0.033007	679000.000000
67.291667	-0.031111	679200.000000
67.395833	-0.029263	679400.000000
67.500000	-0.028274	679600.000000
67.604167	-0.027740	679800.000000
67.708333	-0.026081	680000.000000
67.812500	-0.023409	680200.000000
67.916667	-0.020273	680400.000000
68.020833	-0.018279	680600.000000
68.125000	-0.018000	680800.000000
68.229167	-0.019587	681000.000000
68.333333	-0.021763	681200.000000
68.437500	-0.023599	681400.000000
68.541667	-0.024160	681600.000000
68.645833	-0.022848	681800.000000
68.750000	-0.020363	682000.000000
68.854167	-0.018778	682200.000000
68.958333	-0.018760	682400.000000
69.062500	-0.021036	682600.000000
69.166667	-0.025129	682800.000000
69.270833	-0.028301	683000.000000
69.375000	-0.029513	683200.000000
69.479167	-0.027700	683400.000000
69.583333	-0.023299	683600.000000
69.687500	-0.018961	683800.000000
69.791667	-0.016631	684000.000000
69.895833	-0.016764	684200.000000
70.000000	-0.019273	684400.000000
70.104167	-0.022621	684600.000000
70.208333	-0.025274	684800.000000
70.312500	-0.025846	685000.000000
70.416667	-0.025484	685200.000000
70.520833	-0.024717	685400.000000
70.625000	-0.025613	685600.000000
70.729167	-0.028296	685800.000000
70.833333	-0.031786	686000.000000
70.937500	-0.035008	686200.000000
71.041667	-0.036022	686400.000000
71.145833	-0.034430	686600.000000
71.250000	-0.030714	686800.000000
71.354167	-0.026576	687000.000000
71.458333	-0.022802	687200.000000
71.562500	-0.020867	687400.000000
71.666667	-0.021290	687600.000000
71.770833	-0.023811	687800.000000
71.875000	-0.027406	688000.000000
71.979167	-0.031496	688200.000000
72.083333	-0.034556	688400.000000
72.187500	-0.036637	688600.000000
72.291667	-0.037815	688800.000000
72.395833	-0.038336	689000.000000
72.500000	-0.038252	689200.000000
72.604167	-0.038354	689400.000000
72.708333	-0.038627	689600.000000
72.812500	-0.038174	689800.000000
72.916667	-0.036657	690000.000000
73.020833	-0.034482	690200.000000
73.125000	-0.031856	690400.000000
73.229167	-0.029248	690600.000000
73.333333	-0.026958	690800.000000
73.437500	-0.025420	691000.000000
73.541667	-0.024324	691200.000000
73.645833	-0.022834	691400.000000
73.750000	-0.020856	691600.000000
73.854167	-0.018593	691800.000000
73.958333	-0.017212	692000.000000
74.062500	-0.016241	692200.000000
74.166667	-0.015454	692400.000000
74.270833	-0.014791	692600.000000
74.375000	-0.013441	692800.000000
74.479167	-0.012218	693000.000000
74.583333	-0.011413	693200.000000
74.687500	-0.011096	693400.000000
74.791667	-0.012105	693600.000000
74.895833	-0.013358	693800.000000
75.000000	-0.014127	694000.000000
75.104167	-0.013732	694200.000000
75.208333	-0.012909	694400.000000
75.312500	-0.012342	694600.000000
75.416667	-0.012169	694800.000000
75.520833	-0.013357	695000.000000
75.625000	-0.015931	695200.000000
75.729167	-0.019831	695400.000000
75.833333	-0.023945	695600.000000
75.937500	-0.027833	695800.000000
76.041667	-0.030300	696000.000000
76.145833	-0.031771	696200.000000
76.250000	-0.032490	696400.000000
76.354167	-0.032770	696600.000000
76.458333	-0.032868	696800.000000
76.562500	-0.031966	697000.000000
76.666667	-0.030469	697200.000000
76.770833	-0.028021	697400.000000
76.875000	-0.025072	697600.000000
76.979167	-0.022414	697800.000000
77.083333	-0.021004	698000.000000
77.187500	-0.021019	698200.000000
77.291667	-0.022957	698400.000000
77.395833	-0.025604	698600.000000
77.500000	-0.027230	698800.000000
77.604167	-0.028131	699000.000000
77.708333	-0.027900	699200.000000
77.812500	-0.026520	699400.000000
77.916667	-0.024753	699600.000000
78.020833	-0.023221	699800.000000
78.125000	-0.022662	700000.000000
78.229167	-0.023035	700200.000000
78.333333	-0.024584	700400.000000
78.437500	-0.025670	700600.000000
78.541667	-0.025548	700800.000000
78.645833	-0.024337	701000.000000
78.750000	-0.023200	701200.000000
78.854167	-0.022674	701400.000000
78.958333	-0.023953	701600.000000
79.062500	-0.026617	701800.000000
79.166667	-0.029026	702000.000000
79.270833	-0.030048	702200.000000
79.375000	-0.029334	702400.000000
79.479167	-0.027008	702600.000000
79.583333	-0.024426	702800.000000
79.687500	-0.022860	703000.000000
79.791667	-0.023050	703200.000000
79.895833	-0.024745	703400.000000
80.000000	-0.026354	703600.000000
80.104167	-0.027267	703800.000000
80.208333	-0.027116	704000.000000
80.312500	-0.025674	704200.000000
80.416667	-0.022809	704400.000000
80.520833	-0.019097	704600.000000
80.625000	-0.015847	704800.000000
80.729167	-0.014164	705000.000000
80.833333	-0.014382	705200.000000
80.937500	-0.016087	705400.000000
81.041667	-0.018601	705600.000000
81.145833	-0.021029	705800.000000
81.250000	-0.023065	706000.000000
81.354167	-0.024002	706200.000000
81.458333	-0.024561	706400.000000
81.562500	-0.024459	706600.000000
81.666667	-0.023575	706800.000000
81.770833	-0.022089	707000.000000
81.875000	-0.020676	707200.000000
81.979167	-0.019886	707400.000000
82.083333	-0.019032	707600.000000
82.187500	-0.017792	707800.000000
82.291667	-0.016017	708000.000000
82.395833	-0.013725	708200.000000
82.500000	-0.013086	708400.000000
82.604167	-0.014291	708600.000000
82.708333	-0.016361	708800.000000
82.812500	-0.018436	709000.000000
82.916667	-0.020211	709200.000000
83.020833	-0.021655	709400.000000
83.125000	-0.022412	709600.000000
83.229167	-0.022729	709800.000000
83.333333	-0.022379	710000.000000
83.437500	-0.021265	710200.000000
83.541667	-0.020335	710400.000000
83.645833	-0.020258	710600.000000
83.750000	-0.020717	710800.000000
83.854167	-0.021593	711000.000000
83.958333	-0.021902	711200.000000
84.062500	-0.022103	711400.000000
84.166667	-0.021713	711600.000000
84.270833	-0.021051	711800.000000
84.375000	-0.020597	712000.000000
84.479167	-0.020593	712200.000000
84.583333	-0.021317	712400.000000
84.687500	-0.022489	712600.000000
84.791667	-0.024072	712800.000000
84.895833	-0.025251	713000.000000
85.000000	-0.025591	713200.000000
85.104167	-0.025916	713400.000000
85.208333	-0.026302	713600.000000
85.312500	-0.026854	713800.000000
85.416667	-0.028249	714000.000000
85.520833	-0.028931	714200.000000
85.625000	-0.028980	714400.000000
85.729167	-0.027487	714600.000000
85.833333	-0.025010	714800.000000
85.937500	-0.022722	715000.000000
86.041667	-0.021252	715200.000000
86.145833	-0.021172	715400.000000
86.250000	-0.022753	715600.000000
86.354167	-0.025514	715800.000000
86.458333	-0.028407	716000.000000
86.562500	-0.030630	716200.000000
86.666667	-0.031370	716400.000000
86.770833	-0.030997	716600.000000
86.875000	-0.030101	716800.000000
86.979167	-0.029774	717000.000000
87.083333	-0.030078	717200.000000
87.187500	-0.030470	717400.000000
87.291667	-0.030586	717600.000000
87.395833	-0.029895	717800.000000
87.500000	-0.027950	718000.000000
87.604167	-0.026193	718200.000000
87.708333	-0.024675	718400.000000
87.812500	-0.023946	718600.000000
87.916667	-0.024352	718800.000000
88.020833	-0.026353	719000.000000
88.125000	-0.028334	719200.000000
88.229167	-0.030511	719400.000000
88.333333	-0.032244	719600.000000
88.437500	-0.032184	719800.000000
88.541667	-0.031128	720000.000000
88.645833	-0.029469	720200.000000
88.750000	-0.028106	720400.000000
88.854167	-0.027412	720600.000000
88.958333	-0.027656	720800.000000
89.062500	-0.028233	721000.000000
89.166667	-0.028299	721200.000000
89.270833	-0.027644	721400.000000
89.375000	-0.026493	721600.000000
89.479167	-0.025046	721800.000000
89.583333	-0.023688	722000.000000
89.687500	-0.023224	722200.000000
89.791667	-0.023051	722400.000000
89.895833	-0.023360	722600.000000
90.000000	-0.023951	722800.000000
90.104167	-0.024795	723000.000000
90.208333	-0.025704	723200.000000
90.312500	-0.026364	723400.000000
90.416667	-0.027513	723600.000000
90.520833	-0.028346	723800.000000
90.625000	-0.028621	724000.000000
90.729167	-0.028746	724200.000000
90.833333	-0.028544	724400.000000
90.937500	-0.028029	724600.000000
91.041667	-0.026721	724800.000000
91.145833	-0.025387	725000.000000
91.250000	-0.024122	725200.000000
91.354167	-0.023043	725400.000000
91.458333	-0.022268	725600.000000
91.562500	-0.022049	725800.000000
91.666667	-0.022166	726000.000000
91.770833	-0.023025	726200.000000
91.875000	-0.024652	726400.000000
91.979167	-0.026592	726600.000000
92.083333	-0.028444	726800.000000
92.187500	-0.029494	727000.000000
92.291667	-0.029340	727200.000000
92.395833	-0.028877	727400.000000
92.500000	-0.027949	727600.000000
92.604167	-0.026489	727800.000000
92.708333	-0.025112	728000.000000
92.812500	-0.023693	728200.000000
92.916667	-0.022526	728400.000000
93.020833	-0.021742	728600.000000
93.125000	-0.021939	728800.000000
93.229167	-0.022387	729000.000000
93.333333	-0.022969	729200.000000
93.437500	-0.023717	729400.000000
93.541667	-0.024126	729600.000000
93.645833	-0.024405	729800.000000
93.750000	-0.024361	730000.000000
93.854167	-0.024636	730200.000000
93.958333	-0.024598	730400.000000
94.062500	-0.024724	730600.000000
94.166667	-0.024293	730800.000000
94.270833	-0.024021	731000.000000
94.375000	-0.023869	731200.000000
94.479167	-0.023643	731400.000000
94.583333	-0.023603	731600.000000
94.687500	-0.023484	731800.000000
94.791667	-0.023418	732000.000000
94.895833	-0.023254	732200.000000
95.000000	-0.022956	732400.000000
95.104167	-0.022496	732600.000000
95.208333	-0.022285	732800.000000
95.312500	-0.023231	733000.000000
95.416667	-0.024324	733200.000000
95.520833	-0.025773	733400.000000
95.625000	-0.026716	733600.000000
95.729167	-0.027679	733800.000000
95.833333	-0.027612	734000.000000
95.937500	-0.027418	734200.000000
96.041667	-0.027072	734400.000000
96.145833	-0.026748	734600.000000
96.250000	-0.026245	734800.000000
96.354167	-0.025503	735000.000000
96.458333	-0.024224	735200.000000
96.562500	-0.023208	735400.000000
96.666667	-0.021929	735600.000000
96.770833	-0.020603	735800.000000
96.875000	-0.019733	736000.000000
96.979167	-0.019799	736200.000000
97.083333	-0.021100	736400.000000
97.187500	-0.023459	736600.000000
97.291667	-0.026088	736800.000000
97.395833	-0.028234	737000.000000
97.500000	-0.029335	737200.000000
97.604167	-0.029435	737400.000000
97.708333	-0.028571	737600.000000
97.812500	-0.027246	737800.000000
97.916667	-0.025805	738000.000000
98.020833	-0.024550	738200.000000
98.125000	-0.023512	738400.000000
98.229167	-0.023266	738600.000000
98.333333	-0.023287	738800.000000
98.437500	-0.023086	739000.000000
98.541667	-0.022134	739200.000000
98.645833	-0.021407	739400.000000
98.750000	-0.020529	739600.000000
98.854167	-0.020287	739800.000000
98.958333	-0.021102	740000.000000
99.062500	-0.022384	740200.000000
99.166667	-0.023548	740400.000000
99.270833	-0.024533	740600.000000
99.375000	-0.024991	740800.000000
99.479167	-0.025303	741000.000000
99.583333	-0.025441	741200.000000
99.687500	-0.025978	741400.000000
99.791667	-0.026168	741600.000000
99.895833	-0.026635	741800.000000
100.000000	-0.026577	742000.000000
100.104167	-0.026613	742200.000000
100.208333	-0.026289	742400.000000
100.312500	-0.025378	742600.000000
100.416667	-0.024005	742800.000000
100.520833	-0.022865	743000.000000
100.625000	-0.022107	743200.000000
100.729167	-0.022260	743400.000000
100.833333	-0.023194	743600.000000
100.937500	-0.023877	743800.000000
101.041667	-0.024680	744000.000000
101.145833	-0.025271	744200.000000
101.250000	-0.025828	744400.000000
101.354167	-0.026379	744600.000000
101.458333	-0.026703	744800.000000
101.562500	-0.026985	745000.000000
101.666667	-0.026805	745200.000000
101.770833	-0.026069	745400.000000
101.875000	-0.025256	745600.000000
101.979167	-0.023804	745800.000000
102.083333	-0.022380	746000.000000
102.187500	-0.021311	746200.000000
102.291667	-0.021174	746400.000000
102.395833	-0.022071	746600.000000
102.500000	-0.023439	746800.000000
102.604167	-0.024704	747000.000000
102.708333	-0.025725	747200.000000
102.812500	-0.025985	747400.000000
102.916667	-0.025834	747600.000000
103.020833	-0.025351	747800.000000
103.125000	-0.024889	748000.000000
103.229167	-0.024939	748200.000000
103.333333	-0.025098	748400.000000
103.437500	-0.025369	748600.000000
103.541667	-0.025368	748800.000000
103.645833	-0.024963	749000.000000
103.750000	-0.024615	749200.000000
103.854167	-0.024613	749400.000000
103.958333	-0.024663	749600.000000
104.062500	-0.024899	749800.000000
104.166667	-0.025366	750000.000000
104.270833	-0.026027	750200.000000
104.375000	-0.026386	750400.000000
104.479167	-0.026321	750600.000000
104.583333	-0.026253	750800.000000
104.687500	-0.026126	751000.000000
104.791667	-0.025708	751200.000000
104.895833	-0.025510	751400.000000
105.000000	-0.025823	751600.000000
105.104167	-0.025668	751800.000000
105.208333	-0.025967	752000.000000
105.312500	-0.026099	752200.000000
105.416667	-0.025600	752400.000000
105.520833	-0.024886	752600.000000
105.625000	-0.023722	752800.000000
105.729167	-0.021935	753000.000000
105.833333	-0.021021	753200.000000
105.937500	-0.020403	753400.000000
106.041667	-0.020206	753600.000000
106.145833	-0.020126	753800.000000
106.250000	-0.020810	754000.000000
106.354167	-0.022018	754200.000000
106.458333	-0.022933	754400.000000
106.562500	-0.023712	754600.000000
106.666667	-0.023633	754800.000000
106.770833	-0.023281	755000.000000
106.875000	-0.022854	755200.000000
106.979167	-0.022391	755400.000000
107.083333	-0.022093	755600.000000
107.187500	-0.021481	755800.000000
107.291667	-0.020957	756000.000000
107.395833	-0.020574	756200.000000
107.500000	-0.020632	756400.000000
107.604167	-0.020986	756600.000000
107.708333	-0.021366	756800.000000
107.812500	-0.021905	757000.000000
107.916667	-0.022743	757200.000000
108.020833	-0.023366	757400.000000
108.125000	-0.024548	757600.000000
108.229167	-0.025602	757800.000000
108.333333	-0.025724	758000.000000
108.437500	-0.025295	758200.000000
108.541667	-0.024421	758400.000000
108.645833	-0.023502	758600.000000
108.750000	-0.022629	758800.000000
108.854167	-0.021964	759000.000000
108.958333	-0.021396	759200.000000
109.062500	-0.020838	759400.000000
109.166667	-0.020423	759600.000000
109.270833	-0.019992	759800.000000
109.375000	-0.020171	760000.000000
109.479167	-0.020476	760200.000000
109.583333	-0.021332	760400.000000
109.687500	-0.022006	760600.000000
109.791667	-0.023049	760800.000000
109.895833	-0.023727	761000.000000
110.000000	-0.024132	761200.000000
110.104167	-0.024238	761400.000000
110.208333	-0.024412	761600.000000
110.312500	-0.024778	761800.000000
110.416667	-0.025549	762000.000000
110.520833	-0.026191	762200.000000
110.625000	-0.026744	762400.000000
110.729167	-0.026473	762600.000000
110.833333	-0.025829	762800.000000
110.937500	-0.024359	763000.000000
111.041667	-0.023106	763200.000000
111.145833	-0.022468	763400.000000
111.250000	-0.022190	763600.000000
111.354167	-0.022672	763800.000000
111.458333	-0.023343	764000.000000
111.562500	-0.024237	764200.000000
111.666667	-0.024776	764400.000000
111.770833	-0.024712	764600.000000
111.875000	-0.024132	764800.000000
111.979167	-0.023872	765000.000000
112.083333	-0.023570	765200.000000
112.187500	-0.023359	765400.000000
112.291667	-0.023188	765600.000000
112.395833	-0.022938	765800.000000
112.500000	-0.021973	766000.000000
112.604167	-0.020899	766200.000000
112.708333	-0.020113	766400.000000
112.812500	-0.019368	766600.000000
112.916667	-0.019607	766800.000000
113.020833	-0.020397	767000.000000
113.125000	-0.021395	767200.000000
113.229167	-0.022417	767400.000000
113.333333	-0.023424	767600.000000
113.437500	-0.024080	767800.000000
113.541667	-0.024334	768000.000000
113.645833	-0.024124	768200.000000
113.750000	-0.023939	768400.000000
113.854167	-0.023716	768600.000000
113.958333	-0.024184	768800.000000
114.062500	-0.024646	769000.000000
114.166667	-0.024920	769200.000000
114.270833	-0.024928	769400.000000
114.375000	-0.024954	769600.000000
114.479167	-0.024987	769800.000000
114.583333	-0.025288	770000.000000
114.687500	-0.025603	770200.000000
114.791667	-0.025713	770400.000000
114.895833	-0.025416	770600.000000
115.000000	-0.025280	770800.000000
115.104167	-0.025293	771000.000000
115.208333	-0.025296	771200.000000
115.312500	-0.025994	771400.000000
115.416667	-0.026910	771600.000000
115.520833	-0.028264	771800.000000
115.625000	-0.029471	772000.000000
115.729167	-0.030650	772200.000000
115.833333	-0.031769	772400.000000
115.937500	-0.032775	772600.000000
116.041667	-0.033462	772800.000000
116.145833	-0.034121	773000.000000
116.250000	-0.034202	773200.000000
116.354167	-0.034099	773400.000000
116.458333	-0.034258	773600.000000
116.562500	-0.033621	773800.000000
116.666667	-0.032935	774000.000000
116.770833	-0.032113	774200.000000
116.875000	-0.031892	774400.000000
116.979167	-0.031906	774600.000000
117.083333	-0.032248	774800.000000
117.187500	-0.032573	775000.000000
117.291667	-0.032195	775200.000000
117.395833	-0.031658	775400.000000
117.500000	-0.030438	775600.000000
117.604167	-0.028394	775800.000000
117.708333	-0.026463	776000.000000
117.812500	-0.024066	776200.000000
117.916667	-0.021585	776400.000000
118.020833	-0.018935	776600.000000
118.125000	-0.017210	776800.000000
118.229167	-0.015938	777000.000000
118.333333	-0.015353	777200.000000
118.437500	-0.015697	777400.000000
118.541667	-0.016347	777600.000000
118.645833	-0.017959	777800.000000
118.750000	-0.020380	778000.000000
118.854167	-0.022467	778200.000000
118.958333	-0.024281	778400.000000
119.062500	-0.025468	778600.000000
119.166667	-0.025874	778800.000000
119.270833	-0.026148	779000.000000
119.375000	-0.026668	779200.000000
119.479167	-0.027351	779400.000000
119.583333	-0.028590	779600.000000
119.687500	-0.029495	779800.000000
119.791667	-0.029889	780000.000000
119.895833	-0.029538	780200.000000
120.000000	-0.028848	780400.000000
120.104167	-0.027395	780600.000000
120.208333	-0.026157	780800.000000
120.312500	-0.025200	781000.000000
120.416667	-0.025024	781200.000000
120.520833	-0.025002	781400.000000
120.625000	-0.025452	781600.000000
120.729167	-0.025705	781800.000000
120.833333	-0.025667	782000.000000
120.937500	-0.025586	782200.000000
121.041667	-0.025607	782400.000000
121.145833	-0.025801	782600.000000
121.250000	-0.026093	782800.000000
121.354167	-0.026101	783000.000000
121.458333	-0.025568	783200.000000
121.562500	-0.024284	783400.000000
121.666667	-0.022868	783600.000000
121.770833	-0.020971	783800.000000
121.875000	-0.019423	784000.000000
121.979167	-0.018548	784200.000000
122.083333	-0.018557	784400.000000
122.187500	-0.019217	784600.000000
122.291667	-0.020233	784800.000000
122.395833	-0.021123	785000.000000
122.500000	-0.022300	785200.000000
122.604167	-0.023355	785400.000000
122.708333	-0.024204	785600.000000
122.812500	-0.024976	785800.000000
122.916667	-0.025129	786000.000000
123.020833	-0.024963	786200.000000
123.125000	-0.024298	786400.000000
123.229167	-0.023186	786600.000000
123.333333	-0.022497	786800.000000
123.437500	-0.021518	787000.000000
123.541667	-0.021076	787200.000000
123.645833	-0.020541	787400.000000
123.750000	-0.020606	787600.000000
123.854167	-0.020134	787800.000000
123.958333	-0.020231	788000.000000
124.062500	-0.020174	788200.000000
124.166667	-0.020563	788400.000000
124.270833	-0.020689	788600.000000
124.375000	-0.020999	788800.000000
124.479167	-0.021737	789000.000000
124.583333	-0.022468	789200.000000
124.687500	-0.023057	789400.000000
124.791667	-0.023452	789600.000000
124.895833	-0.023713	789800.000000
125.000000	-0.024220	790000.000000
125.104167	-0.024304	790200.000000
125.208333	-0.024679	790400.000000
125.312500	-0.024609	790600.000000
125.416667	-0.024362	790800.000000
125.520833	-0.023904	791000.000000
125.625000	-0.023407	791200.000000
125.729167	-0.023367	791400.000000
125.833333	-0.023526	791600.000000
125.937500	-0.024028	791800.000000
126.041667	-0.024884	792000.000000
126.145833	-0.025754	792200.000000
126.250000	-0.026720	792400.000000
126.354167	-0.027587	792600.000000
126.458333	-0.028293	792800.000000
126.562500	-0.028478	793000.000000
126.666667	-0.028706	793200.000000
126.770833	-0.028514	793400.000000
126.875000	-0.028019	793600.000000
126.979167	-0.027557	793800.000000
127.083333	-0.026650	794000.000000
127.187500	-0.025595	794200.000000
127.291667	-0.024429	794400.000000
127.395833	-0.023836	794600.000000
127.500000	-0.023283	794800.000000
127.604167	-0.023114	795000.000000
127.708333	-0.023653	795200.000000
127.812500	-0.024194	795400.000000
127.916667	-0.024547	795600.000000
128.020833	-0.024640	795800.000000
128.125000	-0.023996	796000.000000
128.229167	-0.023272	796200.000000
128.333333	-0.022533	796400.000000
128.437500	-0.022359	796600.000000
128.541667	-0.022534	796800.000000
128.645833	-0.022538	797000.000000
128.750000	-0.022678	797200.000000
128.854167	-0.022743	797400.000000
128.958333	-0.022930	797600.000000
129.062500	-0.023068	797800.000000
129.166667	-0.023500	798000.000000
129.270833	-0.024304	798200.000000
129.375000	-0.025403	798400.000000
129.479167	-0.026411	798600.000000
129.583333	-0.027619	798800.000000
129.687500	-0.028281	799000.000000
129.791667	-0.028277	799200.000000
129.895833	-0.027485	799400.000000
130.000000	-0.026729	799600.000000
130.104167	-0.026002	799800.000000
130.208333	-0.025643	800000.000000
