0.000000	-0.023930	550000.000000
0.104167	-0.023824	550200.000000
0.208333	-0.023972	550400.000000
0.312500	-0.023924	550600.000000
0.416667	-0.023708	550800.000000
0.520833	-0.023909	551000.000000
0.625000	-0.023849	551200.000000
0.729167	-0.024153	551400.000000
0.833333	-0.023888	551600.000000
0.937500	-0.023770	551800.000000
1.041667	-0.023878	552000.000000
1.145833	-0.024013	552200.000000
1.250000	-0.023950	552400.000000
1.354167	-0.023833	552600.000000
1.458333	-0.024003	552800.000000
1.562500	-0.024025	553000.000000
1.666667	-0.023923	553200.000000
1.770833	-0.023800	553400.000000
1.875000	-0.024116	553600.000000
1.979167	-0.024156	553800.000000
2.083333	-0.023860	554000.000000
2.187500	-0.023989	554200.000000
2.291667	-0.024035	554400.000000
2.395833	-0.023910	554600.000000
2.500000	-0.023851	554800.000000
2.604167	-0.024171	555000.000000
2.708333	-0.023767	555200.000000
2.812500	-0.024004	555400.000000
2.916667	-0.023930	555600.000000
3.020833	-0.023882	555800.000000
3.125000	-0.023837	556000.000000
3.229167	-0.023971	556200.000000
3.333333	-0.023788	556400.000000
3.437500	-0.023755	556600.000000
3.541667	-0.023927	556800.000000
3.645833	-0.024078	557000.000000
3.750000	-0.024058	557200.000000
3.854167	-0.023860	557400.000000
3.958333	-0.024040	557600.000000
4.062500	-0.024013	557800.000000
4.166667	-0.024017	558000.000000
4.270833	-0.023703	558200.000000
4.375000	-0.023752	558400.000000
4.479167	-0.023893	558600.000000
4.583333	-0.023982	558800.000000
4.687500	-0.023721	559000.000000
4.791667	-0.023929	559200.000000
4.895833	-0.024003	559400.000000
5.000000	-0.023796	559600.000000
5.104167	-0.023986	559800.000000
5.208333	-0.023664	560000.000000
5.312500	-0.023816	560200.000000
5.416667	-0.023996	560400.000000
5.520833	-0.023778	560600.000000
5.625000	-0.023882	560800.000000
5.729167	-0.023744	561000.000000
5.833333	-0.023675	561200.000000
5.937500	-0.023677	561400.000000
6.041667	-0.023851	561600.000000
6.145833	-0.024039	561800.000000
6.250000	-0.023819	562000.000000
6.354167	-0.024011	562200.000000
6.458333	-0.024174	562400.000000
6.562500	-0.024090	562600.000000
6.666667	-0.023948	562800.000000
6.770833	-0.023921	563000.000000
6.875000	-0.023894	563200.000000
6.979167	-0.023947	563400.000000
7.083333	-0.023822	563600.000000
7.187500	-0.023633	563800.000000
7.291667	-0.023837	564000.000000
7.395833	-0.023839	564200.000000
7.500000	-0.023923	564400.000000
7.604167	-0.023956	564600.000000
7.708333	-0.023764	564800.000000
7.812500	-0.023847	565000.000000
7.916667	-0.023646	565200.000000
8.020833	-0.023855	565400.000000
8.125000	-0.023696	565600.000000
8.229167	-0.023718	565800.000000
8.333333	-0.023623	566000.000000
8.437500	-0.023663	566200.000000
8.541667	-0.023753	566400.000000
8.645833	-0.023901	566600.000000
8.750000	-0.023822	566800.000000
8.854167	-0.023708	567000.000000
8.958333	-0.023718	567200.000000
9.062500	-0.023864	567400.000000
9.166667	-0.023820	567600.000000
9.270833	-0.023884	567800.000000
9.375000	-0.023839	568000.000000
9.479167	-0.024039	568200.000000
9.583333	-0.023948	568400.000000
9.687500	-0.023987	568600.000000
9.791667	-0.023938	568800.000000
9.895833	-0.023848	569000.000000
10.000000	-0.023863	569200.000000
10.104167	-0.023682	569400.000000
10.208333	-0.023786	569600.000000
10.312500	-0.023718	569800.000000
10.416667	-0.023993	570000.000000
10.520833	-0.024029	570200.000000
10.625000	-0.024008	570400.000000
10.729167	-0.023672	570600.000000
10.833333	-0.023818	570800.000000
10.937500	-0.023721	571000.000000
11.041667	-0.023663	571200.000000
11.145833	-0.023706	571400.000000
11.250000	-0.023805	571600.000000
11.354167	-0.023720	571800.000000
11.458333	-0.023936	572000.000000
11.562500	-0.023773	572200.000000
11.666667	-0.023737	572400.000000
11.770833	-0.023814	572600.000000
11.875000	-0.023910	572800.000000
11.979167	-0.023793	573000.000000
12.083333	-0.023678	573200.000000
12.187500	-0.023703	573400.000000
12.291667	-0.023738	573600.000000
12.395833	-0.023914	573800.000000
12.500000	-0.023933	574000.000000
12.604167	-0.023646	574200.000000
12.708333	-0.023585	574400.000000
12.812500	-0.023743	574600.000000
12.916667	-0.023733	574800.000000
13.020833	-0.023900	575000.000000
13.125000	-0.023941	575200.000000
13.229167	-0.023909	575400.000000
13.333333	-0.023647	575600.000000
13.437500	-0.023841	575800.000000
13.541667	-0.023926	576000.000000
13.645833	-0.023977	576200.000000
13.750000	-0.023725	576400.000000
13.854167	-0.023714	576600.000000
13.958333	-0.023614	576800.000000
14.062500	-0.023804	577000.000000
14.166667	-0.023457	577200.000000
14.270833	-0.023522	577400.000000
14.375000	-0.023692	577600.000000
14.479167	-0.023714	577800.000000
14.583333	-0.023554	578000.000000
14.687500	-0.023758	578200.000000
14.791667	-0.023717	578400.000000
14.895833	-0.023744	578600.000000
15.000000	-0.023782	578800.000000
15.104167	-0.023693	579000.000000
15.208333	-0.023569	579200.000000
15.312500	-0.023662	579400.000000
15.416667	-0.023717	579600.000000
15.520833	-0.023680	579800.000000
15.625000	-0.023702	580000.000000
15.729167	-0.023601	580200.000000
15.833333	-0.023698	580400.000000
15.937500	-0.023706	580600.000000
16.041667	-0.023663	580800.000000
16.145833	-0.023712	581000.000000
16.250000	-0.023559	581200.000000
16.354167	-0.023552	581400.000000
16.458333	-0.023751	581600.000000
16.562500	-0.023630	581800.000000
16.666667	-0.023671	582000.000000
16.770833	-0.023776	582200.000000
16.875000	-0.023665	582400.000000
16.979167	-0.023637	582600.000000
17.083333	-0.023355	582800.000000
17.187500	-0.023664	583000.000000
17.291667	-0.023753	583200.000000
17.395833	-0.023646	583400.000000
17.500000	-0.023631	583600.000000
17.604167	-0.023493	583800.000000
17.708333	-0.023610	584000.000000
17.812500	-0.023468	584200.000000
17.916667	-0.023601	584400.000000
18.020833	-0.023502	584600.000000
18.125000	-0.023583	584800.000000
18.229167	-0.023478	585000.000000
18.333333	-0.023443	585200.000000
18.437500	-0.023385	585400.000000
18.541667	-0.023497	585600.000000
18.645833	-0.023419	585800.000000
18.750000	-0.023622	586000.000000
18.854167	-0.023283	586200.000000
18.958333	-0.023266	586400.000000
19.062500	-0.023385	586600.000000
19.166667	-0.023191	586800.000000
19.270833	-0.022921	587000.000000
19.375000	-0.023170	587200.000000
19.479167	-0.023116	587400.000000
19.583333	-0.023029	587600.000000
19.687500	-0.022908	587800.000000
19.791667	-0.022999	588000.000000
19.895833	-0.022808	588200.000000
20.000000	-0.022763	588400.000000
20.104167	-0.022497	588600.000000
20.208333	-0.022520	588800.000000
20.312500	-0.022617	589000.000000
20.416667	-0.022434	589200.000000
20.520833	-0.022163	589400.000000
20.625000	-0.022296	589600.000000
20.729167	-0.022100	589800.000000
20.833333	-0.021871	590000.000000
20.937500	-0.021713	590200.000000
21.041667	-0.021510	590400.000000
21.145833	-0.021325	590600.000000
21.250000	-0.021113	590800.000000
21.354167	-0.021038	591000.000000
21.458333	-0.020759	591200.000000
21.562500	-0.020295	591400.000000
21.666667	-0.019993	591600.000000
21.770833	-0.019442	591800.000000
21.875000	-0.019020	592000.000000
21.979167	-0.018464	592200.000000
22.083333	-0.017702	592400.000000
22.187500	-0.016647	592600.000000
22.291667	-0.015883	592800.000000
22.395833	-0.015091	593000.000000
22.500000	-0.014060	593200.000000
22.604167	-0.012705	593400.000000
22.708333	-0.011365	593600.000000
22.812500	-0.009737	593800.000000
22.916667	-0.008099	594000.000000
23.020833	-0.006047	594200.000000
23.125000	-0.003962	594400.000000
23.229167	-0.001711	594600.000000
23.333333	0.000814	594800.000000
23.437500	0.003594	595000.000000
23.541667	0.006608	595200.000000
23.645833	0.009522	595400.000000
23.750000	0.012698	595600.000000
23.854167	0.015811	595800.000000
23.958333	0.018937	596000.000000
24.062500	0.022185	596200.000000
24.166667	0.024359	596400.000000
24.270833	0.024047	596600.000000
24.375000	0.017256	596800.000000
24.479167	-0.003211	597000.000000
24.583333	-0.043318	597200.000000
24.687500	-0.105540	597400.000000
24.791667	-0.186209	597600.000000
24.895833	-0.273207	597800.000000
25.000000	-0.344911	598000.000000
25.104167	-0.380080	598200.000000
25.208333	-0.360595	598400.000000
25.312500	-0.285912	598600.000000
25.416667	-0.176514	598800.000000
25.520833	-0.068999	599000.000000
25.625000	0.018250	599200.000000
25.729167	0.074068	599400.000000
25.833333	0.103260	599600.000000
25.937500	0.112000	599800.000000
26.041667	0.106251	600000.000000
26.145833	0.091496	600200.000000
26.250000	0.072789	600400.000000
26.354167	0.055086	600600.000000
26.458333	0.040690	600800.000000
26.562500	0.031964	601000.000000
26.666667	0.028453	601200.000000
26.770833	0.027957	601400.000000
26.875000	0.026995	601600.000000
26.979167	0.021313	601800.000000
27.083333	0.009994	602000.000000
27.187500	-0.002276	602200.000000
27.291667	-0.010474	602400.000000
27.395833	-0.011984	602600.000000
27.500000	-0.009536	602800.000000
27.604167	-0.006788	603000.000000
27.708333	-0.006398	603200.000000
27.812500	-0.008186	603400.000000
27.916667	-0.011056	603600.000000
28.020833	-0.014788	603800.000000
28.125000	-0.017864	604000.000000
28.229167	-0.019397	604200.000000
28.333333	-0.018023	604400.000000
28.437500	-0.014036	604600.000000
28.541667	-0.008258	604800.000000
28.645833	-0.003237	605000.000000
28.750000	-0.002208	605200.000000
28.854167	-0.005035	605400.000000
28.958333	-0.010181	605600.000000
29.062500	-0.014088	605800.000000
29.166667	-0.014598	606000.000000
29.270833	-0.012283	606200.000000
29.375000	-0.010883	606400.000000
29.479167	-0.012942	606600.000000
29.583333	-0.017302	606800.000000
29.687500	-0.021539	607000.000000
29.791667	-0.023358	607200.000000
29.895833	-0.022936	607400.000000
30.000000	-0.021193	607600.000000
30.104167	-0.019139	607800.000000
30.208333	-0.017617	608000.000000
30.312500	-0.016907	608200.000000
30.416667	-0.016866	608400.000000
30.520833	-0.017642	608600.000000
30.625000	-0.020717	608800.000000
30.729167	-0.025350	609000.000000
30.833333	-0.030102	609200.000000
30.937500	-0.033800	609400.000000
31.041667	-0.036346	609600.000000
31.145833	-0.037574	609800.000000
31.250000	-0.037248	610000.000000
31.354167	-0.035383	610200.000000
31.458333	-0.033008	610400.000000
31.562500	-0.031074	610600.000000
31.666667	-0.030241	610800.000000
31.770833	-0.029974	611000.000000
31.875000	-0.029592	611200.000000
31.979167	-0.027870	611400.000000
32.083333	-0.025782	611600.000000
32.187500	-0.024525	611800.000000
32.291667	-0.024522	612000.000000
32.395833	-0.025468	612200.000000
32.500000	-0.027529	612400.000000
32.604167	-0.030453	612600.000000
32.708333	-0.032166	612800.000000
32.812500	-0.032963	613000.000000
32.916667	-0.032708	613200.000000
33.020833	-0.032068	613400.000000
33.125000	-0.031931	613600.000000
33.229167	-0.032180	613800.000000
33.333333	-0.032234	614000.000000
33.437500	-0.031613	614200.000000
33.541667	-0.030903	614400.000000
33.645833	-0.030319	614600.000000
33.750000	-0.030023	614800.000000
33.854167	-0.028544	615000.000000
33.958333	-0.025319	615200.000000
34.062500	-0.021482	615400.000000
34.166667	-0.017541	615600.000000
34.270833	-0.015208	615800.000000
34.375000	-0.015347	616000.000000
34.479167	-0.018395	616200.000000
34.583333	-0.022564	616400.000000
34.687500	-0.026199	616600.000000
34.791667	-0.027141	616800.000000
34.895833	-0.025712	617000.000000
35.000000	-0.022866	617200.000000
35.104167	-0.020030	617400.000000
35.208333	-0.017870	617600.000000
35.312500	-0.016328	617800.000000
35.416667	-0.016131	618000.000000
35.520833	-0.016313	618200.000000
35.625000	-0.016655	618400.000000
35.729167	-0.017087	618600.000000
35.833333	-0.017534	618800.000000
35.937500	-0.018395	619000.000000
36.041667	-0.020044	619200.000000
36.145833	-0.022143	619400.000000
36.250000	-0.024841	619600.000000
36.354167	-0.028180	619800.000000
36.458333	-0.030970	620000.000000
36.562500	-0.032783	620200.000000
36.666667	-0.033216	620400.000000
36.770833	-0.031408	620600.000000
36.875000	-0.027377	620800.000000
36.979167	-0.022545	621000.000000
37.083333	-0.018724	621200.000000
37.187500	-0.017526	621400.000000
37.291667	-0.018578	621600.000000
37.395833	-0.021633	621800.000000
37.500000	-0.024476	622000.000000
37.604167	-0.025042	622200.000000
37.708333	-0.023294	622400.000000
37.812500	-0.020636	622600.000000
37.916667	-0.019126	622800.000000
38.020833	-0.020533	623000.000000
38.125000	-0.023686	623200.000000
38.229167	-0.027726	623400.000000
38.333333	-0.030490	623600.000000
38.437500	-0.031055	623800.000000
38.541667	-0.030225	624000.000000
38.645833	-0.029479	624200.000000
38.750000	-0.028760	624400.000000
38.854167	-0.028177	624600.000000
38.958333	-0.027936	624800.000000
39.062500	-0.028607	625000.000000
39.166667	-0.029725	625200.000000
39.270833	-0.030242	625400.000000
39.375000	-0.028829	625600.000000
39.479167	-0.025771	625800.000000
39.583333	-0.022532	626000.000000
39.687500	-0.021155	626200.000000
39.791667	-0.023688	626400.000000
39.895833	-0.028062	626600.000000
40.000000	-0.032804	626800.000000
40.104167	-0.035648	627000.000000
40.208333	-0.036690	627200.000000
40.312500	-0.036038	627400.000000
40.416667	-0.033342	627600.000000
40.520833	-0.029978	627800.000000
40.625000	-0.026203	628000.000000
40.729167	-0.024287	628200.000000
40.833333	-0.024397	628400.000000
40.937500	-0.025219	628600.000000
41.041667	-0.025483	628800.000000
41.145833	-0.022970	629000.000000
41.250000	-0.018592	629200.000000
41.354167	-0.015088	629400.000000
41.458333	-0.015744	629600.000000
41.562500	-0.020441	629800.000000
41.666667	-0.027190	630000.000000
41.770833	-0.032338	630200.000000
41.875000	-0.034541	630400.000000
41.979167	-0.033855	630600.000000
42.083333	-0.030617	630800.000000
42.187500	-0.026313	631000.000000
42.291667	-0.022307	631200.000000
42.395833	-0.020383	631400.000000
42.500000	-0.020847	631600.000000
42.604167	-0.022241	631800.000000
42.708333	-0.023390	632000.000000
42.812500	-0.023495	632200.000000
42.916667	-0.022447	632400.000000
43.020833	-0.020134	632600.000000
43.125000	-0.017598	632800.000000
43.229167	-0.015945	633000.000000
43.333333	-0.016436	633200.000000
43.437500	-0.019529	633400.000000
43.541667	-0.023655	633600.000000
43.645833	-0.027287	633800.000000
43.750000	-0.029085	634000.000000
43.854167	-0.029038	634200.000000
43.958333	-0.027850	634400.000000
44.062500	-0.026473	634600.000000
44.166667	-0.025271	634800.000000
44.270833	-0.024266	635000.000000
44.375000	-0.023881	635200.000000
44.479167	-0.023569	635400.000000
44.583333	-0.022822	635600.000000
44.687500	-0.020813	635800.000000
44.791667	-0.017816	636000.000000
44.895833	-0.014616	636200.000000
45.000000	-0.013546	636400.000000
45.104167	-0.015092	636600.000000
45.208333	-0.018440	636800.000000
45.312500	-0.022199	637000.000000
45.416667	-0.024716	637200.000000
45.520833	-0.025976	637400.000000
45.625000	-0.026782	637600.000000
45.729167	-0.027058	637800.000000
45.833333	-0.026622	638000.000000
45.937500	-0.025545	638200.000000
46.041667	-0.024364	638400.000000
46.145833	-0.022427	638600.000000
46.250000	-0.020215	638800.000000
46.354167	-0.017848	639000.000000
46.458333	-0.016610	639200.000000
46.562500	-0.016602	639400.000000
46.666667	-0.017740	639600.000000
46.770833	-0.019586	639800.000000
46.875000	-0.021608	640000.000000
46.979167	-0.023152	640200.000000
47.083333	-0.024244	640400.000000
47.187500	-0.025103	640600.000000
47.291667	-0.025918	640800.000000
47.395833	-0.026192	641000.000000
47.500000	-0.026268	641200.000000
47.604167	-0.025494	641400.000000
47.708333	-0.024372	641600.000000
47.812500	-0.023946	641800.000000
47.916667	-0.024005	642000.000000
48.020833	-0.023669	642200.000000
48.125000	-0.022943	642400.000000
48.229167	-0.021848	642600.000000
48.333333	-0.020782	642800.000000
48.437500	-0.020476	643000.000000
48.541667	-0.021118	643200.000000
48.645833	-0.021984	643400.000000
48.750000	-0.022633	643600.000000
48.854167	-0.022846	643800.000000
48.958333	-0.022500	644000.000000
49.062500	-0.022593	644200.000000
49.166667	-0.023306	644400.000000
49.270833	-0.024424	644600.000000
49.375000	-0.025768	644800.000000
49.479167	-0.026591	645000.000000
49.583333	-0.026753	645200.000000
49.687500	-0.025308	645400.000000
49.791667	-0.023470	645600.000000
49.895833	-0.021519	645800.000000
50.000000	-0.019915	646000.000000
50.104167	-0.018614	646200.000000
50.208333	-0.018402	646400.000000
50.312500	-0.019374	646600.000000
50.416667	-0.020634	646800.000000
50.520833	-0.021195	647000.000000
50.625000	-0.021324	647200.000000
50.729167	-0.022548	647400.000000
50.833333	-0.024832	647600.000000
50.937500	-0.027809	647800.000000
51.041667	-0.029564	648000.000000
51.145833	-0.029408	648200.000000
51.250000	-0.027657	648400.000000
51.354167	-0.025470	648600.000000
51.458333	-0.023119	648800.000000
51.562500	-0.021125	649000.000000
51.666667	-0.019679	649200.000000
51.770833	-0.019108	649400.000000
51.875000	-0.019462	649600.000000
51.979167	-0.020989	649800.000000
52.083333	-0.022577	650000.000000
52.187500	-0.023959	650200.000000
52.291667	-0.024400	650400.000000
52.395833	-0.024176	650600.000000
52.500000	-0.023561	650800.000000
52.604167	-0.023903	651000.000000
52.708333	-0.025315	651200.000000
52.812500	-0.027153	651400.000000
52.916667	-0.028193	651600.000000
53.020833	-0.028311	651800.000000
53.125000	-0.027193	652000.000000
53.229167	-0.025314	652200.000000
53.333333	-0.023210	652400.000000
53.437500	-0.021849	652600.000000
53.541667	-0.021869	652800.000000
53.645833	-0.023601	653000.000000
53.750000	-0.025105	653200.000000
53.854167	-0.026181	653400.000000
53.958333	-0.025592	653600.000000
54.062500	-0.024295	653800.000000
54.166667	-0.023060	654000.000000
54.270833	-0.022760	654200.000000
54.375000	-0.023749	654400.000000
54.479167	-0.026151	654600.000000
54.583333	-0.028612	654800.000000
54.687500	-0.030154	655000.000000
54.791667	-0.030738	655200.000000
54.895833	-0.030219	655400.000000
55.000000	-0.028639	655600.000000
55.104167	-0.026617	655800.000000
55.208333	-0.024372	656000.000000
55.312500	-0.022697	656200.000000
55.416667	-0.021793	656400.000000
55.520833	-0.021260	656600.000000
55.625000	-0.021130	656800.000000
55.729167	-0.021670	657000.000000
55.833333	-0.022608	657200.000000
55.937500	-0.023739	657400.000000
56.041667	-0.024964	657600.000000
56.145833	-0.026362	657800.000000
56.250000	-0.027792	658000.000000
56.354167	-0.028789	658200.000000
56.458333	-0.029260	658400.000000
56.562500	-0.028946	658600.000000
56.666667	-0.027593	658800.000000
56.770833	-0.025940	659000.000000
56.875000	-0.023999	659200.000000
56.979167	-0.022265	659400.000000
57.083333	-0.021642	659600.000000
57.187500	-0.021566	659800.000000
57.291667	-0.021874	660000.000000
57.395833	-0.022118	660200.000000
57.500000	-0.022509	660400.000000
57.604167	-0.022764	660600.000000
57.708333	-0.023522	660800.000000
57.812500	-0.024135	661000.000000
57.916667	-0.024437	661200.000000
58.020833	-0.025213	661400.000000
58.125000	-0.025633	661600.000000
58.229167	-0.025451	661800.000000
58.333333	-0.024669	662000.000000
58.437500	-0.024035	662200.000000
58.541667	-0.024098	662400.000000
58.645833	-0.024555	662600.000000
58.750000	-0.024542	662800.000000
58.854167	-0.023283	663000.000000
58.958333	-0.022109	663200.000000
59.062500	-0.021513	663400.000000
59.166667	-0.021360	663600.000000
59.270833	-0.021436	663800.000000
59.375000	-0.021628	664000.000000
59.479167	-0.021721	664200.000000
59.583333	-0.021478	664400.000000
59.687500	-0.021837	664600.000000
59.791667	-0.022502	664800.000000
59.895833	-0.023990	665000.000000
60.000000	-0.025467	665200.000000
60.104167	-0.026450	665400.000000
60.208333	-0.026837	665600.000000
60.312500	-0.026374	665800.000000
60.416667	-0.024853	666000.000000
60.520833	-0.023042	666200.000000
60.625000	-0.020852	666400.000000
60.729167	-0.019266	666600.000000
60.833333	-0.018570	666800.000000
60.937500	-0.018837	667000.000000
61.041667	-0.019712	667200.000000
61.145833	-0.020416	667400.000000
61.250000	-0.021369	667600.000000
61.354167	-0.021891	667800.000000
61.458333	-0.022666	668000.000000
61.562500	-0.023745	668200.000000
61.666667	-0.024766	668400.000000
61.770833	-0.025570	668600.000000
61.875000	-0.025548	668800.000000
61.979167	-0.025169	669000.000000
62.083333	-0.024387	669200.000000
62.187500	-0.023235	669400.000000
62.291667	-0.022095	669600.000000
62.395833	-0.020696	669800.000000
62.500000	-0.019540	670000.000000
62.604167	-0.019048	670200.000000
62.708333	-0.020000	670400.000000
62.812500	-0.021568	670600.000000
62.916667	-0.023241	670800.000000
63.020833	-0.024060	671000.000000
63.125000	-0.024014	671200.000000
63.229167	-0.023340	671400.000000
63.333333	-0.023348	671600.000000
63.437500	-0.023146	671800.000000
63.541667	-0.023528	672000.000000
63.645833	-0.024036	672200.000000
63.750000	-0.024464	672400.000000
63.854167	-0.024996	672600.000000
63.958333	-0.025029	672800.000000
64.062500	-0.025251	673000.000000
64.166667	-0.024680	673200.000000
64.270833	-0.024106	673400.000000
64.375000	-0.023087	673600.000000
64.479167	-0.022504	673800.000000
64.583333	-0.021893	674000.000000
64.687500	-0.022026	674200.000000
64.791667	-0.022586	674400.000000
64.895833	-0.023479	674600.000000
65.000000	-0.024648	674800.000000
65.104167	-0.025819	675000.000000
65.208333	-0.026148	675200.000000
65.312500	-0.026506	675400.000000
65.416667	-0.027008	675600.000000
65.520833	-0.027284	675800.000000
65.625000	-0.027334	676000.000000
65.729167	-0.027301	676200.000000
65.833333	-0.027443	676400.000000
65.937500	-0.026944	676600.000000
66.041667	-0.025614	676800.000000
66.145833	-0.023774	677000.000000
66.250000	-0.022481	677200.000000
66.354167	-0.022625	677400.000000
66.458333	-0.023697	677600.000000
66.562500	-0.025758	677800.000000
66.666667	-0.027634	678000.000000
66.770833	-0.028642	678200.000000
66.875000	-0.029012	678400.000000
66.979167	-0.028905	678600.000000
67.083333	-0.028668	678800.000000
67.187500	-0.028144	679000.000000
67.291667	-0.027310	679200.000000
67.395833	-0.026442	679400.000000
67.500000	-0.025953	679600.000000
67.604167	-0.025408	679800.000000
67.708333	-0.024995	680000.000000
67.812500	-0.023744	680200.000000
67.916667	-0.022596	680400.000000
68.020833	-0.021698	680600.000000
68.125000	-0.021579	680800.000000
68.229167	-0.022322	681000.000000
68.333333	-0.023231	681200.000000
68.437500	-0.023819	681400.000000
68.541667	-0.024052	681600.000000
68.645833	-0.023429	681800.000000
68.750000	-0.022354	682000.000000
68.854167	-0.021571	682200.000000
68.958333	-0.021657	682400.000000
69.062500	-0.022256	682600.000000
69.166667	-0.023694	682800.000000
69.270833	-0.025047	683000.000000
69.375000	-0.025058	683200.000000
69.479167	-0.023864	683400.000000
69.583333	-0.021889	683600.000000
69.687500	-0.019763	683800.000000
69.791667	-0.018679	684000.000000
69.895833	-0.018688	684200.000000
70.000000	-0.019669	684400.000000
70.104167	-0.021137	684600.000000
70.208333	-0.022243	684800.000000
70.312500	-0.022783	685000.000000
70.416667	-0.022645	685200.000000
70.520833	-0.022634	685400.000000
70.625000	-0.023017	685600.000000
70.729167	-0.024179	685800.000000
70.833333	-0.025915	686000.000000
70.937500	-0.027112	686200.000000
71.041667	-0.027538	686400.000000
71.145833	-0.026880	686600.000000
71.250000	-0.025486	686800.000000
71.354167	-0.023867	687000.000000
71.458333	-0.022573	687200.000000
71.562500	-0.021998	687400.000000
71.666667	-0.022464	687600.000000
71.770833	-0.023617	687800.000000
71.875000	-0.025318	688000.000000
71.979167	-0.026909	688200.000000
72.083333	-0.028454	688400.000000
72.187500	-0.029551	688600.000000
72.291667	-0.030206	688800.000000
72.395833	-0.030639	689000.000000
72.500000	-0.030708	689200.000000
72.604167	-0.030564	689400.000000
72.708333	-0.030717	689600.000000
72.812500	-0.030622	689800.000000
72.916667	-0.029933	690000.000000
73.020833	-0.029212	690200.000000
73.125000	-0.028105	690400.000000
73.229167	-0.027089	690600.000000
73.333333	-0.026242	690800.000000
73.437500	-0.025781	691000.000000
73.541667	-0.024976	691200.000000
73.645833	-0.024284	691400.000000
73.750000	-0.023680	691600.000000
73.854167	-0.022806	691800.000000
73.958333	-0.022490	692000.000000
74.062500	-0.022460	692200.000000
74.166667	-0.021981	692400.000000
74.270833	-0.021441	692600.000000
74.375000	-0.020852	692800.000000
74.479167	-0.020034	693000.000000
74.583333	-0.019537	693200.000000
74.687500	-0.019796	693400.000000
74.791667	-0.019962	693600.000000
74.895833	-0.020649	693800.000000
75.000000	-0.020774	694000.000000
75.104167	-0.020573	694200.000000
75.208333	-0.020101	694400.000000
75.312500	-0.019631	694600.000000
75.416667	-0.019502	694800.000000
75.520833	-0.019843	695000.000000
75.625000	-0.020654	695200.000000
75.729167	-0.022209	695400.000000
75.833333	-0.024148	695600.000000
75.937500	-0.025841	695800.000000
76.041667	-0.026904	696000.000000
76.145833	-0.027236	696200.000000
76.250000	-0.027438	696400.000000
76.354167	-0.027454	696600.000000
76.458333	-0.027240	696800.000000
76.562500	-0.027035	697000.000000
76.666667	-0.026544	697200.000000
76.770833	-0.025519	697400.000000
76.875000	-0.024346	697600.000000
76.979167	-0.023121	697800.000000
77.083333	-0.022717	698000.000000
77.187500	-0.022854	698200.000000
77.291667	-0.023750	698400.000000
77.395833	-0.024785	698600.000000
77.500000	-0.025708	698800.000000
77.604167	-0.026031	699000.000000
77.708333	-0.025806	699200.000000
77.812500	-0.025069	699400.000000
77.916667	-0.024382	699600.000000
78.020833	-0.023564	699800.000000
78.125000	-0.023179	700000.000000
78.229167	-0.023305	700200.000000
78.333333	-0.023508	700400.000000
78.437500	-0.023560	700600.000000
78.541667	-0.023349	700800.000000
78.645833	-0.022710	701000.000000
78.750000	-0.021936	701200.000000
78.854167	-0.021740	701400.000000
78.958333	-0.022091	701600.000000
79.062500	-0.022979	701800.000000
79.166667	-0.024209	702000.000000
79.270833	-0.024846	702200.000000
79.375000	-0.024309	702400.000000
79.479167	-0.023752	702600.000000
79.583333	-0.022924	702800.000000
79.687500	-0.022531	703000.000000
79.791667	-0.022656	703200.000000
79.895833	-0.023418	703400.000000
80.000000	-0.024162	703600.000000
80.104167	-0.024510	703800.000000
80.208333	-0.024242	704000.000000
80.312500	-0.023549	704200.000000
80.416667	-0.022683	704400.000000
80.520833	-0.021343	704600.000000
80.625000	-0.020032	704800.000000
80.729167	-0.019478	705000.000000
80.833333	-0.019815	705200.000000
80.937500	-0.020552	705400.000000
81.041667	-0.021805	705600.000000
81.145833	-0.022768	705800.000000
81.250000	-0.023545	706000.000000
81.354167	-0.023975	706200.000000
81.458333	-0.024292	706400.000000
81.562500	-0.024171	706600.000000
81.666667	-0.023990	706800.000000
81.770833	-0.023659	707000.000000
81.875000	-0.022866	707200.000000
81.979167	-0.022385	707400.000000
82.083333	-0.022190	707600.000000
82.187500	-0.021622	707800.000000
82.291667	-0.020935	708000.000000
82.395833	-0.020420	708200.000000
82.500000	-0.020195	708400.000000
82.604167	-0.020504	708600.000000
82.708333	-0.021502	708800.000000
82.812500	-0.022502	709000.000000
82.916667	-0.023305	709200.000000
83.020833	-0.023691	709400.000000
83.125000	-0.023974	709600.000000
83.229167	-0.024102	709800.000000
83.333333	-0.024125	710000.000000
83.437500	-0.023464	710200.000000
83.541667	-0.023163	710400.000000
83.645833	-0.022975	710600.000000
83.750000	-0.023212	710800.000000
83.854167	-0.023487	711000.000000
83.958333	-0.023795	711200.000000
84.062500	-0.023867	711400.000000
84.166667	-0.023941	711600.000000
84.270833	-0.023838	711800.000000
84.375000	-0.023482	712000.000000
84.479167	-0.023464	712200.000000
84.583333	-0.023548	712400.000000
84.687500	-0.023919	712600.000000
84.791667	-0.024381	712800.000000
84.895833	-0.024945	713000.000000
85.000000	-0.025072	713200.000000
85.104167	-0.024958	713400.000000
85.208333	-0.025162	713600.000000
85.312500	-0.025505	713800.000000
85.416667	-0.025973	714000.000000
85.520833	-0.026247	714200.000000
85.625000	-0.025853	714400.000000
85.729167	-0.025039	714600.000000
85.833333	-0.024010	714800.000000
85.937500	-0.022894	715000.000000
86.041667	-0.022602	715200.000000
86.145833	-0.022621	715400.000000
86.250000	-0.023083	715600.000000
86.354167	-0.024133	715800.000000
86.458333	-0.025135	716000.000000
86.562500	-0.026054	716200.000000
86.666667	-0.026458	716400.000000
86.770833	-0.026487	716600.000000
86.875000	-0.026140	716800.000000
86.979167	-0.025965	717000.000000
87.083333	-0.026080	717200.000000
87.187500	-0.026270	717400.000000
87.291667	-0.026371	717600.000000
87.395833	-0.025981	717800.000000
87.500000	-0.025288	718000.000000
87.604167	-0.024652	718200.000000
87.708333	-0.024067	718400.000000
87.812500	-0.024125	718600.000000
87.916667	-0.024376	718800.000000
88.020833	-0.025092	719000.000000
88.125000	-0.025648	719200.000000
88.229167	-0.026417	719400.000000
88.333333	-0.027015	719600.000000
88.437500	-0.027025	719800.000000
88.541667	-0.026496	720000.000000
88.645833	-0.026156	720200.000000
88.750000	-0.025578	720400.000000
88.854167	-0.025243	720600.000000
88.958333	-0.025422	720800.000000
89.062500	-0.025610	721000.000000
89.166667	-0.025596	721200.000000
89.270833	-0.025345	721400.000000
89.375000	-0.024852	721600.000000
89.479167	-0.024052	721800.000000
89.583333	-0.023706	722000.000000
89.687500	-0.023383	722200.000000
89.791667	-0.023449	722400.000000
89.895833	-0.023648	722600.000000
90.000000	-0.024064	722800.000000
90.104167	-0.024198	723000.000000
90.208333	-0.024545	723200.000000
90.312500	-0.025061	723400.000000
90.416667	-0.025250	723600.000000
90.520833	-0.025664	723800.000000
90.625000	-0.025760	724000.000000
90.729167	-0.025699	724200.000000
90.833333	-0.025868	724400.000000
90.937500	-0.025422	724600.000000
91.041667	-0.024893	724800.000000
91.145833	-0.024376	725000.000000
91.250000	-0.024283	725200.000000
91.354167	-0.023856	725400.000000
91.458333	-0.023745	725600.000000
91.562500	-0.023711	725800.000000
91.666667	-0.023811	726000.000000
91.770833	-0.023974	726200.000000
91.875000	-0.024360	726400.000000
91.979167	-0.025462	726600.000000
92.083333	-0.026044	726800.000000
92.187500	-0.026533	727000.000000
92.291667	-0.026836	727200.000000
92.395833	-0.026456	727400.000000
92.500000	-0.026139	727600.000000
92.604167	-0.025747	727800.000000
92.708333	-0.025182	728000.000000
92.812500	-0.024438	728200.000000
92.916667	-0.023946	728400.000000
93.020833	-0.023470	728600.000000
93.125000	-0.023139	728800.000000
93.229167	-0.023432	729000.000000
93.333333	-0.023304	729200.000000
93.437500	-0.023379	729400.000000
93.541667	-0.023355	729600.000000
93.645833	-0.023474	729800.000000
93.750000	-0.023385	730000.000000
93.854167	-0.023289	730200.000000
93.958333	-0.023094	730400.000000
94.062500	-0.023226	730600.000000
94.166667	-0.023117	730800.000000
94.270833	-0.023199	731000.000000
94.375000	-0.023441	731200.000000
94.479167	-0.023677	731400.000000
94.583333	-0.023697	731600.000000
94.687500	-0.023798	731800.000000
94.791667	-0.023549	732000.000000
94.895833	-0.023396	732200.000000
95.000000	-0.023192	732400.000000
95.104167	-0.023051	732600.000000
95.208333	-0.022711	732800.000000
95.312500	-0.022814	733000.000000
95.416667	-0.023322	733200.000000
95.520833	-0.023639	733400.000000
95.625000	-0.023723	733600.000000
95.729167	-0.023963	733800.000000
95.833333	-0.023799	734000.000000
95.937500	-0.023465	734200.000000
96.041667	-0.023395	734400.000000
96.145833	-0.023259	734600.000000
96.250000	-0.023159	734800.000000
96.354167	-0.022873	735000.000000
96.458333	-0.022468	735200.000000
96.562500	-0.022191	735400.000000
96.666667	-0.022021	735600.000000
96.770833	-0.021774	735800.000000
96.875000	-0.021591	736000.000000
96.979167	-0.022046	736200.000000
97.083333	-0.022773	736400.000000
97.187500	-0.023750	736600.000000
97.291667	-0.025055	736800.000000
97.395833	-0.025831	737000.000000
97.500000	-0.025994	737200.000000
97.604167	-0.025978	737400.000000
97.708333	-0.025328	737600.000000
97.812500	-0.024524	737800.000000
97.916667	-0.023861	738000.000000
98.020833	-0.023115	738200.000000
98.125000	-0.022443	738400.000000
98.229167	-0.021957	738600.000000
98.333333	-0.022151	738800.000000
98.437500	-0.022285	739000.000000
98.541667	-0.022430	739200.000000
98.645833	-0.022574	739400.000000
98.750000	-0.022772	739600.000000
98.854167	-0.022989	739800.000000
98.958333	-0.023474	740000.000000
99.062500	-0.023980	740200.000000
99.166667	-0.024441	740400.000000
99.270833	-0.024558	740600.000000
99.375000	-0.024537	740800.000000
99.479167	-0.024574	741000.000000
99.583333	-0.024412	741200.000000
99.687500	-0.024437	741400.000000
99.791667	-0.024783	741600.000000
99.895833	-0.024636	741800.000000
100.000000	-0.024549	742000.000000
100.104167	-0.024415	742200.000000
100.208333	-0.023948	742400.000000
100.312500	-0.023636	742600.000000
100.416667	-0.023315	742800.000000
100.520833	-0.023003	743000.000000
100.625000	-0.023079	743200.000000
100.729167	-0.023587	743400.000000
100.833333	-0.024321	743600.000000
100.937500	-0.024769	743800.000000
101.041667	-0.025201	744000.000000
101.145833	-0.025175	744200.000000
101.250000	-0.025145	744400.000000
101.354167	-0.025054	744600.000000
101.458333	-0.025060	744800.000000
101.562500	-0.024997	745000.000000
101.666667	-0.024471	745200.000000
101.770833	-0.024143	745400.000000
101.875000	-0.023714	745600.000000
101.979167	-0.023343	745800.000000
102.083333	-0.022906	746000.000000
102.187500	-0.022645	746200.000000
102.291667	-0.022698	746400.000000
102.395833	-0.023502	746600.000000
102.500000	-0.024117	746800.000000
102.604167	-0.024683	747000.000000
102.708333	-0.025032	747200.000000
102.812500	-0.025110	747400.000000
102.916667	-0.025025	747600.000000
103.020833	-0.024818	747800.000000
103.125000	-0.024976	748000.000000
103.229167	-0.024989	748200.000000
103.333333	-0.025455	748400.000000
103.437500	-0.025461	748600.000000
103.541667	-0.025335	748800.000000
103.645833	-0.024886	749000.000000
103.750000	-0.024446	749200.000000
103.854167	-0.024241	749400.000000
103.958333	-0.023828	749600.000000
104.062500	-0.023950	749800.000000
104.166667	-0.024087	750000.000000
104.270833	-0.024356	750200.000000
104.375000	-0.024388	750400.000000
104.479167	-0.024479	750600.000000
104.583333	-0.024590	750800.000000
104.687500	-0.024572	751000.000000
104.791667	-0.024299	751200.000000
104.895833	-0.024242	751400.000000
105.000000	-0.024223	751600.000000
105.104167	-0.024374	751800.000000
105.208333	-0.024390	752000.000000
105.312500	-0.024653	752200.000000
105.416667	-0.024258	752400.000000
105.520833	-0.024008	752600.000000
105.625000	-0.023452	752800.000000
105.729167	-0.023083	753000.000000
105.833333	-0.022934	753200.000000
105.937500	-0.022735	753400.000000
106.041667	-0.022447	753600.000000
106.145833	-0.022654	753800.000000
106.250000	-0.022984	754000.000000
106.354167	-0.023183	754200.000000
106.458333	-0.023874	754400.000000
106.562500	-0.024353	754600.000000
106.666667	-0.024134	754800.000000
106.770833	-0.024378	755000.000000
106.875000	-0.024409	755200.000000
106.979167	-0.024358	755400.000000
107.083333	-0.024142	755600.000000
107.187500	-0.023968	755800.000000
107.291667	-0.023805	756000.000000
107.395833	-0.023650	756200.000000
107.500000	-0.023730	756400.000000
107.604167	-0.023639	756600.000000
107.708333	-0.023724	756800.000000
107.812500	-0.024214	757000.000000
107.916667	-0.024635	757200.000000
108.020833	-0.024828	757400.000000
108.125000	-0.024905	757600.000000
108.229167	-0.025339	757800.000000
108.333333	-0.025003	758000.000000
108.437500	-0.024930	758200.000000
108.541667	-0.024264	758400.000000
108.645833	-0.023905	758600.000000
108.750000	-0.023566	758800.000000
108.854167	-0.023218	759000.000000
108.958333	-0.022999	759200.000000
109.062500	-0.022931	759400.000000
109.166667	-0.022786	759600.000000
109.270833	-0.022704	759800.000000
109.375000	-0.022694	760000.000000
109.479167	-0.022731	760200.000000
109.583333	-0.022849	760400.000000
109.687500	-0.023014	760600.000000
109.791667	-0.023258	760800.000000
109.895833	-0.023449	761000.000000
110.000000	-0.023712	761200.000000
110.104167	-0.023452	761400.000000
110.208333	-0.023649	761600.000000
110.312500	-0.023766	761800.000000
110.416667	-0.024248	762000.000000
110.520833	-0.024810	762200.000000
110.625000	-0.025028	762400.000000
110.729167	-0.025094	762600.000000
110.833333	-0.024542	762800.000000
110.937500	-0.024055	763000.000000
111.041667	-0.023367	763200.000000
111.145833	-0.022842	763400.000000
111.250000	-0.022472	763600.000000
111.354167	-0.022584	763800.000000
111.458333	-0.022991	764000.000000
111.562500	-0.023408	764200.000000
111.666667	-0.023894	764400.000000
111.770833	-0.023982	764600.000000
111.875000	-0.023980	764800.000000
111.979167	-0.023816	765000.000000
112.083333	-0.023691	765200.000000
112.187500	-0.023529	765400.000000
112.291667	-0.023530	765600.000000
112.395833	-0.023205	765800.000000
112.500000	-0.022860	766000.000000
112.604167	-0.022521	766200.000000
112.708333	-0.021747	766400.000000
112.812500	-0.021314	766600.000000
112.916667	-0.021262	766800.000000
113.020833	-0.021564	767000.000000
113.125000	-0.022218	767200.000000
113.229167	-0.023029	767400.000000
113.333333	-0.023749	767600.000000
113.437500	-0.024153	767800.000000
113.541667	-0.024335	768000.000000
113.645833	-0.024203	768200.000000
113.750000	-0.023890	768400.000000
113.854167	-0.023766	768600.000000
113.958333	-0.023540	768800.000000
114.062500	-0.023291	769000.000000
114.166667	-0.023105	769200.000000
114.270833	-0.022823	769400.000000
114.375000	-0.022428	769600.000000
114.479167	-0.022277	769800.000000
114.583333	-0.022282	770000.000000
114.687500	-0.022287	770200.000000
114.791667	-0.022612	770400.000000
114.895833	-0.022958	770600.000000
115.000000	-0.023113	770800.000000
115.104167	-0.023545	771000.000000
115.208333	-0.023893	771200.000000
115.312500	-0.024298	771400.000000
115.416667	-0.024893	771600.000000
115.520833	-0.025405	771800.000000
115.625000	-0.025927	772000.000000
115.729167	-0.026517	772200.000000
115.833333	-0.027274	772400.000000
115.937500	-0.027770	772600.000000
116.041667	-0.028096	772800.000000
116.145833	-0.028309	773000.000000
116.250000	-0.028583	773200.000000
116.354167	-0.028689	773400.000000
116.458333	-0.028520	773600.000000
116.562500	-0.028503	773800.000000
116.666667	-0.028398	774000.000000
116.770833	-0.028197	774200.000000
116.875000	-0.027673	774400.000000
116.979167	-0.027398	774600.000000
117.083333	-0.027057	774800.000000
117.187500	-0.026361	775000.000000
117.291667	-0.025972	775200.000000
117.395833	-0.024919	775400.000000
117.500000	-0.024049	775600.000000
117.604167	-0.022996	775800.000000
117.708333	-0.022215	776000.000000
117.812500	-0.021398	776200.000000
117.916667	-0.021103	776400.000000
118.020833	-0.020587	776600.000000
118.125000	-0.020371	776800.000000
118.229167	-0.020503	777000.000000
118.333333	-0.021109	777200.000000
118.437500	-0.021667	777400.000000
118.541667	-0.022612	777600.000000
118.645833	-0.023641	777800.000000
118.750000	-0.024817	778000.000000
118.854167	-0.025713	778200.000000
118.958333	-0.026389	778400.000000
119.062500	-0.026781	778600.000000
119.166667	-0.026838	778800.000000
119.270833	-0.026579	779000.000000
119.375000	-0.026608	779200.000000
119.479167	-0.026574	779400.000000
119.583333	-0.026798	779600.000000
119.687500	-0.027026	779800.000000
119.791667	-0.027085	780000.000000
119.895833	-0.027081	780200.000000
120.000000	-0.026661	780400.000000
120.104167	-0.026367	780600.000000
120.208333	-0.026015	780800.000000
120.312500	-0.025865	781000.000000
120.416667	-0.025735	781200.000000
120.520833	-0.025706	781400.000000
120.625000	-0.025532	781600.000000
120.729167	-0.024980	781800.000000
120.833333	-0.024517	782000.000000
120.937500	-0.024106	782200.000000
121.041667	-0.023745	782400.000000
121.145833	-0.023796	782600.000000
121.250000	-0.024001	782800.000000
121.354167	-0.024394	783000.000000
121.458333	-0.024196	783200.000000
121.562500	-0.023996	783400.000000
121.666667	-0.023727	783600.000000
121.770833	-0.022990	783800.000000
121.875000	-0.022285	784000.000000
121.979167	-0.021823	784200.000000
122.083333	-0.021855	784400.000000
122.187500	-0.021949	784600.000000
122.291667	-0.022143	784800.000000
122.395833	-0.022572	785000.000000
122.500000	-0.023089	785200.000000
122.604167	-0.023456	785400.000000
122.708333	-0.023982	785600.000000
122.812500	-0.024359	785800.000000
122.916667	-0.024378	786000.000000
123.020833	-0.024387	786200.000000
123.125000	-0.024626	786400.000000
123.229167	-0.023962	786600.000000
123.333333	-0.023593	786800.000000
123.437500	-0.023537	787000.000000
123.541667	-0.023411	787200.000000
123.645833	-0.023235	787400.000000
123.750000	-0.023446	787600.000000
123.854167	-0.023252	787800.000000
123.958333	-0.023220	788000.000000
124.062500	-0.023366	788200.000000
124.166667	-0.023537	788400.000000
124.270833	-0.023667	788600.000000
124.375000	-0.023776	788800.000000
124.479167	-0.024000	789000.000000
124.583333	-0.024165	789200.000000
124.687500	-0.024513	789400.000000
124.791667	-0.024336	789600.000000
124.895833	-0.024254	789800.000000
125.000000	-0.024157	790000.000000
125.104167	-0.024061	790200.000000
125.208333	-0.023868	790400.000000
125.312500	-0.023795	790600.000000
125.416667	-0.023703	790800.000000
125.520833	-0.023110	791000.000000
125.625000	-0.022843	791200.000000
125.729167	-0.022604	791400.000000
125.833333	-0.022483	791600.000000
125.937500	-0.022622	791800.000000
126.041667	-0.023258	792000.000000
126.145833	-0.023696	792200.000000
126.250000	-0.024157	792400.000000
126.354167	-0.024660	792600.000000
126.458333	-0.025080	792800.000000
126.562500	-0.025246	793000.000000
126.666667	-0.025515	793200.000000
126.770833	-0.025450	793400.000000
126.875000	-0.025435	793600.000000
126.979167	-0.025522	793800.000000
127.083333	-0.025221	794000.000000
127.187500	-0.025010	794200.000000
127.291667	-0.024794	794400.000000
127.395833	-0.024722	794600.000000
127.500000	-0.024854	794800.000000
127.604167	-0.024985	795000.000000
127.708333	-0.025395	795200.000000
127.812500	-0.025620	795400.000000
127.916667	-0.025905	795600.000000
128.020833	-0.025733	795800.000000
128.125000	-0.025489	796000.000000
128.229167	-0.025281	796200.000000
128.333333	-0.024908	796400.000000
128.437500	-0.024620	796600.000000
128.541667	-0.024665	796800.000000
128.645833	-0.024630	797000.000000
128.750000	-0.024898	797200.000000
128.854167	-0.024761	797400.000000
128.958333	-0.024619	797600.000000
129.062500	-0.024386	797800.000000
129.166667	-0.024182	798000.000000
129.270833	-0.024629	798200.000000
129.375000	-0.024617	798400.000000
129.479167	-0.025258	798600.000000
129.583333	-0.025522	798800.000000
129.687500	-0.025782	799000.000000
129.791667	-0.025670	799200.000000
129.895833	-0.025601	799400.000000
130.000000	-0.024987	799600.000000
130.104167	-0.024628	799800.000000
130.208333	-0.024572	800000.000000
