0.000000	-0.023677	550000.000000
0.104167	-0.023687	550200.000000
0.208333	-0.023690	550400.000000
0.312500	-0.023593	550600.000000
0.416667	-0.023608	550800.000000
0.520833	-0.023463	551000.000000
0.625000	-0.023694	551200.000000
0.729167	-0.023863	551400.000000
0.833333	-0.023487	551600.000000
0.937500	-0.023634	551800.000000
1.041667	-0.023617	552000.000000
1.145833	-0.023527	552200.000000
1.250000	-0.023778	552400.000000
1.354167	-0.023835	552600.000000
1.458333	-0.023711	552800.000000
1.562500	-0.023685	553000.000000
1.666667	-0.023775	553200.000000
1.770833	-0.023858	553400.000000
1.875000	-0.023947	553600.000000
1.979167	-0.023796	553800.000000
2.083333	-0.023795	554000.000000
2.187500	-0.023837	554200.000000
2.291667	-0.023864	554400.000000
2.395833	-0.023770	554600.000000
2.500000	-0.023695	554800.000000
2.604167	-0.023757	555000.000000
2.708333	-0.023789	555200.000000
2.812500	-0.023770	555400.000000
2.916667	-0.023703	555600.000000
3.020833	-0.023678	555800.000000
3.125000	-0.023731	556000.000000
3.229167	-0.023714	556200.000000
3.333333	-0.023834	556400.000000
3.437500	-0.023931	556600.000000
3.541667	-0.023734	556800.000000
3.645833	-0.023772	557000.000000
3.750000	-0.023841	557200.000000
3.854167	-0.023635	557400.000000
3.958333	-0.023706	557600.000000
4.062500	-0.023788	557800.000000
4.166667	-0.023707	558000.000000
4.270833	-0.023461	558200.000000
4.375000	-0.023713	558400.000000
4.479167	-0.023666	558600.000000
4.583333	-0.023649	558800.000000
4.687500	-0.023784	559000.000000
4.791667	-0.023634	559200.000000
4.895833	-0.023516	559400.000000
5.000000	-0.023541	559600.000000
5.104167	-0.023502	559800.000000
5.208333	-0.023439	560000.000000
5.312500	-0.023616	560200.000000
5.416667	-0.023555	560400.000000
5.520833	-0.023620	560600.000000
5.625000	-0.023734	560800.000000
5.729167	-0.023587	561000.000000
5.833333	-0.023632	561200.000000
5.937500	-0.023613	561400.000000
6.041667	-0.023528	561600.000000
6.145833	-0.023688	561800.000000
6.250000	-0.023791	562000.000000
6.354167	-0.023853	562200.000000
6.458333	-0.023546	562400.000000
6.562500	-0.023724	562600.000000
6.666667	-0.023571	562800.000000
6.770833	-0.023651	563000.000000
6.875000	-0.023683	563200.000000
6.979167	-0.023816	563400.000000
7.083333	-0.023651	563600.000000
7.187500	-0.023797	563800.000000
7.291667	-0.023696	564000.000000
7.395833	-0.023734	564200.000000
7.500000	-0.023735	564400.000000
7.604167	-0.023676	564600.000000
7.708333	-0.023658	564800.000000
7.812500	-0.023522	565000.000000
7.916667	-0.023607	565200.000000
8.020833	-0.023589	565400.000000
8.125000	-0.023684	565600.000000
8.229167	-0.023567	565800.000000
8.333333	-0.023641	566000.000000
8.437500	-0.023416	566200.000000
8.541667	-0.023552	566400.000000
8.645833	-0.023460	566600.000000
8.750000	-0.023480	566800.000000
8.854167	-0.023564	567000.000000
8.958333	-0.023342	567200.000000
9.062500	-0.023341	567400.000000
9.166667	-0.023431	567600.000000
9.270833	-0.023496	567800.000000
9.375000	-0.023474	568000.000000
9.479167	-0.023387	568200.000000
9.583333	-0.023203	568400.000000
9.687500	-0.023382	568600.000000
9.791667	-0.023241	568800.000000
9.895833	-0.023462	569000.000000
10.000000	-0.023545	569200.000000
10.104167	-0.023447	569400.000000
10.208333	-0.023474	569600.000000
10.312500	-0.023478	569800.000000
10.416667	-0.023562	570000.000000
10.520833	-0.023430	570200.000000
10.625000	-0.023416	570400.000000
10.729167	-0.023325	570600.000000
10.833333	-0.023440	570800.000000
10.937500	-0.023275	571000.000000
11.041667	-0.023475	571200.000000
11.145833	-0.023396	571400.000000
11.250000	-0.023438	571600.000000
11.354167	-0.023430	571800.000000
11.458333	-0.023513	572000.000000
11.562500	-0.023400	572200.000000
11.666667	-0.023457	572400.000000
11.770833	-0.023441	572600.000000
11.875000	-0.023641	572800.000000
11.979167	-0.023413	573000.000000
12.083333	-0.023517	573200.000000
12.187500	-0.023366	573400.000000
12.291667	-0.023472	573600.000000
12.395833	-0.023612	573800.000000
12.500000	-0.023490	574000.000000
12.604167	-0.023583	574200.000000
12.708333	-0.023498	574400.000000
12.812500	-0.023697	574600.000000
12.916667	-0.023739	574800.000000
13.020833	-0.023795	575000.000000
13.125000	-0.023566	575200.000000
13.229167	-0.023590	575400.000000
13.333333	-0.023686	575600.000000
13.437500	-0.023685	575800.000000
13.541667	-0.023960	576000.000000
13.645833	-0.023913	576200.000000
13.750000	-0.023409	576400.000000
13.854167	-0.023700	576600.000000
13.958333	-0.023467	576800.000000
14.062500	-0.023668	577000.000000
14.166667	-0.023468	577200.000000
14.270833	-0.023529	577400.000000
14.375000	-0.023670	577600.000000
14.479167	-0.023660	577800.000000
14.583333	-0.023776	578000.000000
14.687500	-0.023653	578200.000000
14.791667	-0.023469	578400.000000
14.895833	-0.023581	578600.000000
15.000000	-0.023520	578800.000000
15.104167	-0.023566	579000.000000
15.208333	-0.023575	579200.000000
15.312500	-0.023475	579400.000000
15.416667	-0.023448	579600.000000
15.520833	-0.023519	579800.000000
15.625000	-0.023608	580000.000000
15.729167	-0.023538	580200.000000
15.833333	-0.023519	580400.000000
15.937500	-0.023573	580600.000000
16.041667	-0.023414	580800.000000
16.145833	-0.023584	581000.000000
16.250000	-0.023608	581200.000000
16.354167	-0.023478	581400.000000
16.458333	-0.023653	581600.000000
16.562500	-0.023481	581800.000000
16.666667	-0.023430	582000.000000
16.770833	-0.023507	582200.000000
16.875000	-0.023445	582400.000000
16.979167	-0.023435	582600.000000
17.083333	-0.023767	582800.000000
17.187500	-0.023796	583000.000000
17.291667	-0.023714	583200.000000
17.395833	-0.023684	583400.000000
17.500000	-0.023516	583600.000000
17.604167	-0.023483	583800.000000
17.708333	-0.023448	584000.000000
17.812500	-0.023423	584200.000000
17.916667	-0.023413	584400.000000
18.020833	-0.023424	584600.000000
18.125000	-0.023450	584800.000000
18.229167	-0.023498	585000.000000
18.333333	-0.023211	585200.000000
18.437500	-0.023334	585400.000000
18.541667	-0.023209	585600.000000
18.645833	-0.023171	585800.000000
18.750000	-0.023182	586000.000000
18.854167	-0.023102	586200.000000
18.958333	-0.023092	586400.000000
19.062500	-0.023294	586600.000000
19.166667	-0.022892	586800.000000
19.270833	-0.022865	587000.000000
19.375000	-0.022741	587200.000000
19.479167	-0.022478	587400.000000
19.583333	-0.022437	587600.000000
19.687500	-0.022381	587800.000000
19.791667	-0.022338	588000.000000
19.895833	-0.022161	588200.000000
20.000000	-0.022071	588400.000000
20.104167	-0.022141	588600.000000
20.208333	-0.021765	588800.000000
20.312500	-0.021529	589000.000000
20.416667	-0.021392	589200.000000
20.520833	-0.021117	589400.000000
20.625000	-0.021024	589600.000000
20.729167	-0.020706	589800.000000
20.833333	-0.020136	590000.000000
20.937500	-0.019974	590200.000000
21.041667	-0.019793	590400.000000
21.145833	-0.019157	590600.000000
21.250000	-0.018895	590800.000000
21.354167	-0.018336	591000.000000
21.458333	-0.017575	591200.000000
21.562500	-0.017157	591400.000000
21.666667	-0.016438	591600.000000
21.770833	-0.015436	591800.000000
21.875000	-0.014431	592000.000000
21.979167	-0.013733	592200.000000
22.083333	-0.012282	592400.000000
22.187500	-0.010731	592600.000000
22.291667	-0.009143	592800.000000
22.395833	-0.007403	593000.000000
22.500000	-0.005557	593200.000000
22.604167	-0.003255	593400.000000
22.708333	-0.000737	593600.000000
22.812500	0.002271	593800.000000
22.916667	0.005282	594000.000000
23.020833	0.008855	594200.000000
23.125000	0.013070	594400.000000
23.229167	0.017845	594600.000000
23.333333	0.022454	594800.000000
23.437500	0.027813	595000.000000
23.541667	0.033403	595200.000000
23.645833	0.039432	595400.000000
23.750000	0.045616	595600.000000
23.854167	0.052005	595800.000000
23.958333	0.058669	596000.000000
24.062500	0.065345	596200.000000
24.166667	0.070714	596400.000000
24.270833	0.071674	596600.000000
24.375000	0.060468	596800.000000
24.479167	0.024223	597000.000000
24.583333	-0.052561	597200.000000
24.687500	-0.176421	597400.000000
24.791667	-0.341714	597600.000000
24.895833	-0.520571	597800.000000
25.000000	-0.669876	598000.000000
25.104167	-0.746973	598200.000000
25.208333	-0.716939	598400.000000
25.312500	-0.577889	598600.000000
25.416667	-0.366802	598800.000000
25.520833	-0.154788	599000.000000
25.625000	0.023310	599200.000000
25.729167	0.145129	599400.000000
25.833333	0.215368	599600.000000
25.937500	0.243919	599800.000000
26.041667	0.241729	600000.000000
26.145833	0.220098	600200.000000
26.250000	0.189739	600400.000000
26.354167	0.159772	600600.000000
26.458333	0.137332	600800.000000
26.562500	0.126646	601000.000000
26.666667	0.125367	601200.000000
26.770833	0.128285	601400.000000
26.875000	0.126356	601600.000000
26.979167	0.112114	601800.000000
27.083333	0.085099	602000.000000
27.187500	0.053636	602200.000000
27.291667	0.029711	602400.000000
27.395833	0.018871	602600.000000
27.500000	0.017752	602800.000000
27.604167	0.019416	603000.000000
27.708333	0.020159	603200.000000
27.812500	0.018732	603400.000000
27.916667	0.014584	603600.000000
28.020833	0.008097	603800.000000
28.125000	0.000802	604000.000000
28.229167	-0.004755	604200.000000
28.333333	-0.006781	604400.000000
28.437500	-0.003589	604600.000000
28.541667	0.002934	604800.000000
28.645833	0.006935	605000.000000
28.750000	0.005160	605200.000000
28.854167	-0.003589	605400.000000
28.958333	-0.015617	605600.000000
29.062500	-0.024884	605800.000000
29.166667	-0.027906	606000.000000
29.270833	-0.027159	606200.000000
29.375000	-0.028106	606400.000000
29.479167	-0.034242	606600.000000
29.583333	-0.043674	606800.000000
29.687500	-0.050207	607000.000000
29.791667	-0.050801	607200.000000
29.895833	-0.046738	607400.000000
30.000000	-0.039023	607600.000000
30.104167	-0.029753	607800.000000
30.208333	-0.020772	608000.000000
30.312500	-0.013903	608200.000000
30.416667	-0.008785	608400.000000
30.520833	-0.006897	608600.000000
30.625000	-0.009835	608800.000000
30.729167	-0.017114	609000.000000
30.833333	-0.025417	609200.000000
30.937500	-0.032311	609400.000000
31.041667	-0.036966	609600.000000
31.145833	-0.039003	609800.000000
31.250000	-0.038074	610000.000000
31.354167	-0.034149	610200.000000
31.458333	-0.029133	610400.000000
31.562500	-0.025139	610600.000000
31.666667	-0.023350	610800.000000
31.770833	-0.024737	611000.000000
31.875000	-0.026728	611200.000000
31.979167	-0.027368	611400.000000
32.083333	-0.027520	611600.000000
32.187500	-0.028553	611800.000000
32.291667	-0.030929	612000.000000
32.395833	-0.034434	612200.000000
32.500000	-0.038177	612400.000000
32.604167	-0.042203	612600.000000
32.708333	-0.044435	612800.000000
32.812500	-0.044855	613000.000000
32.916667	-0.044595	613200.000000
33.020833	-0.044463	613400.000000
33.125000	-0.044352	613600.000000
33.229167	-0.044737	613800.000000
33.333333	-0.044366	614000.000000
33.437500	-0.042612	614200.000000
33.541667	-0.040194	614400.000000
33.645833	-0.038079	614600.000000
33.750000	-0.036078	614800.000000
33.854167	-0.031770	615000.000000
33.958333	-0.024010	615200.000000
34.062500	-0.014357	615400.000000
34.166667	-0.005695	615600.000000
34.270833	-0.000501	615800.000000
34.375000	-0.000310	616000.000000
34.479167	-0.005171	616200.000000
34.583333	-0.012898	616400.000000
34.687500	-0.020485	616600.000000
34.791667	-0.023855	616800.000000
34.895833	-0.022996	617000.000000
35.000000	-0.020656	617200.000000
35.104167	-0.018234	617400.000000
35.208333	-0.016091	617600.000000
35.312500	-0.015210	617800.000000
35.416667	-0.015503	618000.000000
35.520833	-0.016539	618200.000000
35.625000	-0.017059	618400.000000
35.729167	-0.017091	618600.000000
35.833333	-0.016988	618800.000000
35.937500	-0.017597	619000.000000
36.041667	-0.018571	619200.000000
36.145833	-0.020522	619400.000000
36.250000	-0.023827	619600.000000
36.354167	-0.028578	619800.000000
36.458333	-0.033516	620000.000000
36.562500	-0.037743	620200.000000
36.666667	-0.039960	620400.000000
36.770833	-0.038910	620600.000000
36.875000	-0.033934	620800.000000
36.979167	-0.027047	621000.000000
37.083333	-0.020863	621200.000000
37.187500	-0.018595	621400.000000
37.291667	-0.020531	621600.000000
37.395833	-0.025127	621800.000000
37.500000	-0.029095	622000.000000
37.604167	-0.029310	622200.000000
37.708333	-0.025267	622400.000000
37.812500	-0.019794	622600.000000
37.916667	-0.017425	622800.000000
38.020833	-0.019814	623000.000000
38.125000	-0.026312	623200.000000
38.229167	-0.034063	623400.000000
38.333333	-0.039263	623600.000000
38.437500	-0.041144	623800.000000
38.541667	-0.039967	624000.000000
38.645833	-0.038222	624200.000000
38.750000	-0.036429	624400.000000
38.854167	-0.034635	624600.000000
38.958333	-0.033652	624800.000000
39.062500	-0.034296	625000.000000
39.166667	-0.035789	625200.000000
39.270833	-0.035886	625400.000000
39.375000	-0.032072	625600.000000
39.479167	-0.025566	625800.000000
39.583333	-0.018848	626000.000000
39.687500	-0.016173	626200.000000
39.791667	-0.019930	626400.000000
39.895833	-0.027454	626600.000000
40.000000	-0.035528	626800.000000
40.104167	-0.040671	627000.000000
40.208333	-0.042713	627200.000000
40.312500	-0.041886	627400.000000
40.416667	-0.037723	627600.000000
40.520833	-0.031194	627800.000000
40.625000	-0.024534	628000.000000
40.729167	-0.021855	628200.000000
40.833333	-0.023077	628400.000000
40.937500	-0.025518	628600.000000
41.041667	-0.025670	628800.000000
41.145833	-0.021515	629000.000000
41.250000	-0.013807	629200.000000
41.354167	-0.007746	629400.000000
41.458333	-0.008425	629600.000000
41.562500	-0.017105	629800.000000
41.666667	-0.029421	630000.000000
41.770833	-0.039083	630200.000000
41.875000	-0.043435	630400.000000
41.979167	-0.041835	630600.000000
42.083333	-0.035835	630800.000000
42.187500	-0.027618	631000.000000
42.291667	-0.020541	631200.000000
42.395833	-0.017203	631400.000000
42.500000	-0.018318	631600.000000
42.604167	-0.021860	631800.000000
42.708333	-0.025106	632000.000000
42.812500	-0.026191	632200.000000
42.916667	-0.024385	632400.000000
43.020833	-0.019889	632600.000000
43.125000	-0.014309	632800.000000
43.229167	-0.010264	633000.000000
43.333333	-0.010424	633200.000000
43.437500	-0.014686	633400.000000
43.541667	-0.021377	633600.000000
43.645833	-0.027264	633800.000000
43.750000	-0.030638	634000.000000
43.854167	-0.030955	634200.000000
43.958333	-0.029618	634400.000000
44.062500	-0.027219	634600.000000
44.166667	-0.024546	634800.000000
44.270833	-0.022142	635000.000000
44.375000	-0.020860	635200.000000
44.479167	-0.020440	635400.000000
44.583333	-0.019243	635600.000000
44.687500	-0.016172	635800.000000
44.791667	-0.011361	636000.000000
44.895833	-0.006697	636200.000000
45.000000	-0.005598	636400.000000
45.104167	-0.009094	636600.000000
45.208333	-0.015605	636800.000000
45.312500	-0.022146	637000.000000
45.416667	-0.026516	637200.000000
45.520833	-0.028573	637400.000000
45.625000	-0.029636	637600.000000
45.729167	-0.029878	637800.000000
45.833333	-0.029193	638000.000000
45.937500	-0.027363	638200.000000
46.041667	-0.024646	638400.000000
46.145833	-0.021163	638600.000000
46.250000	-0.017076	638800.000000
46.354167	-0.013058	639000.000000
46.458333	-0.010397	639200.000000
46.562500	-0.009891	639400.000000
46.666667	-0.011614	639600.000000
46.770833	-0.014952	639800.000000
46.875000	-0.018173	640000.000000
46.979167	-0.020800	640200.000000
47.083333	-0.023156	640400.000000
47.187500	-0.025080	640600.000000
47.291667	-0.026544	640800.000000
47.395833	-0.027578	641000.000000
47.500000	-0.027383	641200.000000
47.604167	-0.026341	641400.000000
47.708333	-0.024950	641600.000000
47.812500	-0.023968	641800.000000
47.916667	-0.023967	642000.000000
48.020833	-0.023691	642200.000000
48.125000	-0.021801	642400.000000
48.229167	-0.019799	642600.000000
48.333333	-0.018105	642800.000000
48.437500	-0.017732	643000.000000
48.541667	-0.018606	643200.000000
48.645833	-0.020622	643400.000000
48.750000	-0.022380	643600.000000
48.854167	-0.023005	643800.000000
48.958333	-0.023099	644000.000000
49.062500	-0.023319	644200.000000
49.166667	-0.024726	644400.000000
49.270833	-0.027256	644600.000000
49.375000	-0.029801	644800.000000
49.479167	-0.031914	645000.000000
49.583333	-0.031697	645200.000000
49.687500	-0.029751	645400.000000
49.791667	-0.025993	645600.000000
49.895833	-0.021878	645800.000000
50.000000	-0.018333	646000.000000
50.104167	-0.015863	646200.000000
50.208333	-0.015355	646400.000000
50.312500	-0.016427	646600.000000
50.416667	-0.018334	646800.000000
50.520833	-0.019625	647000.000000
50.625000	-0.020104	647200.000000
50.729167	-0.022117	647400.000000
50.833333	-0.026682	647600.000000
50.937500	-0.032139	647800.000000
51.041667	-0.035657	648000.000000
51.145833	-0.035141	648200.000000
51.250000	-0.031823	648400.000000
51.354167	-0.027946	648600.000000
51.458333	-0.023488	648800.000000
51.562500	-0.019534	649000.000000
51.666667	-0.016531	649200.000000
51.770833	-0.015346	649400.000000
51.875000	-0.016059	649600.000000
51.979167	-0.018514	649800.000000
52.083333	-0.021429	650000.000000
52.187500	-0.023486	650200.000000
52.291667	-0.023869	650400.000000
52.395833	-0.023036	650600.000000
52.500000	-0.022064	650800.000000
52.604167	-0.023067	651000.000000
52.708333	-0.025478	651200.000000
52.812500	-0.028639	651400.000000
52.916667	-0.030642	651600.000000
53.020833	-0.030760	651800.000000
53.125000	-0.028790	652000.000000
53.229167	-0.025651	652200.000000
53.333333	-0.021909	652400.000000
53.437500	-0.019273	652600.000000
53.541667	-0.019602	652800.000000
53.645833	-0.022114	653000.000000
53.750000	-0.025231	653200.000000
53.854167	-0.026226	653400.000000
53.958333	-0.025038	653600.000000
54.062500	-0.022734	653800.000000
54.166667	-0.020364	654000.000000
54.270833	-0.019749	654200.000000
54.375000	-0.021655	654400.000000
54.479167	-0.025605	654600.000000
54.583333	-0.029984	654800.000000
54.687500	-0.033013	655000.000000
54.791667	-0.033719	655200.000000
54.895833	-0.032579	655400.000000
55.000000	-0.030179	655600.000000
55.104167	-0.026430	655800.000000
55.208333	-0.022317	656000.000000
55.312500	-0.019520	656200.000000
55.416667	-0.017643	656400.000000
55.520833	-0.016468	656600.000000
55.625000	-0.016100	656800.000000
55.729167	-0.016566	657000.000000
55.833333	-0.018581	657200.000000
55.937500	-0.020741	657400.000000
56.041667	-0.022772	657600.000000
56.145833	-0.025340	657800.000000
56.250000	-0.028055	658000.000000
56.354167	-0.030424	658200.000000
56.458333	-0.031728	658400.000000
56.562500	-0.031349	658600.000000
56.666667	-0.029359	658800.000000
56.770833	-0.026041	659000.000000
56.875000	-0.022586	659200.000000
56.979167	-0.019868	659400.000000
57.083333	-0.018801	659600.000000
57.187500	-0.018901	659800.000000
57.291667	-0.019376	660000.000000
57.395833	-0.019826	660200.000000
57.500000	-0.020056	660400.000000
57.604167	-0.020745	660600.000000
57.708333	-0.022066	660800.000000
57.812500	-0.023448	661000.000000
57.916667	-0.024482	661200.000000
58.020833	-0.025632	661400.000000
58.125000	-0.026403	661600.000000
58.229167	-0.025998	661800.000000
58.333333	-0.024626	662000.000000
58.437500	-0.023514	662200.000000
58.541667	-0.023580	662400.000000
58.645833	-0.024165	662600.000000
58.750000	-0.024050	662800.000000
58.854167	-0.022570	663000.000000
58.958333	-0.020121	663200.000000
59.062500	-0.018554	663400.000000
59.166667	-0.018562	663600.000000
59.270833	-0.018711	663800.000000
59.375000	-0.018744	664000.000000
59.479167	-0.018587	664200.000000
59.583333	-0.018653	664400.000000
59.687500	-0.019346	664600.000000
59.791667	-0.021028	664800.000000
59.895833	-0.023505	665000.000000
60.000000	-0.026500	665200.000000
60.104167	-0.028888	665400.000000
60.208333	-0.029892	665600.000000
60.312500	-0.028999	665800.000000
60.416667	-0.026612	666000.000000
60.520833	-0.022677	666200.000000
60.625000	-0.018913	666400.000000
60.729167	-0.016436	666600.000000
60.833333	-0.015532	666800.000000
60.937500	-0.016178	667000.000000
61.041667	-0.017540	667200.000000
61.145833	-0.018915	667400.000000
61.250000	-0.020176	667600.000000
61.354167	-0.021299	667800.000000
61.458333	-0.022741	668000.000000
61.562500	-0.024729	668200.000000
61.666667	-0.026964	668400.000000
61.770833	-0.028427	668600.000000
61.875000	-0.028548	668800.000000
61.979167	-0.027671	669000.000000
62.083333	-0.026487	669200.000000
62.187500	-0.024800	669400.000000
62.291667	-0.022494	669600.000000
62.395833	-0.019868	669800.000000
62.500000	-0.017142	670000.000000
62.604167	-0.016529	670200.000000
62.708333	-0.018156	670400.000000
62.812500	-0.021017	670600.000000
62.916667	-0.023896	670800.000000
63.020833	-0.024986	671000.000000
63.125000	-0.024733	671200.000000
63.229167	-0.023994	671400.000000
63.333333	-0.023559	671600.000000
63.437500	-0.023689	671800.000000
63.541667	-0.024320	672000.000000
63.645833	-0.025287	672200.000000
63.750000	-0.026212	672400.000000
63.854167	-0.027044	672600.000000
63.958333	-0.027421	672800.000000
64.062500	-0.027689	673000.000000
64.166667	-0.027007	673200.000000
64.270833	-0.025628	673400.000000
64.375000	-0.023960	673600.000000
64.479167	-0.022257	673800.000000
64.583333	-0.021211	674000.000000
64.687500	-0.020677	674200.000000
64.791667	-0.021272	674400.000000
64.895833	-0.022869	674600.000000
65.000000	-0.025087	674800.000000
65.104167	-0.026642	675000.000000
65.208333	-0.027641	675200.000000
65.312500	-0.027903	675400.000000
65.416667	-0.028536	675600.000000
65.520833	-0.028813	675800.000000
65.625000	-0.028967	676000.000000
65.729167	-0.028978	676200.000000
65.833333	-0.028595	676400.000000
65.937500	-0.027605	676600.000000
66.041667	-0.025194	676800.000000
66.145833	-0.021955	677000.000000
66.250000	-0.019476	677200.000000
66.354167	-0.019335	677400.000000
66.458333	-0.021708	677600.000000
66.562500	-0.025046	677800.000000
66.666667	-0.028391	678000.000000
66.770833	-0.030547	678200.000000
66.875000	-0.031548	678400.000000
66.979167	-0.031443	678600.000000
67.083333	-0.030853	678800.000000
67.187500	-0.030024	679000.000000
67.291667	-0.028655	679200.000000
67.395833	-0.027269	679400.000000
67.500000	-0.026271	679600.000000
67.604167	-0.025785	679800.000000
67.708333	-0.024620	680000.000000
67.812500	-0.022369	680200.000000
67.916667	-0.020064	680400.000000
68.020833	-0.018783	680600.000000
68.125000	-0.018852	680800.000000
68.229167	-0.019875	681000.000000
68.333333	-0.021777	681200.000000
68.437500	-0.023261	681400.000000
68.541667	-0.023704	681600.000000
68.645833	-0.022607	681800.000000
68.750000	-0.020873	682000.000000
68.854167	-0.019211	682200.000000
68.958333	-0.019639	682400.000000
69.062500	-0.021574	682600.000000
69.166667	-0.024606	682800.000000
69.270833	-0.027572	683000.000000
69.375000	-0.028362	683200.000000
69.479167	-0.026775	683400.000000
69.583333	-0.023632	683600.000000
69.687500	-0.020508	683800.000000
69.791667	-0.018772	684000.000000
69.895833	-0.019093	684200.000000
70.000000	-0.020924	684400.000000
70.104167	-0.023187	684600.000000
70.208333	-0.024834	684800.000000
70.312500	-0.025500	685000.000000
70.416667	-0.024898	685200.000000
70.520833	-0.024589	685400.000000
70.625000	-0.025493	685600.000000
70.729167	-0.027482	685800.000000
70.833333	-0.030311	686000.000000
70.937500	-0.032569	686200.000000
71.041667	-0.033060	686400.000000
71.145833	-0.031580	686600.000000
71.250000	-0.029042	686800.000000
71.354167	-0.025460	687000.000000
71.458333	-0.022462	687200.000000
71.562500	-0.021136	687400.000000
71.666667	-0.021137	687600.000000
71.770833	-0.022971	687800.000000
71.875000	-0.025801	688000.000000
71.979167	-0.028755	688200.000000
72.083333	-0.031122	688400.000000
72.187500	-0.033190	688600.000000
72.291667	-0.034086	688800.000000
72.395833	-0.034112	689000.000000
72.500000	-0.034159	689200.000000
72.604167	-0.034226	689400.000000
72.708333	-0.034143	689600.000000
72.812500	-0.033597	689800.000000
72.916667	-0.032584	690000.000000
73.020833	-0.030982	690200.000000
73.125000	-0.028852	690400.000000
73.229167	-0.026834	690600.000000
73.333333	-0.025368	690800.000000
73.437500	-0.024176	691000.000000
73.541667	-0.022917	691200.000000
73.645833	-0.021597	691400.000000
73.750000	-0.019861	691600.000000
73.854167	-0.018652	691800.000000
73.958333	-0.017597	692000.000000
74.062500	-0.016990	692200.000000
74.166667	-0.016655	692400.000000
74.270833	-0.015662	692600.000000
74.375000	-0.014856	692800.000000
74.479167	-0.014005	693000.000000
74.583333	-0.013077	693200.000000
74.687500	-0.013167	693400.000000
74.791667	-0.013750	693600.000000
74.895833	-0.014758	693800.000000
75.000000	-0.015422	694000.000000
75.104167	-0.015236	694200.000000
75.208333	-0.014521	694400.000000
75.312500	-0.013839	694600.000000
75.416667	-0.013604	694800.000000
75.520833	-0.014405	695000.000000
75.625000	-0.016318	695200.000000
75.729167	-0.019738	695400.000000
75.833333	-0.023172	695600.000000
75.937500	-0.025923	695800.000000
76.041667	-0.028018	696000.000000
76.145833	-0.029214	696200.000000
76.250000	-0.029568	696400.000000
76.354167	-0.030092	696600.000000
76.458333	-0.029997	696800.000000
76.562500	-0.029255	697000.000000
76.666667	-0.028005	697200.000000
76.770833	-0.026004	697400.000000
76.875000	-0.023654	697600.000000
76.979167	-0.021555	697800.000000
77.083333	-0.020392	698000.000000
77.187500	-0.020682	698200.000000
77.291667	-0.021977	698400.000000
77.395833	-0.024163	698600.000000
77.500000	-0.025747	698800.000000
77.604167	-0.026342	699000.000000
77.708333	-0.026123	699200.000000
77.812500	-0.025020	699400.000000
77.916667	-0.023600	699600.000000
78.020833	-0.022659	699800.000000
78.125000	-0.022557	700000.000000
78.229167	-0.023004	700200.000000
78.333333	-0.024377	700400.000000
78.437500	-0.025115	700600.000000
78.541667	-0.024991	700800.000000
78.645833	-0.024385	701000.000000
78.750000	-0.023308	701200.000000
78.854167	-0.023026	701400.000000
78.958333	-0.024256	701600.000000
79.062500	-0.026061	701800.000000
79.166667	-0.027896	702000.000000
79.270833	-0.028527	702200.000000
79.375000	-0.027773	702400.000000
79.479167	-0.025778	702600.000000
79.583333	-0.023943	702800.000000
79.687500	-0.022821	703000.000000
79.791667	-0.023025	703200.000000
79.895833	-0.024485	703400.000000
80.000000	-0.025924	703600.000000
80.104167	-0.026572	703800.000000
80.208333	-0.026331	704000.000000
80.312500	-0.025227	704200.000000
80.416667	-0.023000	704400.000000
80.520833	-0.020177	704600.000000
80.625000	-0.017586	704800.000000
80.729167	-0.015843	705000.000000
80.833333	-0.016000	705200.000000
80.937500	-0.017406	705400.000000
81.041667	-0.019353	705600.000000
81.145833	-0.021132	705800.000000
81.250000	-0.022681	706000.000000
81.354167	-0.023479	706200.000000
81.458333	-0.024092	706400.000000
81.562500	-0.024025	706600.000000
81.666667	-0.023219	706800.000000
81.770833	-0.021823	707000.000000
81.875000	-0.020788	707200.000000
81.979167	-0.019940	707400.000000
82.083333	-0.018962	707600.000000
82.187500	-0.018235	707800.000000
82.291667	-0.016718	708000.000000
82.395833	-0.015331	708200.000000
82.500000	-0.014743	708400.000000
82.604167	-0.015631	708600.000000
82.708333	-0.016997	708800.000000
82.812500	-0.018784	709000.000000
82.916667	-0.020304	709200.000000
83.020833	-0.021325	709400.000000
83.125000	-0.022126	709600.000000
83.229167	-0.022135	709800.000000
83.333333	-0.021783	710000.000000
83.437500	-0.020996	710200.000000
83.541667	-0.020090	710400.000000
83.645833	-0.020052	710600.000000
83.750000	-0.020343	710800.000000
83.854167	-0.020647	711000.000000
83.958333	-0.020832	711200.000000
84.062500	-0.021168	711400.000000
84.166667	-0.020932	711600.000000
84.270833	-0.020523	711800.000000
84.375000	-0.020371	712000.000000
84.479167	-0.020232	712200.000000
84.583333	-0.020669	712400.000000
84.687500	-0.021803	712600.000000
84.791667	-0.023082	712800.000000
84.895833	-0.023872	713000.000000
85.000000	-0.024170	713200.000000
85.104167	-0.024580	713400.000000
85.208333	-0.025273	713600.000000
85.312500	-0.025864	713800.000000
85.416667	-0.026737	714000.000000
85.520833	-0.027318	714200.000000
85.625000	-0.027347	714400.000000
85.729167	-0.026066	714600.000000
85.833333	-0.024193	714800.000000
85.937500	-0.022365	715000.000000
86.041667	-0.021484	715200.000000
86.145833	-0.021658	715400.000000
86.250000	-0.022752	715600.000000
86.354167	-0.025168	715800.000000
86.458333	-0.027115	716000.000000
86.562500	-0.028463	716200.000000
86.666667	-0.029084	716400.000000
86.770833	-0.029127	716600.000000
86.875000	-0.028356	716800.000000
86.979167	-0.028233	717000.000000
87.083333	-0.028350	717200.000000
87.187500	-0.028654	717400.000000
87.291667	-0.028818	717600.000000
87.395833	-0.027901	717800.000000
87.500000	-0.026519	718000.000000
87.604167	-0.025050	718200.000000
87.708333	-0.023778	718400.000000
87.812500	-0.023265	718600.000000
87.916667	-0.023837	718800.000000
88.020833	-0.025057	719000.000000
88.125000	-0.026687	719200.000000
88.229167	-0.028374	719400.000000
88.333333	-0.029472	719600.000000
88.437500	-0.029729	719800.000000
88.541667	-0.028930	720000.000000
88.645833	-0.027545	720200.000000
88.750000	-0.026373	720400.000000
88.854167	-0.026050	720600.000000
88.958333	-0.026349	720800.000000
89.062500	-0.026604	721000.000000
89.166667	-0.026761	721200.000000
89.270833	-0.026261	721400.000000
89.375000	-0.025248	721600.000000
89.479167	-0.024280	721800.000000
89.583333	-0.023491	722000.000000
89.687500	-0.023034	722200.000000
89.791667	-0.022620	722400.000000
89.895833	-0.022646	722600.000000
90.000000	-0.022987	722800.000000
90.104167	-0.023717	723000.000000
90.208333	-0.024438	723200.000000
90.312500	-0.025270	723400.000000
90.416667	-0.026013	723600.000000
90.520833	-0.026712	723800.000000
90.625000	-0.027045	724000.000000
90.729167	-0.027006	724200.000000
90.833333	-0.026918	724400.000000
90.937500	-0.026100	724600.000000
91.041667	-0.025193	724800.000000
91.145833	-0.023965	725000.000000
91.250000	-0.022804	725200.000000
91.354167	-0.022063	725400.000000
91.458333	-0.021773	725600.000000
91.562500	-0.021767	725800.000000
91.666667	-0.021780	726000.000000
91.770833	-0.022485	726200.000000
91.875000	-0.023862	726400.000000
91.979167	-0.025215	726600.000000
92.083333	-0.026630	726800.000000
92.187500	-0.027470	727000.000000
92.291667	-0.027424	727200.000000
92.395833	-0.026804	727400.000000
92.500000	-0.026159	727600.000000
92.604167	-0.025064	727800.000000
92.708333	-0.023875	728000.000000
92.812500	-0.022733	728200.000000
92.916667	-0.021949	728400.000000
93.020833	-0.021355	728600.000000
93.125000	-0.021589	728800.000000
93.229167	-0.022286	729000.000000
93.333333	-0.022992	729200.000000
93.437500	-0.023488	729400.000000
93.541667	-0.024047	729600.000000
93.645833	-0.024127	729800.000000
93.750000	-0.024329	730000.000000
93.854167	-0.024290	730200.000000
93.958333	-0.024308	730400.000000
94.062500	-0.024140	730600.000000
94.166667	-0.023627	730800.000000
94.270833	-0.023545	731000.000000
94.375000	-0.023506	731200.000000
94.479167	-0.023243	731400.000000
94.583333	-0.023214	731600.000000
94.687500	-0.023175	731800.000000
94.791667	-0.023016	732000.000000
94.895833	-0.022894	732200.000000
95.000000	-0.022559	732400.000000
95.104167	-0.022332	732600.000000
95.208333	-0.022475	732800.000000
95.312500	-0.023107	733000.000000
95.416667	-0.024074	733200.000000
95.520833	-0.025363	733400.000000
95.625000	-0.026432	733600.000000
95.729167	-0.027014	733800.000000
95.833333	-0.026964	734000.000000
95.937500	-0.026908	734200.000000
96.041667	-0.026799	734400.000000
96.145833	-0.026500	734600.000000
96.250000	-0.025995	734800.000000
96.354167	-0.025237	735000.000000
96.458333	-0.024100	735200.000000
96.562500	-0.022975	735400.000000
96.666667	-0.021874	735600.000000
96.770833	-0.020736	735800.000000
96.875000	-0.020200	736000.000000
96.979167	-0.019979	736200.000000
97.083333	-0.021069	736400.000000
97.187500	-0.023086	736600.000000
97.291667	-0.024732	736800.000000
97.395833	-0.026244	737000.000000
97.500000	-0.027326	737200.000000
97.604167	-0.027249	737400.000000
97.708333	-0.026870	737600.000000
97.812500	-0.026239	737800.000000
97.916667	-0.025137	738000.000000
98.020833	-0.024339	738200.000000
98.125000	-0.023901	738400.000000
98.229167	-0.023595	738600.000000
98.333333	-0.023193	738800.000000
98.437500	-0.022758	739000.000000
98.541667	-0.021969	739200.000000
98.645833	-0.021007	739400.000000
98.750000	-0.020444	739600.000000
98.854167	-0.020401	739800.000000
98.958333	-0.020751	740000.000000
99.062500	-0.021736	740200.000000
99.166667	-0.022710	740400.000000
99.270833	-0.023368	740600.000000
99.375000	-0.023742	740800.000000
99.479167	-0.024043	741000.000000
99.583333	-0.024319	741200.000000
99.687500	-0.024869	741400.000000
99.791667	-0.025249	741600.000000
99.895833	-0.025560	741800.000000
100.000000	-0.025638	742000.000000
100.104167	-0.025748	742200.000000
100.208333	-0.025313	742400.000000
100.312500	-0.024331	742600.000000
100.416667	-0.023676	742800.000000
100.520833	-0.022452	743000.000000
100.625000	-0.021830	743200.000000
100.729167	-0.021817	743400.000000
100.833333	-0.021869	743600.000000
100.937500	-0.022647	743800.000000
101.041667	-0.023211	744000.000000
101.145833	-0.023714	744200.000000
101.250000	-0.024256	744400.000000
101.354167	-0.024976	744600.000000
101.458333	-0.025787	744800.000000
101.562500	-0.026083	745000.000000
101.666667	-0.025763	745200.000000
101.770833	-0.025501	745400.000000
101.875000	-0.024543	745600.000000
101.979167	-0.023125	745800.000000
102.083333	-0.022013	746000.000000
102.187500	-0.021185	746200.000000
102.291667	-0.021170	746400.000000
102.395833	-0.021880	746600.000000
102.500000	-0.022651	746800.000000
102.604167	-0.023636	747000.000000
102.708333	-0.024272	747200.000000
102.812500	-0.024406	747400.000000
102.916667	-0.024296	747600.000000
103.020833	-0.023942	747800.000000
103.125000	-0.023467	748000.000000
103.229167	-0.023550	748200.000000
103.333333	-0.023564	748400.000000
103.437500	-0.023730	748600.000000
103.541667	-0.023688	748800.000000
103.645833	-0.023308	749000.000000
103.750000	-0.023333	749200.000000
103.854167	-0.023374	749400.000000
103.958333	-0.023616	749600.000000
104.062500	-0.023915	749800.000000
104.166667	-0.024381	750000.000000
104.270833	-0.024835	750200.000000
104.375000	-0.025111	750400.000000
104.479167	-0.025029	750600.000000
104.583333	-0.024897	750800.000000
104.687500	-0.024633	751000.000000
104.791667	-0.024238	751200.000000
104.895833	-0.024010	751400.000000
105.000000	-0.024181	751600.000000
105.104167	-0.024472	751800.000000
105.208333	-0.024790	752000.000000
105.312500	-0.024879	752200.000000
105.416667	-0.024522	752400.000000
105.520833	-0.023858	752600.000000
105.625000	-0.022723	752800.000000
105.729167	-0.021533	753000.000000
105.833333	-0.020915	753200.000000
105.937500	-0.020427	753400.000000
106.041667	-0.020074	753600.000000
106.145833	-0.020356	753800.000000
106.250000	-0.020770	754000.000000
106.354167	-0.021622	754200.000000
106.458333	-0.022421	754400.000000
106.562500	-0.022748	754600.000000
106.666667	-0.022906	754800.000000
106.770833	-0.022754	755000.000000
106.875000	-0.022253	755200.000000
106.979167	-0.021752	755400.000000
107.083333	-0.021317	755600.000000
107.187500	-0.021095	755800.000000
107.291667	-0.020584	756000.000000
107.395833	-0.020175	756200.000000
107.500000	-0.020060	756400.000000
107.604167	-0.020179	756600.000000
107.708333	-0.020617	756800.000000
107.812500	-0.021183	757000.000000
107.916667	-0.021541	757200.000000
108.020833	-0.022660	757400.000000
108.125000	-0.023580	757600.000000
108.229167	-0.024193	757800.000000
108.333333	-0.024317	758000.000000
108.437500	-0.023944	758200.000000
108.541667	-0.023224	758400.000000
108.645833	-0.022659	758600.000000
108.750000	-0.022166	758800.000000
108.854167	-0.021724	759000.000000
108.958333	-0.021231	759200.000000
109.062500	-0.020636	759400.000000
109.166667	-0.020274	759600.000000
109.270833	-0.020052	759800.000000
109.375000	-0.020021	760000.000000
109.479167	-0.020357	760200.000000
109.583333	-0.021336	760400.000000
109.687500	-0.022031	760600.000000
109.791667	-0.022844	760800.000000
109.895833	-0.023370	761000.000000
110.000000	-0.023715	761200.000000
110.104167	-0.023937	761400.000000
110.208333	-0.024043	761600.000000
110.312500	-0.024288	761800.000000
110.416667	-0.024560	762000.000000
110.520833	-0.025248	762200.000000
110.625000	-0.025621	762400.000000
110.729167	-0.025480	762600.000000
110.833333	-0.024800	762800.000000
110.937500	-0.023798	763000.000000
111.041667	-0.022943	763200.000000
111.145833	-0.022575	763400.000000
111.250000	-0.022070	763600.000000
111.354167	-0.022618	763800.000000
111.458333	-0.023246	764000.000000
111.562500	-0.023634	764200.000000
111.666667	-0.024148	764400.000000
111.770833	-0.024176	764600.000000
111.875000	-0.023835	764800.000000
111.979167	-0.023380	765000.000000
112.083333	-0.022900	765200.000000
112.187500	-0.022752	765400.000000
112.291667	-0.022796	765600.000000
112.395833	-0.022698	765800.000000
112.500000	-0.022100	766000.000000
112.604167	-0.021435	766200.000000
112.708333	-0.020776	766400.000000
112.812500	-0.020405	766600.000000
112.916667	-0.020434	766800.000000
113.020833	-0.020851	767000.000000
113.125000	-0.022038	767200.000000
113.229167	-0.022720	767400.000000
113.333333	-0.023231	767600.000000
113.437500	-0.023573	767800.000000
113.541667	-0.023650	768000.000000
113.645833	-0.023326	768200.000000
113.750000	-0.023336	768400.000000
113.854167	-0.023265	768600.000000
113.958333	-0.023625	768800.000000
114.062500	-0.024284	769000.000000
114.166667	-0.024441	769200.000000
114.270833	-0.024674	769400.000000
114.375000	-0.024834	769600.000000
114.479167	-0.024907	769800.000000
114.583333	-0.025341	770000.000000
114.687500	-0.025539	770200.000000
114.791667	-0.025304	770400.000000
114.895833	-0.025118	770600.000000
115.000000	-0.024638	770800.000000
115.104167	-0.024368	771000.000000
115.208333	-0.024379	771200.000000
115.312500	-0.024708	771400.000000
115.416667	-0.025293	771600.000000
115.520833	-0.026026	771800.000000
115.625000	-0.026978	772000.000000
115.729167	-0.027933	772200.000000
115.833333	-0.028790	772400.000000
115.937500	-0.029778	772600.000000
116.041667	-0.030725	772800.000000
116.145833	-0.031374	773000.000000
116.250000	-0.031962	773200.000000
116.354167	-0.031944	773400.000000
116.458333	-0.031917	773600.000000
116.562500	-0.031704	773800.000000
116.666667	-0.031259	774000.000000
116.770833	-0.030586	774200.000000
116.875000	-0.030286	774400.000000
116.979167	-0.030656	774600.000000
117.083333	-0.031110	774800.000000
117.187500	-0.031248	775000.000000
117.291667	-0.031227	775200.000000
117.395833	-0.030528	775400.000000
117.500000	-0.029392	775600.000000
117.604167	-0.027758	775800.000000
117.708333	-0.025825	776000.000000
117.812500	-0.023860	776200.000000
117.916667	-0.021534	776400.000000
118.020833	-0.019229	776600.000000
118.125000	-0.017189	776800.000000
118.229167	-0.015914	777000.000000
118.333333	-0.015462	777200.000000
118.437500	-0.015185	777400.000000
118.541667	-0.016000	777600.000000
118.645833	-0.017557	777800.000000
118.750000	-0.019423	778000.000000
118.854167	-0.021397	778200.000000
118.958333	-0.022759	778400.000000
119.062500	-0.023720	778600.000000
119.166667	-0.024304	778800.000000
119.270833	-0.024607	779000.000000
119.375000	-0.025175	779200.000000
119.479167	-0.026025	779400.000000
119.583333	-0.026888	779600.000000
119.687500	-0.027831	779800.000000
119.791667	-0.028122	780000.000000
119.895833	-0.027546	780200.000000
120.000000	-0.026601	780400.000000
120.104167	-0.025639	780600.000000
120.208333	-0.024525	780800.000000
120.312500	-0.023924	781000.000000
120.416667	-0.023444	781200.000000
120.520833	-0.023642	781400.000000
120.625000	-0.024147	781600.000000
120.729167	-0.024491	781800.000000
120.833333	-0.024965	782000.000000
120.937500	-0.025382	782200.000000
121.041667	-0.025560	782400.000000
121.145833	-0.025485	782600.000000
121.250000	-0.025874	782800.000000
121.354167	-0.025740	783000.000000
121.458333	-0.025012	783200.000000
121.562500	-0.024018	783400.000000
121.666667	-0.022585	783600.000000
121.770833	-0.021105	783800.000000
121.875000	-0.019871	784000.000000
121.979167	-0.019232	784200.000000
122.083333	-0.019172	784400.000000
122.187500	-0.019805	784600.000000
122.291667	-0.020653	784800.000000
122.395833	-0.021617	785000.000000
122.500000	-0.022565	785200.000000
122.604167	-0.023243	785400.000000
122.708333	-0.023769	785600.000000
122.812500	-0.024135	785800.000000
122.916667	-0.024491	786000.000000
123.020833	-0.024018	786200.000000
123.125000	-0.023418	786400.000000
123.229167	-0.022613	786600.000000
123.333333	-0.021814	786800.000000
123.437500	-0.021318	787000.000000
123.541667	-0.020834	787200.000000
123.645833	-0.020324	787400.000000
123.750000	-0.020271	787600.000000
123.854167	-0.019930	787800.000000
123.958333	-0.020005	788000.000000
124.062500	-0.019992	788200.000000
124.166667	-0.019853	788400.000000
124.270833	-0.020102	788600.000000
124.375000	-0.020508	788800.000000
124.479167	-0.021224	789000.000000
124.583333	-0.021789	789200.000000
124.687500	-0.022351	789400.000000
124.791667	-0.022630	789600.000000
124.895833	-0.022886	789800.000000
125.000000	-0.023219	790000.000000
125.104167	-0.023425	790200.000000
125.208333	-0.023596	790400.000000
125.312500	-0.023780	790600.000000
125.416667	-0.023841	790800.000000
125.520833	-0.023705	791000.000000
125.625000	-0.023183	791200.000000
125.729167	-0.023345	791400.000000
125.833333	-0.023378	791600.000000
125.937500	-0.023743	791800.000000
126.041667	-0.024436	792000.000000
126.145833	-0.025515	792200.000000
126.250000	-0.026133	792400.000000
126.354167	-0.026824	792600.000000
126.458333	-0.027070	792800.000000
126.562500	-0.027131	793000.000000
126.666667	-0.027069	793200.000000
126.770833	-0.026946	793400.000000
126.875000	-0.026644	793600.000000
126.979167	-0.026149	793800.000000
127.083333	-0.025297	794000.000000
127.187500	-0.024397	794200.000000
127.291667	-0.023498	794400.000000
127.395833	-0.022682	794600.000000
127.500000	-0.022038	794800.000000
127.604167	-0.021969	795000.000000
127.708333	-0.022189	795200.000000
127.812500	-0.022561	795400.000000
127.916667	-0.022856	795600.000000
128.020833	-0.022926	795800.000000
128.125000	-0.022575	796000.000000
128.229167	-0.022139	796200.000000
128.333333	-0.021567	796400.000000
128.437500	-0.021161	796600.000000
128.541667	-0.021229	796800.000000
128.645833	-0.021270	797000.000000
128.750000	-0.021595	797200.000000
128.854167	-0.021965	797400.000000
128.958333	-0.022068	797600.000000
129.062500	-0.022473	797800.000000
129.166667	-0.022559	798000.000000
129.270833	-0.023279	798200.000000
129.375000	-0.024168	798400.000000
129.479167	-0.025205	798600.000000
129.583333	-0.026191	798800.000000
129.687500	-0.026563	799000.000000
129.791667	-0.026444	799200.000000
129.895833	-0.026178	799400.000000
130.000000	-0.025265	799600.000000
130.104167	-0.024778	799800.000000
130.208333	-0.024581	800000.000000
