0.000000	-0.024410	550000.000000
0.104167	-0.024401	550200.000000
0.208333	-0.024233	550400.000000
0.312500	-0.024498	550600.000000
0.416667	-0.024456	550800.000000
0.520833	-0.024421	551000.000000
0.625000	-0.024377	551200.000000
0.729167	-0.024141	551400.000000
0.833333	-0.024403	551600.000000
0.937500	-0.024294	551800.000000
1.041667	-0.024334	552000.000000
1.145833	-0.024263	552200.000000
1.250000	-0.024320	552400.000000
1.354167	-0.024426	552600.000000
1.458333	-0.024508	552800.000000
1.562500	-0.024560	553000.000000
1.666667	-0.024469	553200.000000
1.770833	-0.024362	553400.000000
1.875000	-0.024640	553600.000000
1.979167	-0.024589	553800.000000
2.083333	-0.024497	554000.000000
2.187500	-0.024502	554200.000000
2.291667	-0.024415	554400.000000
2.395833	-0.024557	554600.000000
2.500000	-0.024393	554800.000000
2.604167	-0.024409	555000.000000
2.708333	-0.024474	555200.000000
2.812500	-0.024415	555400.000000
2.916667	-0.024476	555600.000000
3.020833	-0.024287	555800.000000
3.125000	-0.024546	556000.000000
3.229167	-0.024676	556200.000000
3.333333	-0.024555	556400.000000
3.437500	-0.024601	556600.000000
3.541667	-0.024494	556800.000000
3.645833	-0.024392	557000.000000
3.750000	-0.024680	557200.000000
3.854167	-0.024773	557400.000000
3.958333	-0.024449	557600.000000
4.062500	-0.024334	557800.000000
4.166667	-0.024415	558000.000000
4.270833	-0.024394	558200.000000
4.375000	-0.024523	558400.000000
4.479167	-0.024429	558600.000000
4.583333	-0.024320	558800.000000
4.687500	-0.024240	559000.000000
4.791667	-0.024440	559200.000000
4.895833	-0.024083	559400.000000
5.000000	-0.024157	559600.000000
5.104167	-0.024240	559800.000000
5.208333	-0.024331	560000.000000
5.312500	-0.024268	560200.000000
5.416667	-0.024263	560400.000000
5.520833	-0.024161	560600.000000
5.625000	-0.024478	560800.000000
5.729167	-0.024482	561000.000000
5.833333	-0.024373	561200.000000
5.937500	-0.024373	561400.000000
6.041667	-0.024635	561600.000000
6.145833	-0.024370	561800.000000
6.250000	-0.024237	562000.000000
6.354167	-0.024428	562200.000000
6.458333	-0.024666	562400.000000
6.562500	-0.024254	562600.000000
6.666667	-0.024684	562800.000000
6.770833	-0.024469	563000.000000
6.875000	-0.024349	563200.000000
6.979167	-0.024448	563400.000000
7.083333	-0.024451	563600.000000
7.187500	-0.024484	563800.000000
7.291667	-0.024551	564000.000000
7.395833	-0.024396	564200.000000
7.500000	-0.024327	564400.000000
7.604167	-0.024480	564600.000000
7.708333	-0.024255	564800.000000
7.812500	-0.024354	565000.000000
7.916667	-0.024445	565200.000000
8.020833	-0.024342	565400.000000
8.125000	-0.024477	565600.000000
8.229167	-0.024461	565800.000000
8.333333	-0.024587	566000.000000
8.437500	-0.024384	566200.000000
8.541667	-0.024368	566400.000000
8.645833	-0.024501	566600.000000
8.750000	-0.024432	566800.000000
8.854167	-0.024398	567000.000000
8.958333	-0.024510	567200.000000
9.062500	-0.024280	567400.000000
9.166667	-0.024213	567600.000000
9.270833	-0.024442	567800.000000
9.375000	-0.024186	568000.000000
9.479167	-0.024096	568200.000000
9.583333	-0.024108	568400.000000
9.687500	-0.024112	568600.000000
9.791667	-0.024114	568800.000000
9.895833	-0.024381	569000.000000
10.000000	-0.024263	569200.000000
10.104167	-0.024042	569400.000000
10.208333	-0.024036	569600.000000
10.312500	-0.024124	569800.000000
10.416667	-0.024025	570000.000000
10.520833	-0.024185	570200.000000
10.625000	-0.023840	570400.000000
10.729167	-0.024056	570600.000000
10.833333	-0.024070	570800.000000
10.937500	-0.024082	571000.000000
11.041667	-0.024003	571200.000000
11.145833	-0.024314	571400.000000
11.250000	-0.024260	571600.000000
11.354167	-0.023970	571800.000000
11.458333	-0.023977	572000.000000
11.562500	-0.024010	572200.000000
11.666667	-0.024125	572400.000000
11.770833	-0.024195	572600.000000
11.875000	-0.024319	572800.000000
11.979167	-0.024324	573000.000000
12.083333	-0.024311	573200.000000
12.187500	-0.024353	573400.000000
12.291667	-0.024191	573600.000000
12.395833	-0.024437	573800.000000
12.500000	-0.024229	574000.000000
12.604167	-0.024151	574200.000000
12.708333	-0.024316	574400.000000
12.812500	-0.024112	574600.000000
12.916667	-0.024123	574800.000000
13.020833	-0.024200	575000.000000
13.125000	-0.024331	575200.000000
13.229167	-0.024258	575400.000000
13.333333	-0.024347	575600.000000
13.437500	-0.024281	575800.000000
13.541667	-0.024424	576000.000000
13.645833	-0.024155	576200.000000
13.750000	-0.024329	576400.000000
13.854167	-0.024383	576600.000000
13.958333	-0.024330	576800.000000
14.062500	-0.024353	577000.000000
14.166667	-0.024253	577200.000000
14.270833	-0.024147	577400.000000
14.375000	-0.024227	577600.000000
14.479167	-0.024342	577800.000000
14.583333	-0.024208	578000.000000
14.687500	-0.024304	578200.000000
14.791667	-0.024241	578400.000000
14.895833	-0.024228	578600.000000
15.000000	-0.024247	578800.000000
15.104167	-0.024324	579000.000000
15.208333	-0.024341	579200.000000
15.312500	-0.024119	579400.000000
15.416667	-0.024086	579600.000000
15.520833	-0.024177	579800.000000
15.625000	-0.024131	580000.000000
15.729167	-0.024099	580200.000000
15.833333	-0.024022	580400.000000
15.937500	-0.024322	580600.000000
16.041667	-0.024139	580800.000000
16.145833	-0.024047	581000.000000
16.250000	-0.024143	581200.000000
16.354167	-0.024398	581400.000000
16.458333	-0.024249	581600.000000
16.562500	-0.024220	581800.000000
16.666667	-0.023989	582000.000000
16.770833	-0.023970	582200.000000
16.875000	-0.023941	582400.000000
16.979167	-0.024024	582600.000000
17.083333	-0.024101	582800.000000
17.187500	-0.023953	583000.000000
17.291667	-0.024110	583200.000000
17.395833	-0.024106	583400.000000
17.500000	-0.024185	583600.000000
17.604167	-0.024155	583800.000000
17.708333	-0.024018	584000.000000
17.812500	-0.024023	584200.000000
17.916667	-0.024045	584400.000000
18.020833	-0.024035	584600.000000
18.125000	-0.023912	584800.000000
18.229167	-0.023897	585000.000000
18.333333	-0.023856	585200.000000
18.437500	-0.023557	585400.000000
18.541667	-0.023604	585600.000000
18.645833	-0.023663	585800.000000
18.750000	-0.023635	586000.000000
18.854167	-0.023586	586200.000000
18.958333	-0.023374	586400.000000
19.062500	-0.023481	586600.000000
19.166667	-0.023329	586800.000000
19.270833	-0.023328	587000.000000
19.375000	-0.022954	587200.000000
19.479167	-0.023055	587400.000000
19.583333	-0.022963	587600.000000
19.687500	-0.022712	587800.000000
19.791667	-0.022552	588000.000000
19.895833	-0.022482	588200.000000
20.000000	-0.022398	588400.000000
20.104167	-0.022124	588600.000000
20.208333	-0.021925	588800.000000
20.312500	-0.021783	589000.000000
20.416667	-0.021564	589200.000000
20.520833	-0.021378	589400.000000
20.625000	-0.020966	589600.000000
20.729167	-0.020556	589800.000000
20.833333	-0.020318	590000.000000
20.937500	-0.020023	590200.000000
21.041667	-0.019547	590400.000000
21.145833	-0.019164	590600.000000
21.250000	-0.018773	590800.000000
21.354167	-0.018287	591000.000000
21.458333	-0.017625	591200.000000
21.562500	-0.016761	591400.000000
21.666667	-0.016018	591600.000000
21.770833	-0.014785	591800.000000
21.875000	-0.013577	592000.000000
21.979167	-0.012355	592200.000000
22.083333	-0.010954	592400.000000
22.187500	-0.009231	592600.000000
22.291667	-0.007371	592800.000000
22.395833	-0.005206	593000.000000
22.500000	-0.002898	593200.000000
22.604167	-0.000258	593400.000000
22.708333	0.002638	593600.000000
22.812500	0.006072	593800.000000
22.916667	0.009965	594000.000000
23.020833	0.013978	594200.000000
23.125000	0.018699	594400.000000
23.229167	0.024132	594600.000000
23.333333	0.029649	594800.000000
23.437500	0.035609	595000.000000
23.541667	0.042048	595200.000000
23.645833	0.048624	595400.000000
23.750000	0.055625	595600.000000
23.854167	0.062728	595800.000000
23.958333	0.070090	596000.000000
24.062500	0.077344	596200.000000
24.166667	0.083116	596400.000000
24.270833	0.083451	596600.000000
24.375000	0.069117	596800.000000
24.479167	0.025838	597000.000000
24.583333	-0.065279	597200.000000
24.687500	-0.208122	597400.000000
24.791667	-0.397314	597600.000000
24.895833	-0.596058	597800.000000
25.000000	-0.761665	598000.000000
25.104167	-0.842144	598200.000000
25.208333	-0.800390	598400.000000
25.312500	-0.629703	598600.000000
25.416667	-0.387219	598800.000000
25.520833	-0.141570	599000.000000
25.625000	0.065006	599200.000000
25.729167	0.193985	599400.000000
25.833333	0.260054	599600.000000
25.937500	0.282718	599800.000000
26.041667	0.273291	600000.000000
26.145833	0.244389	600200.000000
26.250000	0.206798	600400.000000
26.354167	0.170335	600600.000000
26.458333	0.141570	600800.000000
26.562500	0.124560	601000.000000
26.666667	0.118479	601200.000000
26.770833	0.117173	601400.000000
26.875000	0.113012	601600.000000
26.979167	0.097744	601800.000000
27.083333	0.071314	602000.000000
27.187500	0.041372	602200.000000
27.291667	0.020664	602400.000000
27.395833	0.013559	602600.000000
27.500000	0.015158	602800.000000
27.604167	0.018160	603000.000000
27.708333	0.018280	603200.000000
27.812500	0.015462	603400.000000
27.916667	0.009954	603600.000000
28.020833	0.002637	603800.000000
28.125000	-0.004709	604000.000000
28.229167	-0.009145	604200.000000
28.333333	-0.008833	604400.000000
28.437500	-0.003013	604600.000000
28.541667	0.006211	604800.000000
28.645833	0.013122	605000.000000
28.750000	0.012787	605200.000000
28.854167	0.004975	605400.000000
28.958333	-0.006173	605600.000000
29.062500	-0.014836	605800.000000
29.166667	-0.016031	606000.000000
29.270833	-0.012751	606200.000000
29.375000	-0.011641	606400.000000
29.479167	-0.017099	606600.000000
29.583333	-0.026474	606800.000000
29.687500	-0.033950	607000.000000
29.791667	-0.036507	607200.000000
29.895833	-0.034475	607400.000000
30.000000	-0.029407	607600.000000
30.104167	-0.023173	607800.000000
30.208333	-0.017301	608000.000000
30.312500	-0.013438	608200.000000
30.416667	-0.010637	608400.000000
30.520833	-0.010753	608600.000000
30.625000	-0.015597	608800.000000
30.729167	-0.024660	609000.000000
30.833333	-0.033446	609200.000000
30.937500	-0.040265	609400.000000
31.041667	-0.044447	609600.000000
31.145833	-0.046152	609800.000000
31.250000	-0.045039	610000.000000
31.354167	-0.041922	610200.000000
31.458333	-0.037252	610400.000000
31.562500	-0.033264	610600.000000
31.666667	-0.031448	610800.000000
31.770833	-0.032136	611000.000000
31.875000	-0.032678	611200.000000
31.979167	-0.031666	611400.000000
32.083333	-0.029890	611600.000000
32.187500	-0.028936	611800.000000
32.291667	-0.030438	612000.000000
32.395833	-0.033490	612200.000000
32.500000	-0.037912	612400.000000
32.604167	-0.042208	612600.000000
32.708333	-0.044898	612800.000000
32.812500	-0.045315	613000.000000
32.916667	-0.044966	613200.000000
33.020833	-0.044247	613400.000000
33.125000	-0.044299	613600.000000
33.229167	-0.044835	613800.000000
33.333333	-0.045099	614000.000000
33.437500	-0.043517	614200.000000
33.541667	-0.041322	614400.000000
33.645833	-0.039849	614600.000000
33.750000	-0.038325	614800.000000
33.854167	-0.034411	615000.000000
33.958333	-0.026883	615200.000000
34.062500	-0.017573	615400.000000
34.166667	-0.008996	615600.000000
34.270833	-0.004169	615800.000000
34.375000	-0.004359	616000.000000
34.479167	-0.009685	616200.000000
34.583333	-0.017311	616400.000000
34.687500	-0.023714	616600.000000
34.791667	-0.025857	616800.000000
34.895833	-0.023403	617000.000000
35.000000	-0.019182	617200.000000
35.104167	-0.015247	617400.000000
35.208333	-0.012222	617600.000000
35.312500	-0.010685	617800.000000
35.416667	-0.010906	618000.000000
35.520833	-0.012183	618200.000000
35.625000	-0.013458	618400.000000
35.729167	-0.014162	618600.000000
35.833333	-0.014703	618800.000000
35.937500	-0.016262	619000.000000
36.041667	-0.018505	619200.000000
36.145833	-0.021963	619400.000000
36.250000	-0.026527	619600.000000
36.354167	-0.031636	619800.000000
36.458333	-0.036948	620000.000000
36.562500	-0.040612	620200.000000
36.666667	-0.041859	620400.000000
36.770833	-0.039410	620600.000000
36.875000	-0.033052	620800.000000
36.979167	-0.024503	621000.000000
37.083333	-0.017528	621200.000000
37.187500	-0.015275	621400.000000
37.291667	-0.018075	621600.000000
37.395833	-0.023667	621800.000000
37.500000	-0.028472	622000.000000
37.604167	-0.028722	622200.000000
37.708333	-0.024835	622400.000000
37.812500	-0.019338	622600.000000
37.916667	-0.016736	622800.000000
38.020833	-0.019674	623000.000000
38.125000	-0.026628	623200.000000
38.229167	-0.034430	623400.000000
38.333333	-0.039889	623600.000000
38.437500	-0.041278	623800.000000
38.541667	-0.040057	624000.000000
38.645833	-0.037996	624200.000000
38.750000	-0.036357	624400.000000
38.854167	-0.035049	624600.000000
38.958333	-0.034560	624800.000000
39.062500	-0.035712	625000.000000
39.166667	-0.038131	625200.000000
39.270833	-0.038880	625400.000000
39.375000	-0.035519	625600.000000
39.479167	-0.028433	625800.000000
39.583333	-0.021742	626000.000000
39.687500	-0.019386	626200.000000
39.791667	-0.023592	626400.000000
39.895833	-0.032288	626600.000000
40.000000	-0.040910	626800.000000
40.104167	-0.046274	627000.000000
40.208333	-0.047691	627200.000000
40.312500	-0.046402	627400.000000
40.416667	-0.041898	627600.000000
40.520833	-0.034272	627800.000000
40.625000	-0.027267	628000.000000
40.729167	-0.024018	628200.000000
40.833333	-0.025110	628400.000000
40.937500	-0.027774	628600.000000
41.041667	-0.027862	628800.000000
41.145833	-0.022717	629000.000000
41.250000	-0.013875	629200.000000
41.354167	-0.007042	629400.000000
41.458333	-0.007978	629600.000000
41.562500	-0.017888	629800.000000
41.666667	-0.031995	630000.000000
41.770833	-0.042094	630200.000000
41.875000	-0.045882	630400.000000
41.979167	-0.043633	630600.000000
42.083333	-0.037006	630800.000000
42.187500	-0.028237	631000.000000
42.291667	-0.020647	631200.000000
42.395833	-0.016939	631400.000000
42.500000	-0.018155	631600.000000
42.604167	-0.021548	631800.000000
42.708333	-0.024741	632000.000000
42.812500	-0.025663	632200.000000
42.916667	-0.023423	632400.000000
43.020833	-0.018095	632600.000000
43.125000	-0.011901	632800.000000
43.229167	-0.008217	633000.000000
43.333333	-0.009279	633200.000000
43.437500	-0.015180	633400.000000
43.541667	-0.023397	633600.000000
43.645833	-0.030039	633800.000000
43.750000	-0.033306	634000.000000
43.854167	-0.033375	634200.000000
43.958333	-0.031147	634400.000000
44.062500	-0.028344	634600.000000
44.166667	-0.025423	634800.000000
44.270833	-0.022982	635000.000000
44.375000	-0.021963	635200.000000
44.479167	-0.022045	635400.000000
44.583333	-0.021253	635600.000000
44.687500	-0.017335	635800.000000
44.791667	-0.011264	636000.000000
44.895833	-0.005492	636200.000000
45.000000	-0.003409	636400.000000
45.104167	-0.006762	636600.000000
45.208333	-0.014464	636800.000000
45.312500	-0.022127	637000.000000
45.416667	-0.026776	637200.000000
45.520833	-0.028648	637400.000000
45.625000	-0.029708	637600.000000
45.729167	-0.030217	637800.000000
45.833333	-0.029597	638000.000000
45.937500	-0.027606	638200.000000
46.041667	-0.024827	638400.000000
46.145833	-0.020967	638600.000000
46.250000	-0.016807	638800.000000
46.354167	-0.013050	639000.000000
46.458333	-0.010607	639200.000000
46.562500	-0.009812	639400.000000
46.666667	-0.011495	639600.000000
46.770833	-0.015117	639800.000000
46.875000	-0.018540	640000.000000
46.979167	-0.021905	640200.000000
47.083333	-0.024425	640400.000000
47.187500	-0.026274	640600.000000
47.291667	-0.027649	640800.000000
47.395833	-0.028541	641000.000000
47.500000	-0.028072	641200.000000
47.604167	-0.026813	641400.000000
47.708333	-0.025125	641600.000000
47.812500	-0.024322	641800.000000
47.916667	-0.024324	642000.000000
48.020833	-0.023854	642200.000000
48.125000	-0.022486	642400.000000
48.229167	-0.020375	642600.000000
48.333333	-0.018634	642800.000000
48.437500	-0.018028	643000.000000
48.541667	-0.018672	643200.000000
48.645833	-0.020735	643400.000000
48.750000	-0.022564	643600.000000
48.854167	-0.023135	643800.000000
48.958333	-0.022926	644000.000000
49.062500	-0.022962	644200.000000
49.166667	-0.024013	644400.000000
49.270833	-0.026689	644600.000000
49.375000	-0.029720	644800.000000
49.479167	-0.031424	645000.000000
49.583333	-0.031111	645200.000000
49.687500	-0.028667	645400.000000
49.791667	-0.025084	645600.000000
49.895833	-0.021061	645800.000000
50.000000	-0.017594	646000.000000
50.104167	-0.015281	646200.000000
50.208333	-0.014590	646400.000000
50.312500	-0.016255	646600.000000
50.416667	-0.018158	646800.000000
50.520833	-0.019606	647000.000000
50.625000	-0.019963	647200.000000
50.729167	-0.021993	647400.000000
50.833333	-0.026867	647600.000000
50.937500	-0.032821	647800.000000
51.041667	-0.036486	648000.000000
51.145833	-0.035941	648200.000000
51.250000	-0.032472	648400.000000
51.354167	-0.027889	648600.000000
51.458333	-0.023218	648800.000000
51.562500	-0.018993	649000.000000
51.666667	-0.016200	649200.000000
51.770833	-0.015359	649400.000000
51.875000	-0.016461	649600.000000
51.979167	-0.018641	649800.000000
52.083333	-0.022128	650000.000000
52.187500	-0.024714	650200.000000
52.291667	-0.025198	650400.000000
52.395833	-0.023999	650600.000000
52.500000	-0.023149	650800.000000
52.604167	-0.023934	651000.000000
52.708333	-0.026709	651200.000000
52.812500	-0.030412	651400.000000
52.916667	-0.032732	651600.000000
53.020833	-0.032746	651800.000000
53.125000	-0.030307	652000.000000
53.229167	-0.026818	652200.000000
53.333333	-0.022605	652400.000000
53.437500	-0.019915	652600.000000
53.541667	-0.020274	652800.000000
53.645833	-0.023651	653000.000000
53.750000	-0.027256	653200.000000
53.854167	-0.028857	653400.000000
53.958333	-0.027510	653600.000000
54.062500	-0.024737	653800.000000
54.166667	-0.021919	654000.000000
54.270833	-0.021262	654200.000000
54.375000	-0.023644	654400.000000
54.479167	-0.028195	654600.000000
54.583333	-0.032952	654800.000000
54.687500	-0.036188	655000.000000
54.791667	-0.036883	655200.000000
54.895833	-0.035585	655400.000000
55.000000	-0.032266	655600.000000
55.104167	-0.028334	655800.000000
55.208333	-0.023804	656000.000000
55.312500	-0.020949	656200.000000
55.416667	-0.019550	656400.000000
55.520833	-0.018665	656600.000000
55.625000	-0.018379	656800.000000
55.729167	-0.019133	657000.000000
55.833333	-0.020747	657200.000000
55.937500	-0.022863	657400.000000
56.041667	-0.024784	657600.000000
56.145833	-0.027213	657800.000000
56.250000	-0.030183	658000.000000
56.354167	-0.033059	658200.000000
56.458333	-0.034535	658400.000000
56.562500	-0.034099	658600.000000
56.666667	-0.031475	658800.000000
56.770833	-0.027609	659000.000000
56.875000	-0.023458	659200.000000
56.979167	-0.020559	659400.000000
57.083333	-0.019124	659600.000000
57.187500	-0.019796	659800.000000
57.291667	-0.020612	660000.000000
57.395833	-0.021205	660200.000000
57.500000	-0.021101	660400.000000
57.604167	-0.021576	660600.000000
57.708333	-0.022662	660800.000000
57.812500	-0.023684	661000.000000
57.916667	-0.025223	661200.000000
58.020833	-0.026826	661400.000000
58.125000	-0.027590	661600.000000
58.229167	-0.027521	661800.000000
58.333333	-0.025731	662000.000000
58.437500	-0.024398	662200.000000
58.541667	-0.024503	662400.000000
58.645833	-0.025213	662600.000000
58.750000	-0.024811	662800.000000
58.854167	-0.023188	663000.000000
58.958333	-0.020737	663200.000000
59.062500	-0.019574	663400.000000
59.166667	-0.019381	663600.000000
59.270833	-0.019571	663800.000000
59.375000	-0.019438	664000.000000
59.479167	-0.019002	664200.000000
59.583333	-0.019085	664400.000000
59.687500	-0.019926	664600.000000
59.791667	-0.021751	664800.000000
59.895833	-0.024437	665000.000000
60.000000	-0.027732	665200.000000
60.104167	-0.030232	665400.000000
60.208333	-0.030980	665600.000000
60.312500	-0.029551	665800.000000
60.416667	-0.026736	666000.000000
60.520833	-0.022788	666200.000000
60.625000	-0.018547	666400.000000
60.729167	-0.015784	666600.000000
60.833333	-0.015021	666800.000000
60.937500	-0.015886	667000.000000
61.041667	-0.017272	667200.000000
61.145833	-0.018639	667400.000000
61.250000	-0.019842	667600.000000
61.354167	-0.020917	667800.000000
61.458333	-0.022405	668000.000000
61.562500	-0.024539	668200.000000
61.666667	-0.026896	668400.000000
61.770833	-0.028474	668600.000000
61.875000	-0.028565	668800.000000
61.979167	-0.027575	669000.000000
62.083333	-0.025998	669200.000000
62.187500	-0.024191	669400.000000
62.291667	-0.021816	669600.000000
62.395833	-0.019016	669800.000000
62.500000	-0.016375	670000.000000
62.604167	-0.015863	670200.000000
62.708333	-0.017599	670400.000000
62.812500	-0.020730	670600.000000
62.916667	-0.023585	670800.000000
63.020833	-0.025052	671000.000000
63.125000	-0.025003	671200.000000
63.229167	-0.023924	671400.000000
63.333333	-0.023535	671600.000000
63.437500	-0.023555	671800.000000
63.541667	-0.024299	672000.000000
63.645833	-0.025380	672200.000000
63.750000	-0.026111	672400.000000
63.854167	-0.026955	672600.000000
63.958333	-0.027464	672800.000000
64.062500	-0.027592	673000.000000
64.166667	-0.026918	673200.000000
64.270833	-0.025577	673400.000000
64.375000	-0.023772	673600.000000
64.479167	-0.022280	673800.000000
64.583333	-0.021225	674000.000000
64.687500	-0.021159	674200.000000
64.791667	-0.021879	674400.000000
64.895833	-0.023797	674600.000000
65.000000	-0.026177	674800.000000
65.104167	-0.028103	675000.000000
65.208333	-0.028842	675200.000000
65.312500	-0.029394	675400.000000
65.416667	-0.030290	675600.000000
65.520833	-0.030894	675800.000000
65.625000	-0.031147	676000.000000
65.729167	-0.031083	676200.000000
65.833333	-0.030809	676400.000000
65.937500	-0.029999	676600.000000
66.041667	-0.027295	676800.000000
66.145833	-0.023656	677000.000000
66.250000	-0.021194	677200.000000
66.354167	-0.021306	677400.000000
66.458333	-0.024047	677600.000000
66.562500	-0.027988	677800.000000
66.666667	-0.031551	678000.000000
66.770833	-0.033690	678200.000000
66.875000	-0.034374	678400.000000
66.979167	-0.033982	678600.000000
67.083333	-0.033166	678800.000000
67.187500	-0.032308	679000.000000
67.291667	-0.030642	679200.000000
67.395833	-0.029297	679400.000000
67.500000	-0.028144	679600.000000
67.604167	-0.027513	679800.000000
67.708333	-0.026322	680000.000000
67.812500	-0.023759	680200.000000
67.916667	-0.021131	680400.000000
68.020833	-0.019123	680600.000000
68.125000	-0.019226	680800.000000
68.229167	-0.020533	681000.000000
68.333333	-0.022491	681200.000000
68.437500	-0.024168	681400.000000
68.541667	-0.024465	681600.000000
68.645833	-0.023057	681800.000000
68.750000	-0.020986	682000.000000
68.854167	-0.019290	682200.000000
68.958333	-0.019229	682400.000000
69.062500	-0.021388	682600.000000
69.166667	-0.024829	682800.000000
69.270833	-0.027455	683000.000000
69.375000	-0.028215	683200.000000
69.479167	-0.025864	683400.000000
69.583333	-0.022205	683600.000000
69.687500	-0.018133	683800.000000
69.791667	-0.015694	684000.000000
69.895833	-0.015950	684200.000000
70.000000	-0.018231	684400.000000
70.104167	-0.021541	684600.000000
70.208333	-0.023672	684800.000000
70.312500	-0.024193	685000.000000
70.416667	-0.023553	685200.000000
70.520833	-0.023220	685400.000000
70.625000	-0.023880	685600.000000
70.729167	-0.026459	685800.000000
70.833333	-0.029750	686000.000000
70.937500	-0.032475	686200.000000
71.041667	-0.033431	686400.000000
71.145833	-0.032041	686600.000000
71.250000	-0.028789	686800.000000
71.354167	-0.025095	687000.000000
71.458333	-0.022079	687200.000000
71.562500	-0.020700	687400.000000
71.666667	-0.021332	687600.000000
71.770833	-0.023977	687800.000000
71.875000	-0.027563	688000.000000
71.979167	-0.031176	688200.000000
72.083333	-0.034082	688400.000000
72.187500	-0.035907	688600.000000
72.291667	-0.036909	688800.000000
72.395833	-0.037110	689000.000000
72.500000	-0.037253	689200.000000
72.604167	-0.037612	689400.000000
72.708333	-0.038182	689600.000000
72.812500	-0.037752	689800.000000
72.916667	-0.036259	690000.000000
73.020833	-0.034556	690200.000000
73.125000	-0.032076	690400.000000
73.229167	-0.029587	690600.000000
73.333333	-0.027470	690800.000000
73.437500	-0.026349	691000.000000
73.541667	-0.025325	691200.000000
73.645833	-0.024070	691400.000000
73.750000	-0.022245	691600.000000
73.854167	-0.020529	691800.000000
73.958333	-0.019247	692000.000000
74.062500	-0.018460	692200.000000
74.166667	-0.017415	692400.000000
74.270833	-0.016696	692600.000000
74.375000	-0.015722	692800.000000
74.479167	-0.014856	693000.000000
74.583333	-0.013393	693200.000000
74.687500	-0.013428	693400.000000
74.791667	-0.014282	693600.000000
74.895833	-0.015264	693800.000000
75.000000	-0.015766	694000.000000
75.104167	-0.015381	694200.000000
75.208333	-0.014837	694400.000000
75.312500	-0.013981	694600.000000
75.416667	-0.014082	694800.000000
75.520833	-0.015006	695000.000000
75.625000	-0.017319	695200.000000
75.729167	-0.020458	695400.000000
75.833333	-0.024190	695600.000000
75.937500	-0.027538	695800.000000
76.041667	-0.029774	696000.000000
76.145833	-0.030829	696200.000000
76.250000	-0.031568	696400.000000
76.354167	-0.031709	696600.000000
76.458333	-0.031668	696800.000000
76.562500	-0.031063	697000.000000
76.666667	-0.029857	697200.000000
76.770833	-0.027606	697400.000000
76.875000	-0.025077	697600.000000
76.979167	-0.022858	697800.000000
77.083333	-0.021740	698000.000000
77.187500	-0.021929	698200.000000
77.291667	-0.023472	698400.000000
77.395833	-0.025801	698600.000000
77.500000	-0.027371	698800.000000
77.604167	-0.027975	699000.000000
77.708333	-0.027601	699200.000000
77.812500	-0.026356	699400.000000
77.916667	-0.024834	699600.000000
78.020833	-0.023465	699800.000000
78.125000	-0.022926	700000.000000
78.229167	-0.023099	700200.000000
78.333333	-0.023881	700400.000000
78.437500	-0.024784	700600.000000
78.541667	-0.024485	700800.000000
78.645833	-0.023413	701000.000000
78.750000	-0.022109	701200.000000
78.854167	-0.021793	701400.000000
78.958333	-0.022891	701600.000000
79.062500	-0.025052	701800.000000
79.166667	-0.027167	702000.000000
79.270833	-0.028176	702200.000000
79.375000	-0.027491	702400.000000
79.479167	-0.025808	702600.000000
79.583333	-0.023658	702800.000000
79.687500	-0.022594	703000.000000
79.791667	-0.022862	703200.000000
79.895833	-0.024102	703400.000000
80.000000	-0.025711	703600.000000
80.104167	-0.026522	703800.000000
80.208333	-0.026160	704000.000000
80.312500	-0.025126	704200.000000
80.416667	-0.022632	704400.000000
80.520833	-0.019492	704600.000000
80.625000	-0.016751	704800.000000
80.729167	-0.015550	705000.000000
80.833333	-0.015857	705200.000000
80.937500	-0.017588	705400.000000
81.041667	-0.019826	705600.000000
81.145833	-0.021952	705800.000000
81.250000	-0.023373	706000.000000
81.354167	-0.024419	706200.000000
81.458333	-0.024808	706400.000000
81.562500	-0.024761	706600.000000
81.666667	-0.024106	706800.000000
81.770833	-0.022728	707000.000000
81.875000	-0.021499	707200.000000
81.979167	-0.020694	707400.000000
82.083333	-0.020159	707600.000000
82.187500	-0.018968	707800.000000
82.291667	-0.017577	708000.000000
82.395833	-0.015812	708200.000000
82.500000	-0.015084	708400.000000
82.604167	-0.016060	708600.000000
82.708333	-0.018086	708800.000000
82.812500	-0.020360	709000.000000
82.916667	-0.021686	709200.000000
83.020833	-0.022831	709400.000000
83.125000	-0.023358	709600.000000
83.229167	-0.023552	709800.000000
83.333333	-0.023150	710000.000000
83.437500	-0.022041	710200.000000
83.541667	-0.021232	710400.000000
83.645833	-0.021283	710600.000000
83.750000	-0.021875	710800.000000
83.854167	-0.022868	711000.000000
83.958333	-0.022940	711200.000000
84.062500	-0.022837	711400.000000
84.166667	-0.022709	711600.000000
84.270833	-0.022483	711800.000000
84.375000	-0.021854	712000.000000
84.479167	-0.021908	712200.000000
84.583333	-0.022744	712400.000000
84.687500	-0.023861	712600.000000
84.791667	-0.024970	712800.000000
84.895833	-0.025825	713000.000000
85.000000	-0.025956	713200.000000
85.104167	-0.026123	713400.000000
85.208333	-0.026341	713600.000000
85.312500	-0.027012	713800.000000
85.416667	-0.027942	714000.000000
85.520833	-0.028639	714200.000000
85.625000	-0.028394	714400.000000
85.729167	-0.027177	714600.000000
85.833333	-0.024886	714800.000000
85.937500	-0.022723	715000.000000
86.041667	-0.021496	715200.000000
86.145833	-0.021589	715400.000000
86.250000	-0.023180	715600.000000
86.354167	-0.025514	715800.000000
86.458333	-0.028034	716000.000000
86.562500	-0.029704	716200.000000
86.666667	-0.030362	716400.000000
86.770833	-0.030061	716600.000000
86.875000	-0.029323	716800.000000
86.979167	-0.028931	717000.000000
87.083333	-0.029082	717200.000000
87.187500	-0.029672	717400.000000
87.291667	-0.029627	717600.000000
87.395833	-0.029007	717800.000000
87.500000	-0.027799	718000.000000
87.604167	-0.026199	718200.000000
87.708333	-0.024898	718400.000000
87.812500	-0.024346	718600.000000
87.916667	-0.024891	718800.000000
88.020833	-0.026269	719000.000000
88.125000	-0.028138	719200.000000
88.229167	-0.029820	719400.000000
88.333333	-0.031151	719600.000000
88.437500	-0.031248	719800.000000
88.541667	-0.030122	720000.000000
88.645833	-0.028543	720200.000000
88.750000	-0.027340	720400.000000
88.854167	-0.026990	720600.000000
88.958333	-0.027170	720800.000000
89.062500	-0.027904	721000.000000
89.166667	-0.028013	721200.000000
89.270833	-0.027356	721400.000000
89.375000	-0.026054	721600.000000
89.479167	-0.024863	721800.000000
89.583333	-0.023804	722000.000000
89.687500	-0.023486	722200.000000
89.791667	-0.023296	722400.000000
89.895833	-0.023639	722600.000000
90.000000	-0.024212	722800.000000
90.104167	-0.025044	723000.000000
90.208333	-0.025836	723200.000000
90.312500	-0.026342	723400.000000
90.416667	-0.027187	723600.000000
90.520833	-0.028067	723800.000000
90.625000	-0.028235	724000.000000
90.729167	-0.028212	724200.000000
90.833333	-0.027959	724400.000000
90.937500	-0.027516	724600.000000
91.041667	-0.026889	724800.000000
91.145833	-0.025683	725000.000000
91.250000	-0.024604	725200.000000
91.354167	-0.023653	725400.000000
91.458333	-0.022948	725600.000000
91.562500	-0.022912	725800.000000
91.666667	-0.023471	726000.000000
91.770833	-0.024062	726200.000000
91.875000	-0.025430	726400.000000
91.979167	-0.027298	726600.000000
92.083333	-0.028594	726800.000000
92.187500	-0.029494	727000.000000
92.291667	-0.029493	727200.000000
92.395833	-0.028914	727400.000000
92.500000	-0.028186	727600.000000
92.604167	-0.027396	727800.000000
92.708333	-0.026098	728000.000000
92.812500	-0.024918	728200.000000
92.916667	-0.023624	728400.000000
93.020833	-0.022897	728600.000000
93.125000	-0.022556	728800.000000
93.229167	-0.022852	729000.000000
93.333333	-0.023115	729200.000000
93.437500	-0.023564	729400.000000
93.541667	-0.023883	729600.000000
93.645833	-0.023930	729800.000000
93.750000	-0.023838	730000.000000
93.854167	-0.024011	730200.000000
93.958333	-0.023959	730400.000000
94.062500	-0.024113	730600.000000
94.166667	-0.023948	730800.000000
94.270833	-0.023544	731000.000000
94.375000	-0.023582	731200.000000
94.479167	-0.023880	731400.000000
94.583333	-0.023902	731600.000000
94.687500	-0.023707	731800.000000
94.791667	-0.023834	732000.000000
94.895833	-0.023617	732200.000000
95.000000	-0.023161	732400.000000
95.104167	-0.022563	732600.000000
95.208333	-0.022423	732800.000000
95.312500	-0.022883	733000.000000
95.416667	-0.024147	733200.000000
95.520833	-0.025153	733400.000000
95.625000	-0.025929	733600.000000
95.729167	-0.026176	733800.000000
95.833333	-0.026365	734000.000000
95.937500	-0.026087	734200.000000
96.041667	-0.025597	734400.000000
96.145833	-0.025120	734600.000000
96.250000	-0.024486	734800.000000
96.354167	-0.024009	735000.000000
96.458333	-0.023257	735200.000000
96.562500	-0.022343	735400.000000
96.666667	-0.021698	735600.000000
96.770833	-0.020709	735800.000000
96.875000	-0.020054	736000.000000
96.979167	-0.020343	736200.000000
97.083333	-0.021691	736400.000000
97.187500	-0.023797	736600.000000
97.291667	-0.025947	736800.000000
97.395833	-0.027964	737000.000000
97.500000	-0.028814	737200.000000
97.604167	-0.028642	737400.000000
97.708333	-0.027885	737600.000000
97.812500	-0.026689	737800.000000
97.916667	-0.025054	738000.000000
98.020833	-0.023566	738200.000000
98.125000	-0.022537	738400.000000
98.229167	-0.022239	738600.000000
98.333333	-0.022487	738800.000000
98.437500	-0.022517	739000.000000
98.541667	-0.022172	739200.000000
98.645833	-0.021516	739400.000000
98.750000	-0.021145	739600.000000
98.854167	-0.021244	739800.000000
98.958333	-0.022342	740000.000000
99.062500	-0.023443	740200.000000
99.166667	-0.024372	740400.000000
99.270833	-0.025189	740600.000000
99.375000	-0.025482	740800.000000
99.479167	-0.025330	741000.000000
99.583333	-0.025496	741200.000000
99.687500	-0.025767	741400.000000
99.791667	-0.025894	741600.000000
99.895833	-0.026131	741800.000000
100.000000	-0.026231	742000.000000
100.104167	-0.025944	742200.000000
100.208333	-0.025645	742400.000000
100.312500	-0.024919	742600.000000
100.416667	-0.023784	742800.000000
100.520833	-0.022888	743000.000000
100.625000	-0.022565	743200.000000
100.729167	-0.023083	743400.000000
100.833333	-0.024202	743600.000000
100.937500	-0.025157	743800.000000
101.041667	-0.025722	744000.000000
101.145833	-0.026201	744200.000000
101.250000	-0.026324	744400.000000
101.354167	-0.026575	744600.000000
101.458333	-0.026577	744800.000000
101.562500	-0.026469	745000.000000
101.666667	-0.026153	745200.000000
101.770833	-0.025610	745400.000000
101.875000	-0.024624	745600.000000
101.979167	-0.023506	745800.000000
102.083333	-0.022535	746000.000000
102.187500	-0.021789	746200.000000
102.291667	-0.021735	746400.000000
102.395833	-0.022716	746600.000000
102.500000	-0.023966	746800.000000
102.604167	-0.025372	747000.000000
102.708333	-0.026084	747200.000000
102.812500	-0.026219	747400.000000
102.916667	-0.026052	747600.000000
103.020833	-0.025866	747800.000000
103.125000	-0.025861	748000.000000
103.229167	-0.025781	748200.000000
103.333333	-0.026009	748400.000000
103.437500	-0.026299	748600.000000
103.541667	-0.026172	748800.000000
103.645833	-0.025545	749000.000000
103.750000	-0.025208	749200.000000
103.854167	-0.024771	749400.000000
103.958333	-0.024479	749600.000000
104.062500	-0.024880	749800.000000
104.166667	-0.025289	750000.000000
104.270833	-0.025459	750200.000000
104.375000	-0.025756	750400.000000
104.479167	-0.025831	750600.000000
104.583333	-0.025964	750800.000000
104.687500	-0.025921	751000.000000
104.791667	-0.025663	751200.000000
104.895833	-0.025404	751400.000000
105.000000	-0.025292	751600.000000
105.104167	-0.025521	751800.000000
105.208333	-0.025687	752000.000000
105.312500	-0.025690	752200.000000
105.416667	-0.025499	752400.000000
105.520833	-0.024509	752600.000000
105.625000	-0.023700	752800.000000
105.729167	-0.022555	753000.000000
105.833333	-0.021608	753200.000000
105.937500	-0.021255	753400.000000
106.041667	-0.021096	753600.000000
106.145833	-0.021214	753800.000000
106.250000	-0.021877	754000.000000
106.354167	-0.022753	754200.000000
106.458333	-0.023706	754400.000000
106.562500	-0.024476	754600.000000
106.666667	-0.024743	754800.000000
106.770833	-0.024792	755000.000000
106.875000	-0.024356	755200.000000
106.979167	-0.024093	755400.000000
107.083333	-0.023536	755600.000000
107.187500	-0.023215	755800.000000
107.291667	-0.022770	756000.000000
107.395833	-0.022488	756200.000000
107.500000	-0.022223	756400.000000
107.604167	-0.022470	756600.000000
107.708333	-0.023016	756800.000000
107.812500	-0.023459	757000.000000
107.916667	-0.024189	757200.000000
108.020833	-0.024794	757400.000000
108.125000	-0.025589	757600.000000
108.229167	-0.026241	757800.000000
108.333333	-0.026231	758000.000000
108.437500	-0.025744	758200.000000
108.541667	-0.024814	758400.000000
108.645833	-0.023931	758600.000000
108.750000	-0.023197	758800.000000
108.854167	-0.022572	759000.000000
108.958333	-0.022018	759200.000000
109.062500	-0.021594	759400.000000
109.166667	-0.021269	759600.000000
109.270833	-0.020962	759800.000000
109.375000	-0.021140	760000.000000
109.479167	-0.021166	760200.000000
109.583333	-0.021810	760400.000000
109.687500	-0.022356	760600.000000
109.791667	-0.022988	760800.000000
109.895833	-0.023532	761000.000000
110.000000	-0.023812	761200.000000
110.104167	-0.023945	761400.000000
110.208333	-0.024268	761600.000000
110.312500	-0.024479	761800.000000
110.416667	-0.025265	762000.000000
110.520833	-0.026101	762200.000000
110.625000	-0.026528	762400.000000
110.729167	-0.026552	762600.000000
110.833333	-0.025961	762800.000000
110.937500	-0.024358	763000.000000
111.041667	-0.023184	763200.000000
111.145833	-0.022546	763400.000000
111.250000	-0.022118	763600.000000
111.354167	-0.022363	763800.000000
111.458333	-0.023271	764000.000000
111.562500	-0.024146	764200.000000
111.666667	-0.024638	764400.000000
111.770833	-0.024676	764600.000000
111.875000	-0.024633	764800.000000
111.979167	-0.023963	765000.000000
112.083333	-0.023998	765200.000000
112.187500	-0.023803	765400.000000
112.291667	-0.023471	765600.000000
112.395833	-0.023197	765800.000000
112.500000	-0.022322	766000.000000
112.604167	-0.021217	766200.000000
112.708333	-0.020158	766400.000000
112.812500	-0.019625	766600.000000
112.916667	-0.019683	766800.000000
113.020833	-0.020439	767000.000000
113.125000	-0.021597	767200.000000
113.229167	-0.022736	767400.000000
113.333333	-0.023777	767600.000000
113.437500	-0.024324	767800.000000
113.541667	-0.024427	768000.000000
113.645833	-0.024285	768200.000000
113.750000	-0.024224	768400.000000
113.854167	-0.024283	768600.000000
113.958333	-0.024299	768800.000000
114.062500	-0.024244	769000.000000
114.166667	-0.023967	769200.000000
114.270833	-0.023594	769400.000000
114.375000	-0.023405	769600.000000
114.479167	-0.023320	769800.000000
114.583333	-0.023598	770000.000000
114.687500	-0.023878	770200.000000
114.791667	-0.024192	770400.000000
114.895833	-0.023994	770600.000000
115.000000	-0.024228	770800.000000
115.104167	-0.024336	771000.000000
115.208333	-0.024814	771200.000000
115.312500	-0.025561	771400.000000
115.416667	-0.026580	771600.000000
115.520833	-0.027794	771800.000000
115.625000	-0.028834	772000.000000
115.729167	-0.029846	772200.000000
115.833333	-0.030940	772400.000000
115.937500	-0.032170	772600.000000
116.041667	-0.033013	772800.000000
116.145833	-0.033262	773000.000000
116.250000	-0.033710	773200.000000
116.354167	-0.034034	773400.000000
116.458333	-0.034111	773600.000000
116.562500	-0.034111	773800.000000
116.666667	-0.033493	774000.000000
116.770833	-0.032533	774200.000000
116.875000	-0.032157	774400.000000
116.979167	-0.031935	774600.000000
117.083333	-0.032039	774800.000000
117.187500	-0.031737	775000.000000
117.291667	-0.030938	775200.000000
117.395833	-0.029350	775400.000000
117.500000	-0.027868	775600.000000
117.604167	-0.025856	775800.000000
117.708333	-0.024066	776000.000000
117.812500	-0.022205	776200.000000
117.916667	-0.020092	776400.000000
118.020833	-0.018463	776600.000000
118.125000	-0.017420	776800.000000
118.229167	-0.016773	777000.000000
118.333333	-0.016856	777200.000000
118.437500	-0.017559	777400.000000
118.541667	-0.018745	777600.000000
118.645833	-0.020389	777800.000000
118.750000	-0.022637	778000.000000
118.854167	-0.025086	778200.000000
118.958333	-0.026573	778400.000000
119.062500	-0.027425	778600.000000
119.166667	-0.027804	778800.000000
119.270833	-0.027727	779000.000000
119.375000	-0.028054	779200.000000
119.479167	-0.028721	779400.000000
119.583333	-0.029449	779600.000000
119.687500	-0.030044	779800.000000
119.791667	-0.030180	780000.000000
119.895833	-0.030059	780200.000000
120.000000	-0.029227	780400.000000
120.104167	-0.028166	780600.000000
120.208333	-0.027289	780800.000000
120.312500	-0.026783	781000.000000
120.416667	-0.026456	781200.000000
120.520833	-0.026372	781400.000000
120.625000	-0.026191	781600.000000
120.729167	-0.026039	781800.000000
120.833333	-0.025750	782000.000000
120.937500	-0.025439	782200.000000
121.041667	-0.025209	782400.000000
121.145833	-0.025204	782600.000000
121.250000	-0.025647	782800.000000
121.354167	-0.025774	783000.000000
121.458333	-0.025501	783200.000000
121.562500	-0.024700	783400.000000
121.666667	-0.023364	783600.000000
121.770833	-0.021727	783800.000000
121.875000	-0.020487	784000.000000
121.979167	-0.019630	784200.000000
122.083333	-0.019593	784400.000000
122.187500	-0.020000	784600.000000
122.291667	-0.020751	784800.000000
122.395833	-0.021876	785000.000000
122.500000	-0.022692	785200.000000
122.604167	-0.023671	785400.000000
122.708333	-0.024729	785600.000000
122.812500	-0.025164	785800.000000
122.916667	-0.025445	786000.000000
123.020833	-0.025342	786200.000000
123.125000	-0.024664	786400.000000
123.229167	-0.024104	786600.000000
123.333333	-0.023407	786800.000000
123.437500	-0.022702	787000.000000
123.541667	-0.022316	787200.000000
123.645833	-0.021896	787400.000000
123.750000	-0.021831	787600.000000
123.854167	-0.021801	787800.000000
123.958333	-0.022008	788000.000000
124.062500	-0.021985	788200.000000
124.166667	-0.022096	788400.000000
124.270833	-0.022418	788600.000000
124.375000	-0.022776	788800.000000
124.479167	-0.023474	789000.000000
124.583333	-0.023891	789200.000000
124.687500	-0.024188	789400.000000
124.791667	-0.024569	789600.000000
124.895833	-0.024737	789800.000000
125.000000	-0.024552	790000.000000
125.104167	-0.024734	790200.000000
125.208333	-0.024773	790400.000000
125.312500	-0.024431	790600.000000
125.416667	-0.023929	790800.000000
125.520833	-0.023380	791000.000000
125.625000	-0.023083	791200.000000
125.729167	-0.022746	791400.000000
125.833333	-0.022892	791600.000000
125.937500	-0.023458	791800.000000
126.041667	-0.024062	792000.000000
126.145833	-0.025036	792200.000000
126.250000	-0.026270	792400.000000
126.354167	-0.026840	792600.000000
126.458333	-0.027409	792800.000000
126.562500	-0.028100	793000.000000
126.666667	-0.028380	793200.000000
126.770833	-0.028285	793400.000000
126.875000	-0.028021	793600.000000
126.979167	-0.027447	793800.000000
127.083333	-0.026799	794000.000000
127.187500	-0.026295	794200.000000
127.291667	-0.025517	794400.000000
127.395833	-0.025141	794600.000000
127.500000	-0.024927	794800.000000
127.604167	-0.024823	795000.000000
127.708333	-0.025236	795200.000000
127.812500	-0.025862	795400.000000
127.916667	-0.026170	795600.000000
128.020833	-0.026140	795800.000000
128.125000	-0.025815	796000.000000
128.229167	-0.024951	796200.000000
128.333333	-0.024436	796400.000000
128.437500	-0.024250	796600.000000
128.541667	-0.024089	796800.000000
128.645833	-0.024233	797000.000000
128.750000	-0.024377	797200.000000
128.854167	-0.024384	797400.000000
128.958333	-0.024317	797600.000000
129.062500	-0.024262	797800.000000
129.166667	-0.024269	798000.000000
129.270833	-0.024641	798200.000000
129.375000	-0.025511	798400.000000
129.479167	-0.026821	798600.000000
129.583333	-0.027674	798800.000000
129.687500	-0.028042	799000.000000
129.791667	-0.027945	799200.000000
129.895833	-0.027423	799400.000000
130.000000	-0.026511	799600.000000
130.104167	-0.026072	799800.000000
130.208333	-0.025674	800000.000000
