0.000000	-0.023901	550000.000000
0.104167	-0.024130	550200.000000
0.208333	-0.024049	550400.000000
0.312500	-0.024053	550600.000000
0.416667	-0.024046	550800.000000
0.520833	-0.024190	551000.000000
0.625000	-0.024060	551200.000000
0.729167	-0.023958	551400.000000
0.833333	-0.023736	551600.000000
0.937500	-0.023722	551800.000000
1.041667	-0.023984	552000.000000
1.145833	-0.024148	552200.000000
1.250000	-0.024067	552400.000000
1.354167	-0.024083	552600.000000
1.458333	-0.023998	552800.000000
1.562500	-0.024081	553000.000000
1.666667	-0.024348	553200.000000
1.770833	-0.024268	553400.000000
1.875000	-0.024217	553600.000000
1.979167	-0.024164	553800.000000
2.083333	-0.024120	554000.000000
2.187500	-0.023899	554200.000000
2.291667	-0.023979	554400.000000
2.395833	-0.023958	554600.000000
2.500000	-0.024000	554800.000000
2.604167	-0.023988	555000.000000
2.708333	-0.023946	555200.000000
2.812500	-0.024133	555400.000000
2.916667	-0.024126	555600.000000
3.020833	-0.024157	555800.000000
3.125000	-0.024171	556000.000000
3.229167	-0.024151	556200.000000
3.333333	-0.024177	556400.000000
3.437500	-0.024176	556600.000000
3.541667	-0.024114	556800.000000
3.645833	-0.024092	557000.000000
3.750000	-0.024268	557200.000000
3.854167	-0.024447	557400.000000
3.958333	-0.024306	557600.000000
4.062500	-0.024064	557800.000000
4.166667	-0.023987	558000.000000
4.270833	-0.024160	558200.000000
4.375000	-0.023998	558400.000000
4.479167	-0.024049	558600.000000
4.583333	-0.024008	558800.000000
4.687500	-0.023833	559000.000000
4.791667	-0.023846	559200.000000
4.895833	-0.023873	559400.000000
5.000000	-0.023817	559600.000000
5.104167	-0.023909	559800.000000
5.208333	-0.023991	560000.000000
5.312500	-0.023923	560200.000000
5.416667	-0.023853	560400.000000
5.520833	-0.023975	560600.000000
5.625000	-0.023801	560800.000000
5.729167	-0.023930	561000.000000
5.833333	-0.023956	561200.000000
5.937500	-0.023859	561400.000000
6.041667	-0.024027	561600.000000
6.145833	-0.024167	561800.000000
6.250000	-0.023956	562000.000000
6.354167	-0.023896	562200.000000
6.458333	-0.024036	562400.000000
6.562500	-0.024118	562600.000000
6.666667	-0.024149	562800.000000
6.770833	-0.024128	563000.000000
6.875000	-0.023885	563200.000000
6.979167	-0.023937	563400.000000
7.083333	-0.023883	563600.000000
7.187500	-0.023951	563800.000000
7.291667	-0.023889	564000.000000
7.395833	-0.023964	564200.000000
7.500000	-0.024010	564400.000000
7.604167	-0.023877	564600.000000
7.708333	-0.024166	564800.000000
7.812500	-0.024001	565000.000000
7.916667	-0.024011	565200.000000
8.020833	-0.023956	565400.000000
8.125000	-0.023810	565600.000000
8.229167	-0.023745	565800.000000
8.333333	-0.023903	566000.000000
8.437500	-0.023872	566200.000000
8.541667	-0.023769	566400.000000
8.645833	-0.023791	566600.000000
8.750000	-0.023868	566800.000000
8.854167	-0.023667	567000.000000
8.958333	-0.023859	567200.000000
9.062500	-0.023990	567400.000000
9.166667	-0.023600	567600.000000
9.270833	-0.023712	567800.000000
9.375000	-0.023744	568000.000000
9.479167	-0.023475	568200.000000
9.583333	-0.023623	568400.000000
9.687500	-0.023706	568600.000000
9.791667	-0.023667	568800.000000
9.895833	-0.023671	569000.000000
10.000000	-0.023552	569200.000000
10.104167	-0.023688	569400.000000
10.208333	-0.023543	569600.000000
10.312500	-0.023633	569800.000000
10.416667	-0.023372	570000.000000
10.520833	-0.023522	570200.000000
10.625000	-0.023606	570400.000000
10.729167	-0.023585	570600.000000
10.833333	-0.023451	570800.000000
10.937500	-0.023545	571000.000000
11.041667	-0.023373	571200.000000
11.145833	-0.023555	571400.000000
11.250000	-0.023780	571600.000000
11.354167	-0.023746	571800.000000
11.458333	-0.023599	572000.000000
11.562500	-0.023530	572200.000000
11.666667	-0.023724	572400.000000
11.770833	-0.023726	572600.000000
11.875000	-0.023673	572800.000000
11.979167	-0.023631	573000.000000
12.083333	-0.023841	573200.000000
12.187500	-0.023892	573400.000000
12.291667	-0.023956	573600.000000
12.395833	-0.023917	573800.000000
12.500000	-0.023805	574000.000000
12.604167	-0.023863	574200.000000
12.708333	-0.023799	574400.000000
12.812500	-0.023686	574600.000000
12.916667	-0.023978	574800.000000
13.020833	-0.023830	575000.000000
13.125000	-0.024209	575200.000000
13.229167	-0.024021	575400.000000
13.333333	-0.023934	575600.000000
13.437500	-0.024013	575800.000000
13.541667	-0.023930	576000.000000
13.645833	-0.023661	576200.000000
13.750000	-0.023932	576400.000000
13.854167	-0.023964	576600.000000
13.958333	-0.023852	576800.000000
14.062500	-0.023707	577000.000000
14.166667	-0.023698	577200.000000
14.270833	-0.023686	577400.000000
14.375000	-0.023721	577600.000000
14.479167	-0.023878	577800.000000
14.583333	-0.023882	578000.000000
14.687500	-0.023549	578200.000000
14.791667	-0.023577	578400.000000
14.895833	-0.023668	578600.000000
15.000000	-0.023766	578800.000000
15.104167	-0.023758	579000.000000
15.208333	-0.023551	579200.000000
15.312500	-0.023685	579400.000000
15.416667	-0.023724	579600.000000
15.520833	-0.023524	579800.000000
15.625000	-0.023546	580000.000000
15.729167	-0.023801	580200.000000
15.833333	-0.023566	580400.000000
15.937500	-0.023642	580600.000000
16.041667	-0.023845	580800.000000
16.145833	-0.023787	581000.000000
16.250000	-0.023650	581200.000000
16.354167	-0.023630	581400.000000
16.458333	-0.023511	581600.000000
16.562500	-0.023830	581800.000000
16.666667	-0.023669	582000.000000
16.770833	-0.023529	582200.000000
16.875000	-0.023491	582400.000000
16.979167	-0.023588	582600.000000
17.083333	-0.023698	582800.000000
17.187500	-0.023626	583000.000000
17.291667	-0.023543	583200.000000
17.395833	-0.023749	583400.000000
17.500000	-0.023484	583600.000000
17.604167	-0.023793	583800.000000
17.708333	-0.023420	584000.000000
17.812500	-0.023567	584200.000000
17.916667	-0.023467	584400.000000
18.020833	-0.023269	584600.000000
18.125000	-0.023278	584800.000000
18.229167	-0.023131	585000.000000
18.333333	-0.023260	585200.000000
18.437500	-0.023153	585400.000000
18.541667	-0.023230	585600.000000
18.645833	-0.023062	585800.000000
18.750000	-0.022926	586000.000000
18.854167	-0.022867	586200.000000
18.958333	-0.022799	586400.000000
19.062500	-0.022878	586600.000000
19.166667	-0.022590	586800.000000
19.270833	-0.022462	587000.000000
19.375000	-0.022482	587200.000000
19.479167	-0.022312	587400.000000
19.583333	-0.022211	587600.000000
19.687500	-0.021935	587800.000000
19.791667	-0.021860	588000.000000
19.895833	-0.021786	588200.000000
20.000000	-0.021554	588400.000000
20.104167	-0.021273	588600.000000
20.208333	-0.021318	588800.000000
20.312500	-0.020828	589000.000000
20.416667	-0.020612	589200.000000
20.520833	-0.020226	589400.000000
20.625000	-0.019865	589600.000000
20.729167	-0.019519	589800.000000
20.833333	-0.019295	590000.000000
20.937500	-0.018875	590200.000000
21.041667	-0.018378	590400.000000
21.145833	-0.017941	590600.000000
21.250000	-0.017178	590800.000000
21.354167	-0.016510	591000.000000
21.458333	-0.015756	591200.000000
21.562500	-0.014955	591400.000000
21.666667	-0.013773	591600.000000
21.770833	-0.012674	591800.000000
21.875000	-0.011177	592000.000000
21.979167	-0.009603	592200.000000
22.083333	-0.007903	592400.000000
22.187500	-0.006213	592600.000000
22.291667	-0.003956	592800.000000
22.395833	-0.001450	593000.000000
22.500000	0.001327	593200.000000
22.604167	0.004327	593400.000000
22.708333	0.007866	593600.000000
22.812500	0.011744	593800.000000
22.916667	0.016421	594000.000000
23.020833	0.021279	594200.000000
23.125000	0.026557	594400.000000
23.229167	0.032787	594600.000000
23.333333	0.039159	594800.000000
23.437500	0.046460	595000.000000
23.541667	0.054005	595200.000000
23.645833	0.061511	595400.000000
23.750000	0.069588	595600.000000
23.854167	0.077973	595800.000000
23.958333	0.086391	596000.000000
24.062500	0.094453	596200.000000
24.166667	0.100350	596400.000000
24.270833	0.098177	596600.000000
24.375000	0.075864	596800.000000
24.479167	0.017212	597000.000000
24.583333	-0.098973	597200.000000
24.687500	-0.272444	597400.000000
24.791667	-0.495658	597600.000000
24.895833	-0.727241	597800.000000
25.000000	-0.900916	598000.000000
25.104167	-0.966928	598200.000000
25.208333	-0.886687	598400.000000
25.312500	-0.668301	598600.000000
25.416667	-0.377800	598800.000000
25.520833	-0.106579	599000.000000
25.625000	0.107209	599200.000000
25.729167	0.239221	599400.000000
25.833333	0.307432	599600.000000
25.937500	0.326972	599800.000000
26.041667	0.311005	600000.000000
26.145833	0.273863	600200.000000
26.250000	0.229658	600400.000000
26.354167	0.190226	600600.000000
26.458333	0.162543	600800.000000
26.562500	0.150559	601000.000000
26.666667	0.151580	601200.000000
26.770833	0.156275	601400.000000
26.875000	0.152614	601600.000000
26.979167	0.130877	601800.000000
27.083333	0.093556	602000.000000
27.187500	0.053850	602200.000000
27.291667	0.028513	602400.000000
27.395833	0.022190	602600.000000
27.500000	0.026160	602800.000000
27.604167	0.030467	603000.000000
27.708333	0.031064	603200.000000
27.812500	0.027393	603400.000000
27.916667	0.020284	603600.000000
28.020833	0.010491	603800.000000
28.125000	0.001209	604000.000000
28.229167	-0.004263	604200.000000
28.333333	-0.002958	604400.000000
28.437500	0.005536	604600.000000
28.541667	0.017097	604800.000000
28.645833	0.023927	605000.000000
28.750000	0.020639	605200.000000
28.854167	0.007247	605400.000000
28.958333	-0.008717	605600.000000
29.062500	-0.019231	605800.000000
29.166667	-0.020041	606000.000000
29.270833	-0.016976	606200.000000
29.375000	-0.018256	606400.000000
29.479167	-0.027909	606600.000000
29.583333	-0.041077	606800.000000
29.687500	-0.049175	607000.000000
29.791667	-0.049752	607200.000000
29.895833	-0.043303	607400.000000
30.000000	-0.033635	607600.000000
30.104167	-0.022943	607800.000000
30.208333	-0.013423	608000.000000
30.312500	-0.006595	608200.000000
30.416667	-0.002680	608400.000000
30.520833	-0.003060	608600.000000
30.625000	-0.009817	608800.000000
30.729167	-0.021994	609000.000000
30.833333	-0.033415	609200.000000
30.937500	-0.042363	609400.000000
31.041667	-0.048693	609600.000000
31.145833	-0.050890	609800.000000
31.250000	-0.048040	610000.000000
31.354167	-0.041930	610200.000000
31.458333	-0.035024	610400.000000
31.562500	-0.029661	610600.000000
31.666667	-0.028651	610800.000000
31.770833	-0.030377	611000.000000
31.875000	-0.031049	611200.000000
31.979167	-0.029663	611400.000000
32.083333	-0.027872	611600.000000
32.187500	-0.028216	611800.000000
32.291667	-0.031113	612000.000000
32.395833	-0.035410	612200.000000
32.500000	-0.041056	612400.000000
32.604167	-0.046822	612600.000000
32.708333	-0.050135	612800.000000
32.812500	-0.051116	613000.000000
32.916667	-0.050403	613200.000000
33.020833	-0.049490	613400.000000
33.125000	-0.049135	613600.000000
33.229167	-0.049539	613800.000000
33.333333	-0.049029	614000.000000
33.437500	-0.046548	614200.000000
33.541667	-0.043681	614400.000000
33.645833	-0.041968	614600.000000
33.750000	-0.039437	614800.000000
33.854167	-0.033163	615000.000000
33.958333	-0.022342	615200.000000
34.062500	-0.009491	615400.000000
34.166667	0.001282	615600.000000
34.270833	0.006292	615800.000000
34.375000	0.004018	616000.000000
34.479167	-0.005218	616200.000000
34.583333	-0.017206	616400.000000
34.687500	-0.026038	616600.000000
34.791667	-0.028592	616800.000000
34.895833	-0.025535	617000.000000
35.000000	-0.020650	617200.000000
35.104167	-0.015801	617400.000000
35.208333	-0.012401	617600.000000
35.312500	-0.010384	617800.000000
35.416667	-0.010506	618000.000000
35.520833	-0.011639	618200.000000
35.625000	-0.011865	618400.000000
35.729167	-0.011764	618600.000000
35.833333	-0.012496	618800.000000
35.937500	-0.013624	619000.000000
36.041667	-0.016041	619200.000000
36.145833	-0.020252	619400.000000
36.250000	-0.026535	619600.000000
36.354167	-0.033623	619800.000000
36.458333	-0.040793	620000.000000
36.562500	-0.046310	620200.000000
36.666667	-0.047442	620400.000000
36.770833	-0.043517	620600.000000
36.875000	-0.034395	620800.000000
36.979167	-0.023207	621000.000000
37.083333	-0.014666	621200.000000
37.187500	-0.012895	621400.000000
37.291667	-0.017419	621600.000000
37.395833	-0.025188	621800.000000
37.500000	-0.030742	622000.000000
37.604167	-0.029696	622200.000000
37.708333	-0.022610	622400.000000
37.812500	-0.015551	622600.000000
37.916667	-0.013416	622800.000000
38.020833	-0.018576	623000.000000
38.125000	-0.028658	623200.000000
38.229167	-0.038883	623400.000000
38.333333	-0.045122	623600.000000
38.437500	-0.046044	623800.000000
38.541667	-0.044093	624000.000000
38.645833	-0.041198	624200.000000
38.750000	-0.038872	624400.000000
38.854167	-0.036851	624600.000000
38.958333	-0.036298	624800.000000
39.062500	-0.037996	625000.000000
39.166667	-0.040294	625200.000000
39.270833	-0.039273	625400.000000
39.375000	-0.033267	625600.000000
39.479167	-0.023291	625800.000000
39.583333	-0.014967	626000.000000
39.687500	-0.013651	626200.000000
39.791667	-0.021229	626400.000000
39.895833	-0.033898	626600.000000
40.000000	-0.044921	626800.000000
40.104167	-0.051141	627000.000000
40.208333	-0.052610	627200.000000
40.312500	-0.049944	627400.000000
40.416667	-0.042917	627600.000000
40.520833	-0.032595	627800.000000
40.625000	-0.024580	628000.000000
40.729167	-0.021631	628200.000000
40.833333	-0.024187	628400.000000
40.937500	-0.027559	628600.000000
41.041667	-0.026048	628800.000000
41.145833	-0.017230	629000.000000
41.250000	-0.006609	629200.000000
41.354167	0.000283	629400.000000
41.458333	-0.004128	629600.000000
41.562500	-0.018833	629800.000000
41.666667	-0.036578	630000.000000
41.770833	-0.048506	630200.000000
41.875000	-0.051847	630400.000000
41.979167	-0.047765	630600.000000
42.083333	-0.038140	630800.000000
42.187500	-0.026335	631000.000000
42.291667	-0.017427	631200.000000
42.395833	-0.014406	631400.000000
42.500000	-0.017183	631600.000000
42.604167	-0.022115	631800.000000
42.708333	-0.025494	632000.000000
42.812500	-0.025838	632200.000000
42.916667	-0.022203	632400.000000
43.020833	-0.015354	632600.000000
43.125000	-0.008096	632800.000000
43.229167	-0.004318	633000.000000
43.333333	-0.006256	633200.000000
43.437500	-0.013915	633400.000000
43.541667	-0.024077	633600.000000
43.645833	-0.031477	633800.000000
43.750000	-0.035074	634000.000000
43.854167	-0.034602	634200.000000
43.958333	-0.031645	634400.000000
44.062500	-0.028198	634600.000000
44.166667	-0.024773	634800.000000
44.270833	-0.022552	635000.000000
44.375000	-0.021322	635200.000000
44.479167	-0.020845	635400.000000
44.583333	-0.018235	635600.000000
44.687500	-0.012742	635800.000000
44.791667	-0.005462	636000.000000
44.895833	0.000614	636200.000000
45.000000	0.001079	636400.000000
45.104167	-0.004660	636600.000000
45.208333	-0.014461	636800.000000
45.312500	-0.023034	637000.000000
45.416667	-0.028386	637200.000000
45.520833	-0.030842	637400.000000
45.625000	-0.032291	637600.000000
45.729167	-0.032465	637800.000000
45.833333	-0.031157	638000.000000
45.937500	-0.028127	638200.000000
46.041667	-0.024354	638400.000000
46.145833	-0.018952	638600.000000
46.250000	-0.012750	638800.000000
46.354167	-0.007194	639000.000000
46.458333	-0.004073	639200.000000
46.562500	-0.004762	639400.000000
46.666667	-0.008563	639600.000000
46.770833	-0.013787	639800.000000
46.875000	-0.018215	640000.000000
46.979167	-0.021719	640200.000000
47.083333	-0.024243	640400.000000
47.187500	-0.026769	640600.000000
47.291667	-0.028875	640800.000000
47.395833	-0.029862	641000.000000
47.500000	-0.028772	641200.000000
47.604167	-0.026691	641400.000000
47.708333	-0.024777	641600.000000
47.812500	-0.024130	641800.000000
47.916667	-0.023996	642000.000000
48.020833	-0.023022	642200.000000
48.125000	-0.020476	642400.000000
48.229167	-0.017492	642600.000000
48.333333	-0.015622	642800.000000
48.437500	-0.015703	643000.000000
48.541667	-0.017619	643200.000000
48.645833	-0.020214	643400.000000
48.750000	-0.022308	643600.000000
48.854167	-0.022490	643800.000000
48.958333	-0.022333	644000.000000
49.062500	-0.022977	644200.000000
49.166667	-0.025394	644400.000000
49.270833	-0.028901	644600.000000
49.375000	-0.032521	644800.000000
49.479167	-0.034368	645000.000000
49.583333	-0.033625	645200.000000
49.687500	-0.030130	645400.000000
49.791667	-0.024800	645600.000000
49.895833	-0.019011	645800.000000
50.000000	-0.014382	646000.000000
50.104167	-0.011410	646200.000000
50.208333	-0.011608	646400.000000
50.312500	-0.013776	646600.000000
50.416667	-0.016606	646800.000000
50.520833	-0.017778	647000.000000
50.625000	-0.018610	647200.000000
50.729167	-0.022348	647400.000000
50.833333	-0.029587	647600.000000
50.937500	-0.037241	647800.000000
51.041667	-0.040561	648000.000000
51.145833	-0.038376	648200.000000
51.250000	-0.033026	648400.000000
51.354167	-0.027248	648600.000000
51.458333	-0.021415	648800.000000
51.562500	-0.016121	649000.000000
51.666667	-0.012268	649200.000000
51.770833	-0.011649	649400.000000
51.875000	-0.013781	649600.000000
51.979167	-0.017662	649800.000000
52.083333	-0.021732	650000.000000
52.187500	-0.024514	650200.000000
52.291667	-0.024638	650400.000000
52.395833	-0.023087	650600.000000
52.500000	-0.022114	650800.000000
52.604167	-0.023978	651000.000000
52.708333	-0.027825	651200.000000
52.812500	-0.032162	651400.000000
52.916667	-0.034311	651600.000000
53.020833	-0.033501	651800.000000
53.125000	-0.030162	652000.000000
53.229167	-0.025198	652200.000000
53.333333	-0.020198	652400.000000
53.437500	-0.017545	652600.000000
53.541667	-0.018600	652800.000000
53.645833	-0.022878	653000.000000
53.750000	-0.026668	653200.000000
53.854167	-0.027629	653400.000000
53.958333	-0.025326	653600.000000
54.062500	-0.021817	653800.000000
54.166667	-0.019273	654000.000000
54.270833	-0.019185	654200.000000
54.375000	-0.022964	654400.000000
54.479167	-0.028786	654600.000000
54.583333	-0.034270	654800.000000
54.687500	-0.037860	655000.000000
54.791667	-0.038628	655200.000000
54.895833	-0.036386	655400.000000
55.000000	-0.032095	655600.000000
55.104167	-0.026824	655800.000000
55.208333	-0.021689	656000.000000
55.312500	-0.017805	656200.000000
55.416667	-0.015652	656400.000000
55.520833	-0.014209	656600.000000
55.625000	-0.013885	656800.000000
55.729167	-0.015614	657000.000000
55.833333	-0.018606	657200.000000
55.937500	-0.022038	657400.000000
56.041667	-0.025079	657600.000000
56.145833	-0.028347	657800.000000
56.250000	-0.031864	658000.000000
56.354167	-0.034860	658200.000000
56.458333	-0.035811	658400.000000
56.562500	-0.034444	658600.000000
56.666667	-0.031171	658800.000000
56.770833	-0.026032	659000.000000
56.875000	-0.021547	659200.000000
56.979167	-0.018421	659400.000000
57.083333	-0.017230	659600.000000
57.187500	-0.017441	659800.000000
57.291667	-0.017949	660000.000000
57.395833	-0.018509	660200.000000
57.500000	-0.019288	660400.000000
57.604167	-0.020821	660600.000000
57.708333	-0.022688	660800.000000
57.812500	-0.024631	661000.000000
57.916667	-0.026041	661200.000000
58.020833	-0.027212	661400.000000
58.125000	-0.027613	661600.000000
58.229167	-0.026777	661800.000000
58.333333	-0.024683	662000.000000
58.437500	-0.023362	662200.000000
58.541667	-0.024188	662400.000000
58.645833	-0.025474	662600.000000
58.750000	-0.024567	662800.000000
58.854167	-0.021632	663000.000000
58.958333	-0.018214	663200.000000
59.062500	-0.016638	663400.000000
59.166667	-0.016740	663600.000000
59.270833	-0.017401	663800.000000
59.375000	-0.017535	664000.000000
59.479167	-0.017445	664200.000000
59.583333	-0.017734	664400.000000
59.687500	-0.018631	664600.000000
59.791667	-0.021108	664800.000000
59.895833	-0.024981	665000.000000
60.000000	-0.028906	665200.000000
60.104167	-0.031851	665400.000000
60.208333	-0.032503	665600.000000
60.312500	-0.030470	665800.000000
60.416667	-0.026638	666000.000000
60.520833	-0.021150	666200.000000
60.625000	-0.015584	666400.000000
60.729167	-0.012035	666600.000000
60.833333	-0.011357	666800.000000
60.937500	-0.012743	667000.000000
61.041667	-0.015253	667200.000000
61.145833	-0.017445	667400.000000
61.250000	-0.019156	667600.000000
61.354167	-0.020410	667800.000000
61.458333	-0.022567	668000.000000
61.562500	-0.025433	668200.000000
61.666667	-0.028253	668400.000000
61.770833	-0.029931	668600.000000
61.875000	-0.029667	668800.000000
61.979167	-0.028212	669000.000000
62.083333	-0.026527	669200.000000
62.187500	-0.024114	669400.000000
62.291667	-0.020474	669600.000000
62.395833	-0.016645	669800.000000
62.500000	-0.013485	670000.000000
62.604167	-0.013388	670200.000000
62.708333	-0.016488	670400.000000
62.812500	-0.020814	670600.000000
62.916667	-0.024468	670800.000000
63.020833	-0.025711	671000.000000
63.125000	-0.025187	671200.000000
63.229167	-0.023740	671400.000000
63.333333	-0.023236	671600.000000
63.437500	-0.023553	671800.000000
63.541667	-0.024852	672000.000000
63.645833	-0.026024	672200.000000
63.750000	-0.027162	672400.000000
63.854167	-0.028004	672600.000000
63.958333	-0.028850	672800.000000
64.062500	-0.028964	673000.000000
64.166667	-0.027775	673200.000000
64.270833	-0.025521	673400.000000
64.375000	-0.022804	673600.000000
64.479167	-0.020871	673800.000000
64.583333	-0.019664	674000.000000
64.687500	-0.019380	674200.000000
64.791667	-0.020995	674400.000000
64.895833	-0.023636	674600.000000
65.000000	-0.026589	674800.000000
65.104167	-0.028677	675000.000000
65.208333	-0.029758	675200.000000
65.312500	-0.030534	675400.000000
65.416667	-0.031384	675600.000000
65.520833	-0.031666	675800.000000
65.625000	-0.031803	676000.000000
65.729167	-0.031692	676200.000000
65.833333	-0.031229	676400.000000
65.937500	-0.029290	676600.000000
66.041667	-0.025522	676800.000000
66.145833	-0.020984	677000.000000
66.250000	-0.017970	677200.000000
66.354167	-0.018641	677400.000000
66.458333	-0.022237	677600.000000
66.562500	-0.027171	677800.000000
66.666667	-0.031911	678000.000000
66.770833	-0.034397	678200.000000
66.875000	-0.035318	678400.000000
66.979167	-0.035342	678600.000000
67.083333	-0.034319	678800.000000
67.187500	-0.032496	679000.000000
67.291667	-0.030255	679200.000000
67.395833	-0.028508	679400.000000
67.500000	-0.027450	679600.000000
67.604167	-0.026651	679800.000000
67.708333	-0.024761	680000.000000
67.812500	-0.021673	680200.000000
67.916667	-0.018604	680400.000000
68.020833	-0.017036	680600.000000
68.125000	-0.017633	680800.000000
68.229167	-0.019501	681000.000000
68.333333	-0.022071	681200.000000
68.437500	-0.023624	681400.000000
68.541667	-0.023724	681600.000000
68.645833	-0.022003	681800.000000
68.750000	-0.019285	682000.000000
68.854167	-0.018025	682200.000000
68.958333	-0.018714	682400.000000
69.062500	-0.021902	682600.000000
69.166667	-0.026121	682800.000000
69.270833	-0.029037	683000.000000
69.375000	-0.029135	683200.000000
69.479167	-0.026008	683400.000000
69.583333	-0.020904	683600.000000
69.687500	-0.016589	683800.000000
69.791667	-0.014731	684000.000000
69.895833	-0.015628	684200.000000
70.000000	-0.018545	684400.000000
70.104167	-0.021722	684600.000000
70.208333	-0.023874	684800.000000
70.312500	-0.024325	685000.000000
70.416667	-0.024012	685200.000000
70.520833	-0.023973	685400.000000
70.625000	-0.025557	685600.000000
70.729167	-0.028653	685800.000000
70.833333	-0.032477	686000.000000
70.937500	-0.035110	686200.000000
71.041667	-0.035618	686400.000000
71.145833	-0.033117	686600.000000
71.250000	-0.028517	686800.000000
71.354167	-0.023978	687000.000000
71.458333	-0.020771	687200.000000
71.562500	-0.019489	687400.000000
71.666667	-0.020415	687600.000000
71.770833	-0.023558	687800.000000
71.875000	-0.027487	688000.000000
71.979167	-0.031580	688200.000000
72.083333	-0.035067	688400.000000
72.187500	-0.037481	688600.000000
72.291667	-0.038891	688800.000000
72.395833	-0.039298	689000.000000
72.500000	-0.038947	689200.000000
72.604167	-0.038936	689400.000000
72.708333	-0.038540	689600.000000
72.812500	-0.037781	689800.000000
72.916667	-0.036188	690000.000000
73.020833	-0.033689	690200.000000
73.125000	-0.031328	690400.000000
73.229167	-0.029029	690600.000000
73.333333	-0.026954	690800.000000
73.437500	-0.025471	691000.000000
73.541667	-0.023699	691200.000000
73.645833	-0.021683	691400.000000
73.750000	-0.019325	691600.000000
73.854167	-0.017770	691800.000000
73.958333	-0.017182	692000.000000
74.062500	-0.016589	692200.000000
74.166667	-0.015948	692400.000000
74.270833	-0.014707	692600.000000
74.375000	-0.013298	692800.000000
74.479167	-0.011509	693000.000000
74.583333	-0.010635	693200.000000
74.687500	-0.010752	693400.000000
74.791667	-0.011942	693600.000000
74.895833	-0.013249	693800.000000
75.000000	-0.013884	694000.000000
75.104167	-0.013407	694200.000000
75.208333	-0.012002	694400.000000
75.312500	-0.010656	694600.000000
75.416667	-0.010497	694800.000000
75.520833	-0.012110	695000.000000
75.625000	-0.015321	695200.000000
75.729167	-0.019987	695400.000000
75.833333	-0.024934	695600.000000
75.937500	-0.028508	695800.000000
76.041667	-0.030632	696000.000000
76.145833	-0.031706	696200.000000
76.250000	-0.032120	696400.000000
76.354167	-0.032203	696600.000000
76.458333	-0.032148	696800.000000
76.562500	-0.031106	697000.000000
76.666667	-0.028881	697200.000000
76.770833	-0.026204	697400.000000
76.875000	-0.023309	697600.000000
76.979167	-0.020675	697800.000000
77.083333	-0.019505	698000.000000
77.187500	-0.019971	698200.000000
77.291667	-0.022690	698400.000000
77.395833	-0.025723	698600.000000
77.500000	-0.027689	698800.000000
77.604167	-0.028282	699000.000000
77.708333	-0.027511	699200.000000
77.812500	-0.025713	699400.000000
77.916667	-0.023792	699600.000000
78.020833	-0.022427	699800.000000
78.125000	-0.022212	700000.000000
78.229167	-0.022986	700200.000000
78.333333	-0.024305	700400.000000
78.437500	-0.024963	700600.000000
78.541667	-0.024295	700800.000000
78.645833	-0.022821	701000.000000
78.750000	-0.021670	701200.000000
78.854167	-0.021651	701400.000000
78.958333	-0.023257	701600.000000
79.062500	-0.026004	701800.000000
79.166667	-0.028377	702000.000000
79.270833	-0.029211	702200.000000
79.375000	-0.027904	702400.000000
79.479167	-0.025180	702600.000000
79.583333	-0.022582	702800.000000
79.687500	-0.021650	703000.000000
79.791667	-0.022706	703200.000000
79.895833	-0.024836	703400.000000
80.000000	-0.026462	703600.000000
80.104167	-0.027204	703800.000000
80.208333	-0.026568	704000.000000
80.312500	-0.024486	704200.000000
80.416667	-0.021048	704400.000000
80.520833	-0.016990	704600.000000
80.625000	-0.014327	704800.000000
80.729167	-0.013118	705000.000000
80.833333	-0.013778	705200.000000
80.937500	-0.015930	705400.000000
81.041667	-0.018728	705600.000000
81.145833	-0.021113	705800.000000
81.250000	-0.022795	706000.000000
81.354167	-0.023885	706200.000000
81.458333	-0.024457	706400.000000
81.562500	-0.024466	706600.000000
81.666667	-0.023171	706800.000000
81.770833	-0.021500	707000.000000
81.875000	-0.019917	707200.000000
81.979167	-0.018571	707400.000000
82.083333	-0.017489	707600.000000
82.187500	-0.016043	707800.000000
82.291667	-0.014355	708000.000000
82.395833	-0.012761	708200.000000
82.500000	-0.012551	708400.000000
82.604167	-0.014037	708600.000000
82.708333	-0.016260	708800.000000
82.812500	-0.018568	709000.000000
82.916667	-0.020221	709200.000000
83.020833	-0.021408	709400.000000
83.125000	-0.022301	709600.000000
83.229167	-0.022506	709800.000000
83.333333	-0.022011	710000.000000
83.437500	-0.020729	710200.000000
83.541667	-0.019857	710400.000000
83.645833	-0.019992	710600.000000
83.750000	-0.020354	710800.000000
83.854167	-0.020848	711000.000000
83.958333	-0.020992	711200.000000
84.062500	-0.021274	711400.000000
84.166667	-0.021285	711600.000000
84.270833	-0.020869	711800.000000
84.375000	-0.020457	712000.000000
84.479167	-0.020365	712200.000000
84.583333	-0.021036	712400.000000
84.687500	-0.022661	712600.000000
84.791667	-0.024022	712800.000000
84.895833	-0.024917	713000.000000
85.000000	-0.025543	713200.000000
85.104167	-0.025872	713400.000000
85.208333	-0.026672	713600.000000
85.312500	-0.027717	713800.000000
85.416667	-0.028798	714000.000000
85.520833	-0.029125	714200.000000
85.625000	-0.028130	714400.000000
85.729167	-0.026014	714600.000000
85.833333	-0.023304	714800.000000
85.937500	-0.021481	715000.000000
86.041667	-0.020289	715200.000000
86.145833	-0.021190	715400.000000
86.250000	-0.022983	715600.000000
86.354167	-0.025633	715800.000000
86.458333	-0.028574	716000.000000
86.562500	-0.030279	716200.000000
86.666667	-0.031014	716400.000000
86.770833	-0.030702	716600.000000
86.875000	-0.029851	716800.000000
86.979167	-0.029775	717000.000000
87.083333	-0.030175	717200.000000
87.187500	-0.030455	717400.000000
87.291667	-0.030081	717600.000000
87.395833	-0.028921	717800.000000
87.500000	-0.026919	718000.000000
87.604167	-0.024885	718200.000000
87.708333	-0.023430	718400.000000
87.812500	-0.023377	718600.000000
87.916667	-0.024479	718800.000000
88.020833	-0.026905	719000.000000
88.125000	-0.028513	719200.000000
88.229167	-0.030705	719400.000000
88.333333	-0.031871	719600.000000
88.437500	-0.031750	719800.000000
88.541667	-0.030279	720000.000000
88.645833	-0.028660	720200.000000
88.750000	-0.027292	720400.000000
88.854167	-0.027080	720600.000000
88.958333	-0.027760	720800.000000
89.062500	-0.028292	721000.000000
89.166667	-0.027891	721200.000000
89.270833	-0.026787	721400.000000
89.375000	-0.025370	721600.000000
89.479167	-0.024233	721800.000000
89.583333	-0.023349	722000.000000
89.687500	-0.022718	722200.000000
89.791667	-0.022487	722400.000000
89.895833	-0.022811	722600.000000
90.000000	-0.023584	722800.000000
90.104167	-0.024418	723000.000000
90.208333	-0.025312	723200.000000
90.312500	-0.026493	723400.000000
90.416667	-0.027724	723600.000000
90.520833	-0.028400	723800.000000
90.625000	-0.028605	724000.000000
90.729167	-0.028540	724200.000000
90.833333	-0.028152	724400.000000
90.937500	-0.027417	724600.000000
91.041667	-0.025971	724800.000000
91.145833	-0.024572	725000.000000
91.250000	-0.023272	725200.000000
91.354167	-0.022268	725400.000000
91.458333	-0.021698	725600.000000
91.562500	-0.021566	725800.000000
91.666667	-0.021918	726000.000000
91.770833	-0.023079	726200.000000
91.875000	-0.024965	726400.000000
91.979167	-0.026970	726600.000000
92.083333	-0.028615	726800.000000
92.187500	-0.029661	727000.000000
92.291667	-0.029456	727200.000000
92.395833	-0.028699	727400.000000
92.500000	-0.027641	727600.000000
92.604167	-0.026093	727800.000000
92.708333	-0.024596	728000.000000
92.812500	-0.022991	728200.000000
92.916667	-0.021516	728400.000000
93.020833	-0.020930	728600.000000
93.125000	-0.021340	728800.000000
93.229167	-0.021920	729000.000000
93.333333	-0.022897	729200.000000
93.437500	-0.023348	729400.000000
93.541667	-0.023561	729600.000000
93.645833	-0.023655	729800.000000
93.750000	-0.023923	730000.000000
93.854167	-0.023875	730200.000000
93.958333	-0.023535	730400.000000
94.062500	-0.023408	730600.000000
94.166667	-0.023130	730800.000000
94.270833	-0.022838	731000.000000
94.375000	-0.023143	731200.000000
94.479167	-0.023162	731400.000000
94.583333	-0.023170	731600.000000
94.687500	-0.022635	731800.000000
94.791667	-0.022695	732000.000000
94.895833	-0.022495	732200.000000
95.000000	-0.021880	732400.000000
95.104167	-0.021483	732600.000000
95.208333	-0.021798	732800.000000
95.312500	-0.022745	733000.000000
95.416667	-0.024121	733200.000000
95.520833	-0.025366	733400.000000
95.625000	-0.026270	733600.000000
95.729167	-0.026788	733800.000000
95.833333	-0.026627	734000.000000
95.937500	-0.026427	734200.000000
96.041667	-0.026145	734400.000000
96.145833	-0.025915	734600.000000
96.250000	-0.025466	734800.000000
96.354167	-0.024325	735000.000000
96.458333	-0.022906	735200.000000
96.562500	-0.021665	735400.000000
96.666667	-0.020093	735600.000000
96.770833	-0.019032	735800.000000
96.875000	-0.018492	736000.000000
96.979167	-0.019298	736200.000000
97.083333	-0.021257	736400.000000
97.187500	-0.023819	736600.000000
97.291667	-0.026298	736800.000000
97.395833	-0.028448	737000.000000
97.500000	-0.028965	737200.000000
97.604167	-0.028620	737400.000000
97.708333	-0.027437	737600.000000
97.812500	-0.026028	737800.000000
97.916667	-0.024770	738000.000000
98.020833	-0.023476	738200.000000
98.125000	-0.022572	738400.000000
98.229167	-0.022181	738600.000000
98.333333	-0.021806	738800.000000
98.437500	-0.021675	739000.000000
98.541667	-0.021162	739200.000000
98.645833	-0.020392	739400.000000
98.750000	-0.020085	739600.000000
98.854167	-0.020369	739800.000000
98.958333	-0.021328	740000.000000
99.062500	-0.022479	740200.000000
99.166667	-0.023793	740400.000000
99.270833	-0.024229	740600.000000
99.375000	-0.024427	740800.000000
99.479167	-0.024797	741000.000000
99.583333	-0.025052	741200.000000
99.687500	-0.025543	741400.000000
99.791667	-0.026481	741600.000000
99.895833	-0.026654	741800.000000
100.000000	-0.026423	742000.000000
100.104167	-0.026051	742200.000000
100.208333	-0.025260	742400.000000
100.312500	-0.024139	742600.000000
100.416667	-0.022751	742800.000000
100.520833	-0.021877	743000.000000
100.625000	-0.021466	743200.000000
100.729167	-0.022047	743400.000000
100.833333	-0.022813	743600.000000
100.937500	-0.023779	743800.000000
101.041667	-0.024378	744000.000000
101.145833	-0.024767	744200.000000
101.250000	-0.025262	744400.000000
101.354167	-0.025941	744600.000000
101.458333	-0.026744	744800.000000
101.562500	-0.026929	745000.000000
101.666667	-0.026371	745200.000000
101.770833	-0.025380	745400.000000
101.875000	-0.023647	745600.000000
101.979167	-0.022197	745800.000000
102.083333	-0.020811	746000.000000
102.187500	-0.020360	746200.000000
102.291667	-0.020828	746400.000000
102.395833	-0.022019	746600.000000
102.500000	-0.023554	746800.000000
102.604167	-0.024853	747000.000000
102.708333	-0.025474	747200.000000
102.812500	-0.025507	747400.000000
102.916667	-0.025023	747600.000000
103.020833	-0.024578	747800.000000
103.125000	-0.024503	748000.000000
103.229167	-0.024747	748200.000000
103.333333	-0.025375	748400.000000
103.437500	-0.025396	748600.000000
103.541667	-0.024940	748800.000000
103.645833	-0.024378	749000.000000
103.750000	-0.024013	749200.000000
103.854167	-0.023654	749400.000000
103.958333	-0.023822	749600.000000
104.062500	-0.024489	749800.000000
104.166667	-0.025160	750000.000000
104.270833	-0.025712	750200.000000
104.375000	-0.025815	750400.000000
104.479167	-0.025677	750600.000000
104.583333	-0.025469	750800.000000
104.687500	-0.025131	751000.000000
104.791667	-0.024849	751200.000000
104.895833	-0.024760	751400.000000
105.000000	-0.024971	751600.000000
105.104167	-0.025365	751800.000000
105.208333	-0.025799	752000.000000
105.312500	-0.025488	752200.000000
105.416667	-0.024707	752400.000000
105.520833	-0.023732	752600.000000
105.625000	-0.022395	752800.000000
105.729167	-0.021169	753000.000000
105.833333	-0.020175	753200.000000
105.937500	-0.019741	753400.000000
106.041667	-0.019498	753600.000000
106.145833	-0.019712	753800.000000
106.250000	-0.020649	754000.000000
106.354167	-0.021795	754200.000000
106.458333	-0.022825	754400.000000
106.562500	-0.023497	754600.000000
106.666667	-0.023640	754800.000000
106.770833	-0.022903	755000.000000
106.875000	-0.022472	755200.000000
106.979167	-0.022022	755400.000000
107.083333	-0.021631	755600.000000
107.187500	-0.021091	755800.000000
107.291667	-0.020477	756000.000000
107.395833	-0.020049	756200.000000
107.500000	-0.020004	756400.000000
107.604167	-0.020574	756600.000000
107.708333	-0.021015	756800.000000
107.812500	-0.021677	757000.000000
107.916667	-0.022458	757200.000000
108.020833	-0.023604	757400.000000
108.125000	-0.024737	757600.000000
108.229167	-0.025454	757800.000000
108.333333	-0.025351	758000.000000
108.437500	-0.024680	758200.000000
108.541667	-0.023548	758400.000000
108.645833	-0.022654	758600.000000
108.750000	-0.022000	758800.000000
108.854167	-0.021461	759000.000000
108.958333	-0.020919	759200.000000
109.062500	-0.020340	759400.000000
109.166667	-0.019952	759600.000000
109.270833	-0.019572	759800.000000
109.375000	-0.019686	760000.000000
109.479167	-0.020033	760200.000000
109.583333	-0.020982	760400.000000
109.687500	-0.021999	760600.000000
109.791667	-0.022933	760800.000000
109.895833	-0.023547	761000.000000
110.000000	-0.023917	761200.000000
110.104167	-0.023918	761400.000000
110.208333	-0.024084	761600.000000
110.312500	-0.024405	761800.000000
110.416667	-0.025220	762000.000000
110.520833	-0.026185	762200.000000
110.625000	-0.026667	762400.000000
110.729167	-0.026485	762600.000000
110.833333	-0.025512	762800.000000
110.937500	-0.023915	763000.000000
111.041667	-0.022252	763200.000000
111.145833	-0.021739	763400.000000
111.250000	-0.021297	763600.000000
111.354167	-0.021873	763800.000000
111.458333	-0.022935	764000.000000
111.562500	-0.024187	764200.000000
111.666667	-0.024712	764400.000000
111.770833	-0.024359	764600.000000
111.875000	-0.023528	764800.000000
111.979167	-0.023087	765000.000000
112.083333	-0.022816	765200.000000
112.187500	-0.022630	765400.000000
112.291667	-0.022601	765600.000000
112.395833	-0.022218	765800.000000
112.500000	-0.021192	766000.000000
112.604167	-0.020178	766200.000000
112.708333	-0.019224	766400.000000
112.812500	-0.018743	766600.000000
112.916667	-0.018802	766800.000000
113.020833	-0.019790	767000.000000
113.125000	-0.021217	767200.000000
113.229167	-0.022480	767400.000000
113.333333	-0.023555	767600.000000
113.437500	-0.024089	767800.000000
113.541667	-0.024115	768000.000000
113.645833	-0.023766	768200.000000
113.750000	-0.023490	768400.000000
113.854167	-0.023420	768600.000000
113.958333	-0.023626	768800.000000
114.062500	-0.023920	769000.000000
114.166667	-0.023973	769200.000000
114.270833	-0.024145	769400.000000
114.375000	-0.024054	769600.000000
114.479167	-0.024178	769800.000000
114.583333	-0.024412	770000.000000
114.687500	-0.024481	770200.000000
114.791667	-0.024354	770400.000000
114.895833	-0.024487	770600.000000
115.000000	-0.024334	770800.000000
115.104167	-0.024359	771000.000000
115.208333	-0.024877	771200.000000
115.312500	-0.025665	771400.000000
115.416667	-0.026611	771600.000000
115.520833	-0.027685	771800.000000
115.625000	-0.028813	772000.000000
115.729167	-0.030245	772200.000000
115.833333	-0.031502	772400.000000
115.937500	-0.032827	772600.000000
116.041667	-0.033818	772800.000000
116.145833	-0.034393	773000.000000
116.250000	-0.034707	773200.000000
116.354167	-0.035059	773400.000000
116.458333	-0.034891	773600.000000
116.562500	-0.034514	773800.000000
116.666667	-0.033528	774000.000000
116.770833	-0.032784	774200.000000
116.875000	-0.032633	774400.000000
116.979167	-0.032930	774600.000000
117.083333	-0.033274	774800.000000
117.187500	-0.033212	775000.000000
117.291667	-0.032052	775200.000000
117.395833	-0.030738	775400.000000
117.500000	-0.028861	775600.000000
117.604167	-0.026551	775800.000000
117.708333	-0.024358	776000.000000
117.812500	-0.021767	776200.000000
117.916667	-0.019308	776400.000000
118.020833	-0.017108	776600.000000
118.125000	-0.015306	776800.000000
118.229167	-0.014337	777000.000000
118.333333	-0.014412	777200.000000
118.437500	-0.015113	777400.000000
118.541667	-0.016652	777600.000000
118.645833	-0.018873	777800.000000
118.750000	-0.021484	778000.000000
118.854167	-0.023726	778200.000000
118.958333	-0.025382	778400.000000
119.062500	-0.026213	778600.000000
119.166667	-0.026332	778800.000000
119.270833	-0.026692	779000.000000
119.375000	-0.027002	779200.000000
119.479167	-0.027854	779400.000000
119.583333	-0.029132	779600.000000
119.687500	-0.029876	779800.000000
119.791667	-0.030043	780000.000000
119.895833	-0.029413	780200.000000
120.000000	-0.028392	780400.000000
120.104167	-0.026840	780600.000000
120.208333	-0.025791	780800.000000
120.312500	-0.025057	781000.000000
120.416667	-0.025174	781200.000000
120.520833	-0.025311	781400.000000
120.625000	-0.025352	781600.000000
120.729167	-0.025187	781800.000000
120.833333	-0.025097	782000.000000
120.937500	-0.024996	782200.000000
121.041667	-0.024891	782400.000000
121.145833	-0.025164	782600.000000
121.250000	-0.025463	782800.000000
121.354167	-0.025897	783000.000000
121.458333	-0.024993	783200.000000
121.562500	-0.023669	783400.000000
121.666667	-0.021920	783600.000000
121.770833	-0.020013	783800.000000
121.875000	-0.018669	784000.000000
121.979167	-0.017861	784200.000000
122.083333	-0.018126	784400.000000
122.187500	-0.018732	784600.000000
122.291667	-0.019874	784800.000000
122.395833	-0.020890	785000.000000
122.500000	-0.022169	785200.000000
122.604167	-0.023163	785400.000000
122.708333	-0.024173	785600.000000
122.812500	-0.024780	785800.000000
122.916667	-0.024973	786000.000000
123.020833	-0.024396	786200.000000
123.125000	-0.023532	786400.000000
123.229167	-0.022557	786600.000000
123.333333	-0.021689	786800.000000
123.437500	-0.021208	787000.000000
123.541667	-0.020534	787200.000000
123.645833	-0.020188	787400.000000
123.750000	-0.020039	787600.000000
123.854167	-0.020434	787800.000000
123.958333	-0.019818	788000.000000
124.062500	-0.019849	788200.000000
124.166667	-0.020107	788400.000000
124.270833	-0.020424	788600.000000
124.375000	-0.021114	788800.000000
124.479167	-0.022096	789000.000000
124.583333	-0.022663	789200.000000
124.687500	-0.023128	789400.000000
124.791667	-0.023514	789600.000000
124.895833	-0.023493	789800.000000
125.000000	-0.023536	790000.000000
125.104167	-0.023909	790200.000000
125.208333	-0.024164	790400.000000
125.312500	-0.023876	790600.000000
125.416667	-0.023707	790800.000000
125.520833	-0.023252	791000.000000
125.625000	-0.022634	791200.000000
125.729167	-0.022435	791400.000000
125.833333	-0.022707	791600.000000
125.937500	-0.023223	791800.000000
126.041667	-0.024284	792000.000000
126.145833	-0.025436	792200.000000
126.250000	-0.026449	792400.000000
126.354167	-0.027450	792600.000000
126.458333	-0.027979	792800.000000
126.562500	-0.028221	793000.000000
126.666667	-0.028489	793200.000000
126.770833	-0.027937	793400.000000
126.875000	-0.027430	793600.000000
126.979167	-0.026832	793800.000000
127.083333	-0.025972	794000.000000
127.187500	-0.024970	794200.000000
127.291667	-0.024037	794400.000000
127.395833	-0.023449	794600.000000
127.500000	-0.022913	794800.000000
127.604167	-0.022974	795000.000000
127.708333	-0.023677	795200.000000
127.812500	-0.024205	795400.000000
127.916667	-0.024757	795600.000000
128.020833	-0.024662	795800.000000
128.125000	-0.024053	796000.000000
128.229167	-0.023144	796200.000000
128.333333	-0.022604	796400.000000
128.437500	-0.022443	796600.000000
128.541667	-0.022224	796800.000000
128.645833	-0.022471	797000.000000
128.750000	-0.022682	797200.000000
128.854167	-0.022822	797400.000000
128.958333	-0.023054	797600.000000
129.062500	-0.022978	797800.000000
129.166667	-0.023543	798000.000000
129.270833	-0.024368	798200.000000
129.375000	-0.025448	798400.000000
129.479167	-0.026625	798600.000000
129.583333	-0.027752	798800.000000
129.687500	-0.028206	799000.000000
129.791667	-0.027958	799200.000000
129.895833	-0.027284	799400.000000
130.000000	-0.026376	799600.000000
130.104167	-0.025568	799800.000000
130.208333	-0.025161	800000.000000
