0.000000	-0.023724	550000.000000
0.104167	-0.023785	550200.000000
0.208333	-0.023678	550400.000000
0.312500	-0.023714	550600.000000
0.416667	-0.023664	550800.000000
0.520833	-0.023813	551000.000000
0.625000	-0.023769	551200.000000
0.729167	-0.023842	551400.000000
0.833333	-0.023757	551600.000000
0.937500	-0.023906	551800.000000
1.041667	-0.023948	552000.000000
1.145833	-0.023856	552200.000000
1.250000	-0.023895	552400.000000
1.354167	-0.023814	552600.000000
1.458333	-0.023990	552800.000000
1.562500	-0.024071	553000.000000
1.666667	-0.023931	553200.000000
1.770833	-0.024086	553400.000000
1.875000	-0.024059	553600.000000
1.979167	-0.024026	553800.000000
2.083333	-0.023952	554000.000000
2.187500	-0.024098	554200.000000
2.291667	-0.023977	554400.000000
2.395833	-0.023891	554600.000000
2.500000	-0.023984	554800.000000
2.604167	-0.023874	555000.000000
2.708333	-0.023856	555200.000000
2.812500	-0.023907	555400.000000
2.916667	-0.023991	555600.000000
3.020833	-0.023915	555800.000000
3.125000	-0.024059	556000.000000
3.229167	-0.024053	556200.000000
3.333333	-0.024001	556400.000000
3.437500	-0.023920	556600.000000
3.541667	-0.024158	556800.000000
3.645833	-0.024144	557000.000000
3.750000	-0.023999	557200.000000
3.854167	-0.023846	557400.000000
3.958333	-0.023816	557600.000000
4.062500	-0.023821	557800.000000
4.166667	-0.023805	558000.000000
4.270833	-0.023749	558200.000000
4.375000	-0.023830	558400.000000
4.479167	-0.023865	558600.000000
4.583333	-0.023650	558800.000000
4.687500	-0.023722	559000.000000
4.791667	-0.023651	559200.000000
4.895833	-0.023588	559400.000000
5.000000	-0.023723	559600.000000
5.104167	-0.023908	559800.000000
5.208333	-0.023759	560000.000000
5.312500	-0.023761	560200.000000
5.416667	-0.023892	560400.000000
5.520833	-0.023836	560600.000000
5.625000	-0.023828	560800.000000
5.729167	-0.023927	561000.000000
5.833333	-0.023799	561200.000000
5.937500	-0.023911	561400.000000
6.041667	-0.023847	561600.000000
6.145833	-0.024019	561800.000000
6.250000	-0.023970	562000.000000
6.354167	-0.024243	562200.000000
6.458333	-0.024144	562400.000000
6.562500	-0.023902	562600.000000
6.666667	-0.024007	562800.000000
6.770833	-0.024049	563000.000000
6.875000	-0.023911	563200.000000
6.979167	-0.024051	563400.000000
7.083333	-0.024132	563600.000000
7.187500	-0.023807	563800.000000
7.291667	-0.023798	564000.000000
7.395833	-0.024006	564200.000000
7.500000	-0.023978	564400.000000
7.604167	-0.023887	564600.000000
7.708333	-0.023846	564800.000000
7.812500	-0.023898	565000.000000
7.916667	-0.023787	565200.000000
8.020833	-0.023730	565400.000000
8.125000	-0.023759	565600.000000
8.229167	-0.023831	565800.000000
8.333333	-0.023715	566000.000000
8.437500	-0.023566	566200.000000
8.541667	-0.023613	566400.000000
8.645833	-0.023908	566600.000000
8.750000	-0.023504	566800.000000
8.854167	-0.023696	567000.000000
8.958333	-0.023626	567200.000000
9.062500	-0.023512	567400.000000
9.166667	-0.023580	567600.000000
9.270833	-0.023695	567800.000000
9.375000	-0.023597	568000.000000
9.479167	-0.023524	568200.000000
9.583333	-0.023572	568400.000000
9.687500	-0.023457	568600.000000
9.791667	-0.023514	568800.000000
9.895833	-0.023574	569000.000000
10.000000	-0.023572	569200.000000
10.104167	-0.023532	569400.000000
10.208333	-0.023740	569600.000000
10.312500	-0.023674	569800.000000
10.416667	-0.023659	570000.000000
10.520833	-0.023563	570200.000000
10.625000	-0.023609	570400.000000
10.729167	-0.023546	570600.000000
10.833333	-0.023710	570800.000000
10.937500	-0.023521	571000.000000
11.041667	-0.023667	571200.000000
11.145833	-0.023516	571400.000000
11.250000	-0.023522	571600.000000
11.354167	-0.023387	571800.000000
11.458333	-0.023586	572000.000000
11.562500	-0.023682	572200.000000
11.666667	-0.023473	572400.000000
11.770833	-0.023524	572600.000000
11.875000	-0.023778	572800.000000
11.979167	-0.023817	573000.000000
12.083333	-0.023566	573200.000000
12.187500	-0.023783	573400.000000
12.291667	-0.023759	573600.000000
12.395833	-0.023745	573800.000000
12.500000	-0.023802	574000.000000
12.604167	-0.023713	574200.000000
12.708333	-0.023629	574400.000000
12.812500	-0.023795	574600.000000
12.916667	-0.023659	574800.000000
13.020833	-0.023867	575000.000000
13.125000	-0.023793	575200.000000
13.229167	-0.023627	575400.000000
13.333333	-0.023564	575600.000000
13.437500	-0.023696	575800.000000
13.541667	-0.023618	576000.000000
13.645833	-0.023680	576200.000000
13.750000	-0.023601	576400.000000
13.854167	-0.023734	576600.000000
13.958333	-0.023610	576800.000000
14.062500	-0.023639	577000.000000
14.166667	-0.023500	577200.000000
14.270833	-0.023694	577400.000000
14.375000	-0.023470	577600.000000
14.479167	-0.023420	577800.000000
14.583333	-0.023401	578000.000000
14.687500	-0.023561	578200.000000
14.791667	-0.023553	578400.000000
14.895833	-0.023502	578600.000000
15.000000	-0.023525	578800.000000
15.104167	-0.023596	579000.000000
15.208333	-0.023391	579200.000000
15.312500	-0.023475	579400.000000
15.416667	-0.023453	579600.000000
15.520833	-0.023455	579800.000000
15.625000	-0.023761	580000.000000
15.729167	-0.023734	580200.000000
15.833333	-0.023673	580400.000000
15.937500	-0.023670	580600.000000
16.041667	-0.023677	580800.000000
16.145833	-0.023610	581000.000000
16.250000	-0.023741	581200.000000
16.354167	-0.023808	581400.000000
16.458333	-0.023830	581600.000000
16.562500	-0.023526	581800.000000
16.666667	-0.023575	582000.000000
16.770833	-0.023536	582200.000000
16.875000	-0.023607	582400.000000
16.979167	-0.023452	582600.000000
17.083333	-0.023695	582800.000000
17.187500	-0.023621	583000.000000
17.291667	-0.023621	583200.000000
17.395833	-0.023593	583400.000000
17.500000	-0.023444	583600.000000
17.604167	-0.023676	583800.000000
17.708333	-0.023779	584000.000000
17.812500	-0.023650	584200.000000
17.916667	-0.023690	584400.000000
18.020833	-0.023469	584600.000000
18.125000	-0.023497	584800.000000
18.229167	-0.023422	585000.000000
18.333333	-0.023291	585200.000000
18.437500	-0.023158	585400.000000
18.541667	-0.023215	585600.000000
18.645833	-0.023118	585800.000000
18.750000	-0.023098	586000.000000
18.854167	-0.022954	586200.000000
18.958333	-0.022952	586400.000000
19.062500	-0.022795	586600.000000
19.166667	-0.022608	586800.000000
19.270833	-0.022542	587000.000000
19.375000	-0.022404	587200.000000
19.479167	-0.022241	587400.000000
19.583333	-0.022307	587600.000000
19.687500	-0.021968	587800.000000
19.791667	-0.021935	588000.000000
19.895833	-0.021652	588200.000000
20.000000	-0.021390	588400.000000
20.104167	-0.021223	588600.000000
20.208333	-0.021095	588800.000000
20.312500	-0.020920	589000.000000
20.416667	-0.020535	589200.000000
20.520833	-0.020237	589400.000000
20.625000	-0.019909	589600.000000
20.729167	-0.019654	589800.000000
20.833333	-0.019504	590000.000000
20.937500	-0.018937	590200.000000
21.041667	-0.018666	590400.000000
21.145833	-0.018352	590600.000000
21.250000	-0.017605	590800.000000
21.354167	-0.016902	591000.000000
21.458333	-0.016173	591200.000000
21.562500	-0.015442	591400.000000
21.666667	-0.014194	591600.000000
21.770833	-0.013379	591800.000000
21.875000	-0.011922	592000.000000
21.979167	-0.010485	592200.000000
22.083333	-0.009247	592400.000000
22.187500	-0.007212	592600.000000
22.291667	-0.005105	592800.000000
22.395833	-0.002863	593000.000000
22.500000	-0.000094	593200.000000
22.604167	0.002815	593400.000000
22.708333	0.006038	593600.000000
22.812500	0.009710	593800.000000
22.916667	0.013874	594000.000000
23.020833	0.018660	594200.000000
23.125000	0.023767	594400.000000
23.229167	0.029258	594600.000000
23.333333	0.035580	594800.000000
23.437500	0.042200	595000.000000
23.541667	0.049277	595200.000000
23.645833	0.056665	595400.000000
23.750000	0.064531	595600.000000
23.854167	0.072499	595800.000000
23.958333	0.080392	596000.000000
24.062500	0.088710	596200.000000
24.166667	0.094965	596400.000000
24.270833	0.095940	596600.000000
24.375000	0.081866	596800.000000
24.479167	0.036068	597000.000000
24.583333	-0.060366	597200.000000
24.687500	-0.216086	597400.000000
24.791667	-0.423522	597600.000000
24.895833	-0.648938	597800.000000
25.000000	-0.837907	598000.000000
25.104167	-0.935507	598200.000000
25.208333	-0.893075	598400.000000
25.312500	-0.711300	598600.000000
25.416667	-0.438260	598800.000000
25.520833	-0.163105	599000.000000
25.625000	0.061394	599200.000000
25.729167	0.209754	599400.000000
25.833333	0.290779	599600.000000
25.937500	0.320041	599800.000000
26.041667	0.312818	600000.000000
26.145833	0.281745	600200.000000
26.250000	0.239931	600400.000000
26.354167	0.198917	600600.000000
26.458333	0.166771	600800.000000
26.562500	0.148203	601000.000000
26.666667	0.141551	601200.000000
26.770833	0.140946	601400.000000
26.875000	0.136877	601600.000000
26.979167	0.120419	601800.000000
27.083333	0.090547	602000.000000
27.187500	0.056189	602200.000000
27.291667	0.030509	602400.000000
27.395833	0.020643	602600.000000
27.500000	0.021539	602800.000000
27.604167	0.024481	603000.000000
27.708333	0.024592	603200.000000
27.812500	0.021365	603400.000000
27.916667	0.015703	603600.000000
28.020833	0.007851	603800.000000
28.125000	-0.000553	604000.000000
28.229167	-0.006003	604200.000000
28.333333	-0.006399	604400.000000
28.437500	-0.000954	604600.000000
28.541667	0.009028	604800.000000
28.645833	0.016209	605000.000000
28.750000	0.015650	605200.000000
28.854167	0.006629	605400.000000
28.958333	-0.006233	605600.000000
29.062500	-0.016427	605800.000000
29.166667	-0.018310	606000.000000
29.270833	-0.014942	606200.000000
29.375000	-0.014051	606400.000000
29.479167	-0.020191	606600.000000
29.583333	-0.030811	606800.000000
29.687500	-0.039472	607000.000000
29.791667	-0.041903	607200.000000
29.895833	-0.039131	607400.000000
30.000000	-0.032846	607600.000000
30.104167	-0.025071	607800.000000
30.208333	-0.017735	608000.000000
30.312500	-0.012026	608200.000000
30.416667	-0.008545	608400.000000
30.520833	-0.007938	608600.000000
30.625000	-0.012854	608800.000000
30.729167	-0.022555	609000.000000
30.833333	-0.032595	609200.000000
30.937500	-0.040076	609400.000000
31.041667	-0.044991	609600.000000
31.145833	-0.047272	609800.000000
31.250000	-0.046254	610000.000000
31.354167	-0.042368	610200.000000
31.458333	-0.037005	610400.000000
31.562500	-0.032239	610600.000000
31.666667	-0.030183	610800.000000
31.770833	-0.031060	611000.000000
31.875000	-0.031908	611200.000000
31.979167	-0.031375	611400.000000
32.083333	-0.029407	611600.000000
32.187500	-0.029147	611800.000000
32.291667	-0.031286	612000.000000
32.395833	-0.034698	612200.000000
32.500000	-0.039624	612400.000000
32.604167	-0.044453	612600.000000
32.708333	-0.047237	612800.000000
32.812500	-0.047647	613000.000000
32.916667	-0.047057	613200.000000
33.020833	-0.046684	613400.000000
33.125000	-0.046484	613600.000000
33.229167	-0.047167	613800.000000
33.333333	-0.047264	614000.000000
33.437500	-0.045410	614200.000000
33.541667	-0.042962	614400.000000
33.645833	-0.041111	614600.000000
33.750000	-0.039163	614800.000000
33.854167	-0.034066	615000.000000
33.958333	-0.025865	615200.000000
34.062500	-0.015401	615400.000000
34.166667	-0.005708	615600.000000
34.270833	-0.000150	615800.000000
34.375000	-0.000069	616000.000000
34.479167	-0.005859	616200.000000
34.583333	-0.014552	616400.000000
34.687500	-0.021961	616600.000000
34.791667	-0.024559	616800.000000
34.895833	-0.022557	617000.000000
35.000000	-0.018384	617200.000000
35.104167	-0.014435	617400.000000
35.208333	-0.011171	617600.000000
35.312500	-0.009671	617800.000000
35.416667	-0.009878	618000.000000
35.520833	-0.011579	618200.000000
35.625000	-0.012770	618400.000000
35.729167	-0.013148	618600.000000
35.833333	-0.013861	618800.000000
35.937500	-0.015299	619000.000000
36.041667	-0.017632	619200.000000
36.145833	-0.021027	619400.000000
36.250000	-0.025755	619600.000000
36.354167	-0.031577	619800.000000
36.458333	-0.037307	620000.000000
36.562500	-0.041987	620200.000000
36.666667	-0.043345	620400.000000
36.770833	-0.040985	620600.000000
36.875000	-0.034405	620800.000000
36.979167	-0.025072	621000.000000
37.083333	-0.017366	621200.000000
37.187500	-0.014933	621400.000000
37.291667	-0.017559	621600.000000
37.395833	-0.023546	621800.000000
37.500000	-0.029148	622000.000000
37.604167	-0.029576	622200.000000
37.708333	-0.024773	622400.000000
37.812500	-0.018611	622600.000000
37.916667	-0.015690	622800.000000
38.020833	-0.018905	623000.000000
38.125000	-0.026722	623200.000000
38.229167	-0.035532	623400.000000
38.333333	-0.041638	623600.000000
38.437500	-0.043241	623800.000000
38.541667	-0.041955	624000.000000
38.645833	-0.039820	624200.000000
38.750000	-0.038047	624400.000000
38.854167	-0.036060	624600.000000
38.958333	-0.035567	624800.000000
39.062500	-0.036699	625000.000000
39.166667	-0.039287	625200.000000
39.270833	-0.040115	625400.000000
39.375000	-0.036326	625600.000000
39.479167	-0.028322	625800.000000
39.583333	-0.020605	626000.000000
39.687500	-0.017583	626200.000000
39.791667	-0.021953	626400.000000
39.895833	-0.031596	626600.000000
40.000000	-0.041388	626800.000000
40.104167	-0.047224	627000.000000
40.208333	-0.049413	627200.000000
40.312500	-0.047964	627400.000000
40.416667	-0.042838	627600.000000
40.520833	-0.034624	627800.000000
40.625000	-0.027012	628000.000000
40.729167	-0.023126	628200.000000
40.833333	-0.024407	628400.000000
40.937500	-0.027473	628600.000000
41.041667	-0.027889	628800.000000
41.145833	-0.021913	629000.000000
41.250000	-0.012547	629200.000000
41.354167	-0.004529	629400.000000
41.458333	-0.005113	629600.000000
41.562500	-0.015657	629800.000000
41.666667	-0.031110	630000.000000
41.770833	-0.043005	630200.000000
41.875000	-0.047909	630400.000000
41.979167	-0.045829	630600.000000
42.083333	-0.038950	630800.000000
42.187500	-0.028927	631000.000000
42.291667	-0.020417	631200.000000
42.395833	-0.015919	631400.000000
42.500000	-0.017018	631600.000000
42.604167	-0.021135	631800.000000
42.708333	-0.024810	632000.000000
42.812500	-0.025888	632200.000000
42.916667	-0.023429	632400.000000
43.020833	-0.017532	632600.000000
43.125000	-0.010505	632800.000000
43.229167	-0.006209	633000.000000
43.333333	-0.007323	633200.000000
43.437500	-0.013627	633400.000000
43.541667	-0.022572	633600.000000
43.645833	-0.030016	633800.000000
43.750000	-0.033748	634000.000000
43.854167	-0.033828	634200.000000
43.958333	-0.031544	634400.000000
44.062500	-0.028226	634600.000000
44.166667	-0.025013	634800.000000
44.270833	-0.022265	635000.000000
44.375000	-0.021150	635200.000000
44.479167	-0.021106	635400.000000
44.583333	-0.019804	635600.000000
44.687500	-0.016156	635800.000000
44.791667	-0.009684	636000.000000
44.895833	-0.002877	636200.000000
45.000000	-0.000713	636400.000000
45.104167	-0.004647	636600.000000
45.208333	-0.012744	636800.000000
45.312500	-0.021301	637000.000000
45.416667	-0.026762	637200.000000
45.520833	-0.028987	637400.000000
45.625000	-0.029782	637600.000000
45.729167	-0.030722	637800.000000
45.833333	-0.030040	638000.000000
45.937500	-0.027632	638200.000000
46.041667	-0.024907	638400.000000
46.145833	-0.020705	638600.000000
46.250000	-0.015965	638800.000000
46.354167	-0.011741	639000.000000
46.458333	-0.008513	639200.000000
46.562500	-0.007628	639400.000000
46.666667	-0.009948	639600.000000
46.770833	-0.013687	639800.000000
46.875000	-0.017598	640000.000000
46.979167	-0.021130	640200.000000
47.083333	-0.023874	640400.000000
47.187500	-0.025965	640600.000000
47.291667	-0.027558	640800.000000
47.395833	-0.028552	641000.000000
47.500000	-0.028434	641200.000000
47.604167	-0.026920	641400.000000
47.708333	-0.025171	641600.000000
47.812500	-0.024124	641800.000000
47.916667	-0.023974	642000.000000
48.020833	-0.023556	642200.000000
48.125000	-0.021663	642400.000000
48.229167	-0.019541	642600.000000
48.333333	-0.017775	642800.000000
48.437500	-0.016925	643000.000000
48.541667	-0.017656	643200.000000
48.645833	-0.019868	643400.000000
48.750000	-0.021948	643600.000000
48.854167	-0.022809	643800.000000
48.958333	-0.022480	644000.000000
49.062500	-0.022630	644200.000000
49.166667	-0.023945	644400.000000
49.270833	-0.026949	644600.000000
49.375000	-0.030444	644800.000000
49.479167	-0.032257	645000.000000
49.583333	-0.031916	645200.000000
49.687500	-0.029414	645400.000000
49.791667	-0.025202	645600.000000
49.895833	-0.020529	645800.000000
50.000000	-0.016659	646000.000000
50.104167	-0.014234	646200.000000
50.208333	-0.013321	646400.000000
50.312500	-0.014793	646600.000000
50.416667	-0.017257	646800.000000
50.520833	-0.018718	647000.000000
50.625000	-0.019123	647200.000000
50.729167	-0.021239	647400.000000
50.833333	-0.026654	647600.000000
50.937500	-0.033495	647800.000000
51.041667	-0.037470	648000.000000
51.145833	-0.036863	648200.000000
51.250000	-0.033074	648400.000000
51.354167	-0.028016	648600.000000
51.458333	-0.022864	648800.000000
51.562500	-0.018098	649000.000000
51.666667	-0.014824	649200.000000
51.770833	-0.013865	649400.000000
51.875000	-0.014964	649600.000000
51.979167	-0.017577	649800.000000
52.083333	-0.021460	650000.000000
52.187500	-0.024369	650200.000000
52.291667	-0.024730	650400.000000
52.395833	-0.023489	650600.000000
52.500000	-0.022219	650800.000000
52.604167	-0.023195	651000.000000
52.708333	-0.026472	651200.000000
52.812500	-0.030448	651400.000000
52.916667	-0.033097	651600.000000
53.020833	-0.033080	651800.000000
53.125000	-0.030585	652000.000000
53.229167	-0.026658	652200.000000
53.333333	-0.021752	652400.000000
53.437500	-0.019072	652600.000000
53.541667	-0.019044	652800.000000
53.645833	-0.022857	653000.000000
53.750000	-0.026872	653200.000000
53.854167	-0.028336	653400.000000
53.958333	-0.026644	653600.000000
54.062500	-0.023877	653800.000000
54.166667	-0.021003	654000.000000
54.270833	-0.020065	654200.000000
54.375000	-0.022596	654400.000000
54.479167	-0.027699	654600.000000
54.583333	-0.032752	654800.000000
54.687500	-0.036479	655000.000000
54.791667	-0.037535	655200.000000
54.895833	-0.035855	655400.000000
55.000000	-0.032698	655600.000000
55.104167	-0.028130	655800.000000
55.208333	-0.022957	656000.000000
55.312500	-0.019771	656200.000000
55.416667	-0.018153	656400.000000
55.520833	-0.017162	656600.000000
55.625000	-0.016784	656800.000000
55.729167	-0.017474	657000.000000
55.833333	-0.019717	657200.000000
55.937500	-0.022071	657400.000000
56.041667	-0.024347	657600.000000
56.145833	-0.027084	657800.000000
56.250000	-0.030491	658000.000000
56.354167	-0.033699	658200.000000
56.458333	-0.035143	658400.000000
56.562500	-0.034642	658600.000000
56.666667	-0.032283	658800.000000
56.770833	-0.027810	659000.000000
56.875000	-0.023074	659200.000000
56.979167	-0.019796	659400.000000
57.083333	-0.018373	659600.000000
57.187500	-0.018808	659800.000000
57.291667	-0.019975	660000.000000
57.395833	-0.020260	660200.000000
57.500000	-0.020257	660400.000000
57.604167	-0.020858	660600.000000
57.708333	-0.021693	660800.000000
57.812500	-0.023310	661000.000000
57.916667	-0.024761	661200.000000
58.020833	-0.026494	661400.000000
58.125000	-0.027504	661600.000000
58.229167	-0.027152	661800.000000
58.333333	-0.025660	662000.000000
58.437500	-0.023939	662200.000000
58.541667	-0.024002	662400.000000
58.645833	-0.024751	662600.000000
58.750000	-0.024340	662800.000000
58.854167	-0.022204	663000.000000
58.958333	-0.019759	663200.000000
59.062500	-0.018380	663400.000000
59.166667	-0.018426	663600.000000
59.270833	-0.018744	663800.000000
59.375000	-0.018264	664000.000000
59.479167	-0.017812	664200.000000
59.583333	-0.017985	664400.000000
59.687500	-0.018709	664600.000000
59.791667	-0.020781	664800.000000
59.895833	-0.023645	665000.000000
60.000000	-0.027235	665200.000000
60.104167	-0.030093	665400.000000
60.208333	-0.030832	665600.000000
60.312500	-0.029648	665800.000000
60.416667	-0.026358	666000.000000
60.520833	-0.022032	666200.000000
60.625000	-0.017466	666400.000000
60.729167	-0.014342	666600.000000
60.833333	-0.013338	666800.000000
60.937500	-0.014029	667000.000000
61.041667	-0.015639	667200.000000
61.145833	-0.017260	667400.000000
61.250000	-0.018692	667600.000000
61.354167	-0.019759	667800.000000
61.458333	-0.021697	668000.000000
61.562500	-0.023990	668200.000000
61.666667	-0.026721	668400.000000
61.770833	-0.028323	668600.000000
61.875000	-0.028553	668800.000000
61.979167	-0.027411	669000.000000
62.083333	-0.025987	669200.000000
62.187500	-0.024090	669400.000000
62.291667	-0.021333	669600.000000
62.395833	-0.018100	669800.000000
62.500000	-0.015192	670000.000000
62.604167	-0.014438	670200.000000
62.708333	-0.016592	670400.000000
62.812500	-0.020210	670600.000000
62.916667	-0.023509	670800.000000
63.020833	-0.024941	671000.000000
63.125000	-0.024725	671200.000000
63.229167	-0.023766	671400.000000
63.333333	-0.023101	671600.000000
63.437500	-0.023528	671800.000000
63.541667	-0.024005	672000.000000
63.645833	-0.025397	672200.000000
63.750000	-0.026320	672400.000000
63.854167	-0.027036	672600.000000
63.958333	-0.027775	672800.000000
64.062500	-0.027755	673000.000000
64.166667	-0.027109	673200.000000
64.270833	-0.025566	673400.000000
64.375000	-0.023622	673600.000000
64.479167	-0.021692	673800.000000
64.583333	-0.020503	674000.000000
64.687500	-0.020242	674200.000000
64.791667	-0.021076	674400.000000
64.895833	-0.023317	674600.000000
65.000000	-0.025807	674800.000000
65.104167	-0.027955	675000.000000
65.208333	-0.029356	675200.000000
65.312500	-0.029849	675400.000000
65.416667	-0.030502	675600.000000
65.520833	-0.031299	675800.000000
65.625000	-0.031497	676000.000000
65.729167	-0.031431	676200.000000
65.833333	-0.031158	676400.000000
65.937500	-0.029961	676600.000000
66.041667	-0.026862	676800.000000
66.145833	-0.023051	677000.000000
66.250000	-0.020200	677200.000000
66.354167	-0.020207	677400.000000
66.458333	-0.023104	677600.000000
66.562500	-0.027526	677800.000000
66.666667	-0.031462	678000.000000
66.770833	-0.033868	678200.000000
66.875000	-0.034723	678400.000000
66.979167	-0.034349	678600.000000
67.083333	-0.033632	678800.000000
67.187500	-0.032517	679000.000000
67.291667	-0.030544	679200.000000
67.395833	-0.029108	679400.000000
67.500000	-0.027917	679600.000000
67.604167	-0.027173	679800.000000
67.708333	-0.025786	680000.000000
67.812500	-0.023110	680200.000000
67.916667	-0.020252	680400.000000
68.020833	-0.018290	680600.000000
68.125000	-0.018028	680800.000000
68.229167	-0.019623	681000.000000
68.333333	-0.021734	681200.000000
68.437500	-0.023488	681400.000000
68.541667	-0.024093	681600.000000
68.645833	-0.022590	681800.000000
68.750000	-0.020178	682000.000000
68.854167	-0.018364	682200.000000
68.958333	-0.018504	682400.000000
69.062500	-0.020970	682600.000000
69.166667	-0.024678	682800.000000
69.270833	-0.027891	683000.000000
69.375000	-0.028621	683200.000000
69.479167	-0.026609	683400.000000
69.583333	-0.022277	683600.000000
69.687500	-0.017599	683800.000000
69.791667	-0.015155	684000.000000
69.895833	-0.015593	684200.000000
70.000000	-0.018006	684400.000000
70.104167	-0.021407	684600.000000
70.208333	-0.023857	684800.000000
70.312500	-0.024694	685000.000000
70.416667	-0.024034	685200.000000
70.520833	-0.023351	685400.000000
70.625000	-0.023928	685600.000000
70.729167	-0.026691	685800.000000
70.833333	-0.030431	686000.000000
70.937500	-0.033578	686200.000000
71.041667	-0.034535	686400.000000
71.145833	-0.033137	686600.000000
71.250000	-0.029514	686800.000000
71.354167	-0.025673	687000.000000
71.458333	-0.022104	687200.000000
71.562500	-0.020181	687400.000000
71.666667	-0.020996	687600.000000
71.770833	-0.023650	687800.000000
71.875000	-0.027408	688000.000000
71.979167	-0.031461	688200.000000
72.083333	-0.034596	688400.000000
72.187500	-0.036786	688600.000000
72.291667	-0.037722	688800.000000
72.395833	-0.038207	689000.000000
72.500000	-0.038244	689200.000000
72.604167	-0.038595	689400.000000
72.708333	-0.038922	689600.000000
72.812500	-0.038438	689800.000000
72.916667	-0.036931	690000.000000
73.020833	-0.034928	690200.000000
73.125000	-0.032142	690400.000000
73.229167	-0.029484	690600.000000
73.333333	-0.027281	690800.000000
73.437500	-0.025760	691000.000000
73.541667	-0.024782	691200.000000
73.645833	-0.023172	691400.000000
73.750000	-0.021458	691600.000000
73.854167	-0.019675	691800.000000
73.958333	-0.018052	692000.000000
74.062500	-0.017118	692200.000000
74.166667	-0.016226	692400.000000
74.270833	-0.015266	692600.000000
74.375000	-0.014202	692800.000000
74.479167	-0.012895	693000.000000
74.583333	-0.011822	693200.000000
74.687500	-0.011627	693400.000000
74.791667	-0.012568	693600.000000
74.895833	-0.013937	693800.000000
75.000000	-0.014405	694000.000000
75.104167	-0.014128	694200.000000
75.208333	-0.013260	694400.000000
75.312500	-0.012651	694600.000000
75.416667	-0.012531	694800.000000
75.520833	-0.013562	695000.000000
75.625000	-0.016098	695200.000000
75.729167	-0.019777	695400.000000
75.833333	-0.023774	695600.000000
75.937500	-0.027502	695800.000000
76.041667	-0.029922	696000.000000
76.145833	-0.031383	696200.000000
76.250000	-0.031916	696400.000000
76.354167	-0.032088	696600.000000
76.458333	-0.032194	696800.000000
76.562500	-0.031514	697000.000000
76.666667	-0.029922	697200.000000
76.770833	-0.027728	697400.000000
76.875000	-0.024932	697600.000000
76.979167	-0.022359	697800.000000
77.083333	-0.021028	698000.000000
77.187500	-0.021197	698200.000000
77.291667	-0.022931	698400.000000
77.395833	-0.025250	698600.000000
77.500000	-0.027314	698800.000000
77.604167	-0.028080	699000.000000
77.708333	-0.027552	699200.000000
77.812500	-0.026360	699400.000000
77.916667	-0.024599	699600.000000
78.020833	-0.022899	699800.000000
78.125000	-0.022089	700000.000000
78.229167	-0.022634	700200.000000
78.333333	-0.023691	700400.000000
78.437500	-0.024742	700600.000000
78.541667	-0.024757	700800.000000
78.645833	-0.023276	701000.000000
78.750000	-0.021957	701200.000000
78.854167	-0.021690	701400.000000
78.958333	-0.022821	701600.000000
79.062500	-0.025170	701800.000000
79.166667	-0.027528	702000.000000
79.270833	-0.028801	702200.000000
79.375000	-0.028160	702400.000000
79.479167	-0.025988	702600.000000
79.583333	-0.023557	702800.000000
79.687500	-0.022252	703000.000000
79.791667	-0.022540	703200.000000
79.895833	-0.024004	703400.000000
80.000000	-0.025629	703600.000000
80.104167	-0.026639	703800.000000
80.208333	-0.026330	704000.000000
80.312500	-0.024849	704200.000000
80.416667	-0.022052	704400.000000
80.520833	-0.018529	704600.000000
80.625000	-0.015378	704800.000000
80.729167	-0.014060	705000.000000
80.833333	-0.014284	705200.000000
80.937500	-0.016100	705400.000000
81.041667	-0.018519	705600.000000
81.145833	-0.021034	705800.000000
81.250000	-0.022671	706000.000000
81.354167	-0.023747	706200.000000
81.458333	-0.024401	706400.000000
81.562500	-0.024267	706600.000000
81.666667	-0.023378	706800.000000
81.770833	-0.021918	707000.000000
81.875000	-0.020705	707200.000000
81.979167	-0.019747	707400.000000
82.083333	-0.019070	707600.000000
82.187500	-0.017812	707800.000000
82.291667	-0.015838	708000.000000
82.395833	-0.014152	708200.000000
82.500000	-0.013392	708400.000000
82.604167	-0.014371	708600.000000
82.708333	-0.016601	708800.000000
82.812500	-0.018922	709000.000000
82.916667	-0.020694	709200.000000
83.020833	-0.021730	709400.000000
83.125000	-0.022705	709600.000000
83.229167	-0.022934	709800.000000
83.333333	-0.022299	710000.000000
83.437500	-0.021349	710200.000000
83.541667	-0.020586	710400.000000
83.645833	-0.020404	710600.000000
83.750000	-0.021114	710800.000000
83.854167	-0.021815	711000.000000
83.958333	-0.022414	711200.000000
84.062500	-0.022349	711400.000000
84.166667	-0.022219	711600.000000
84.270833	-0.021542	711800.000000
84.375000	-0.020993	712000.000000
84.479167	-0.021014	712200.000000
84.583333	-0.021691	712400.000000
84.687500	-0.022863	712600.000000
84.791667	-0.024413	712800.000000
84.895833	-0.025333	713000.000000
85.000000	-0.025503	713200.000000
85.104167	-0.025816	713400.000000
85.208333	-0.026126	713600.000000
85.312500	-0.026790	713800.000000
85.416667	-0.027816	714000.000000
85.520833	-0.028866	714200.000000
85.625000	-0.028489	714400.000000
85.729167	-0.027246	714600.000000
85.833333	-0.024866	714800.000000
85.937500	-0.022255	715000.000000
86.041667	-0.020831	715200.000000
86.145833	-0.021000	715400.000000
86.250000	-0.022990	715600.000000
86.354167	-0.025436	715800.000000
86.458333	-0.028058	716000.000000
86.562500	-0.030176	716200.000000
86.666667	-0.030827	716400.000000
86.770833	-0.030521	716600.000000
86.875000	-0.029691	716800.000000
86.979167	-0.029212	717000.000000
87.083333	-0.029306	717200.000000
87.187500	-0.029966	717400.000000
87.291667	-0.029859	717600.000000
87.395833	-0.029380	717800.000000
87.500000	-0.027899	718000.000000
87.604167	-0.026148	718200.000000
87.708333	-0.024342	718400.000000
87.812500	-0.023696	718600.000000
87.916667	-0.024388	718800.000000
88.020833	-0.025917	719000.000000
88.125000	-0.028121	719200.000000
88.229167	-0.030555	719400.000000
88.333333	-0.031697	719600.000000
88.437500	-0.031842	719800.000000
88.541667	-0.030610	720000.000000
88.645833	-0.028729	720200.000000
88.750000	-0.027457	720400.000000
88.854167	-0.026949	720600.000000
88.958333	-0.027345	720800.000000
89.062500	-0.028025	721000.000000
89.166667	-0.028063	721200.000000
89.270833	-0.027366	721400.000000
89.375000	-0.026031	721600.000000
89.479167	-0.024538	721800.000000
89.583333	-0.023476	722000.000000
89.687500	-0.022939	722200.000000
89.791667	-0.022569	722400.000000
89.895833	-0.023144	722600.000000
90.000000	-0.023813	722800.000000
90.104167	-0.024618	723000.000000
90.208333	-0.025639	723200.000000
90.312500	-0.026292	723400.000000
90.416667	-0.027369	723600.000000
90.520833	-0.028044	723800.000000
90.625000	-0.028465	724000.000000
90.729167	-0.028472	724200.000000
90.833333	-0.028285	724400.000000
90.937500	-0.027650	724600.000000
91.041667	-0.026558	724800.000000
91.145833	-0.025168	725000.000000
91.250000	-0.024032	725200.000000
91.354167	-0.023089	725400.000000
91.458333	-0.022442	725600.000000
91.562500	-0.022180	725800.000000
91.666667	-0.022449	726000.000000
91.770833	-0.023140	726200.000000
91.875000	-0.024824	726400.000000
91.979167	-0.026656	726600.000000
92.083333	-0.028264	726800.000000
92.187500	-0.029257	727000.000000
92.291667	-0.029394	727200.000000
92.395833	-0.028706	727400.000000
92.500000	-0.027976	727600.000000
92.604167	-0.026769	727800.000000
92.708333	-0.025364	728000.000000
92.812500	-0.024055	728200.000000
92.916667	-0.022871	728400.000000
93.020833	-0.022138	728600.000000
93.125000	-0.022161	728800.000000
93.229167	-0.022448	729000.000000
93.333333	-0.022850	729200.000000
93.437500	-0.023363	729400.000000
93.541667	-0.023683	729600.000000
93.645833	-0.023572	729800.000000
93.750000	-0.023939	730000.000000
93.854167	-0.023939	730200.000000
93.958333	-0.023836	730400.000000
94.062500	-0.023833	730600.000000
94.166667	-0.023589	730800.000000
94.270833	-0.023385	731000.000000
94.375000	-0.023208	731200.000000
94.479167	-0.023432	731400.000000
94.583333	-0.023230	731600.000000
94.687500	-0.023271	731800.000000
94.791667	-0.023376	732000.000000
94.895833	-0.023384	732200.000000
95.000000	-0.022812	732400.000000
95.104167	-0.022391	732600.000000
95.208333	-0.022138	732800.000000
95.312500	-0.022533	733000.000000
95.416667	-0.023711	733200.000000
95.520833	-0.025186	733400.000000
95.625000	-0.026072	733600.000000
95.729167	-0.026616	733800.000000
95.833333	-0.026641	734000.000000
95.937500	-0.026264	734200.000000
96.041667	-0.025835	734400.000000
96.145833	-0.025334	734600.000000
96.250000	-0.025013	734800.000000
96.354167	-0.024252	735000.000000
96.458333	-0.023232	735200.000000
96.562500	-0.022426	735400.000000
96.666667	-0.021304	735600.000000
96.770833	-0.020179	735800.000000
96.875000	-0.019523	736000.000000
96.979167	-0.019724	736200.000000
97.083333	-0.021164	736400.000000
97.187500	-0.023270	736600.000000
97.291667	-0.025606	736800.000000
97.395833	-0.027806	737000.000000
97.500000	-0.028687	737200.000000
97.604167	-0.028888	737400.000000
97.708333	-0.028106	737600.000000
97.812500	-0.026677	737800.000000
97.916667	-0.025122	738000.000000
98.020833	-0.023491	738200.000000
98.125000	-0.022518	738400.000000
98.229167	-0.022273	738600.000000
98.333333	-0.022330	738800.000000
98.437500	-0.022307	739000.000000
98.541667	-0.021710	739200.000000
98.645833	-0.021081	739400.000000
98.750000	-0.020458	739600.000000
98.854167	-0.020740	739800.000000
98.958333	-0.021216	740000.000000
99.062500	-0.022416	740200.000000
99.166667	-0.023750	740400.000000
99.270833	-0.024752	740600.000000
99.375000	-0.025103	740800.000000
99.479167	-0.025239	741000.000000
99.583333	-0.025264	741200.000000
99.687500	-0.025489	741400.000000
99.791667	-0.025841	741600.000000
99.895833	-0.025973	741800.000000
100.000000	-0.026242	742000.000000
100.104167	-0.026098	742200.000000
100.208333	-0.025579	742400.000000
100.312500	-0.024822	742600.000000
100.416667	-0.023601	742800.000000
100.520833	-0.022614	743000.000000
100.625000	-0.021933	743200.000000
100.729167	-0.022359	743400.000000
100.833333	-0.023160	743600.000000
100.937500	-0.024311	743800.000000
101.041667	-0.025215	744000.000000
101.145833	-0.025933	744200.000000
101.250000	-0.026135	744400.000000
101.354167	-0.026399	744600.000000
101.458333	-0.026603	744800.000000
101.562500	-0.026453	745000.000000
101.666667	-0.026106	745200.000000
101.770833	-0.025679	745400.000000
101.875000	-0.024868	745600.000000
101.979167	-0.023410	745800.000000
102.083333	-0.022199	746000.000000
102.187500	-0.021384	746200.000000
102.291667	-0.021197	746400.000000
102.395833	-0.021994	746600.000000
102.500000	-0.023433	746800.000000
102.604167	-0.024698	747000.000000
102.708333	-0.025688	747200.000000
102.812500	-0.026087	747400.000000
102.916667	-0.025795	747600.000000
103.020833	-0.025627	747800.000000
103.125000	-0.025385	748000.000000
103.229167	-0.025278	748200.000000
103.333333	-0.025632	748400.000000
103.437500	-0.025940	748600.000000
103.541667	-0.025853	748800.000000
103.645833	-0.025488	749000.000000
103.750000	-0.024956	749200.000000
103.854167	-0.024439	749400.000000
103.958333	-0.024304	749600.000000
104.062500	-0.024573	749800.000000
104.166667	-0.025040	750000.000000
104.270833	-0.025559	750200.000000
104.375000	-0.025717	750400.000000
104.479167	-0.026023	750600.000000
104.583333	-0.025887	750800.000000
104.687500	-0.025840	751000.000000
104.791667	-0.025643	751200.000000
104.895833	-0.025310	751400.000000
105.000000	-0.025152	751600.000000
105.104167	-0.025235	751800.000000
105.208333	-0.025671	752000.000000
105.312500	-0.025745	752200.000000
105.416667	-0.025472	752400.000000
105.520833	-0.024604	752600.000000
105.625000	-0.023132	752800.000000
105.729167	-0.021943	753000.000000
105.833333	-0.021140	753200.000000
105.937500	-0.020629	753400.000000
106.041667	-0.020307	753600.000000
106.145833	-0.020254	753800.000000
106.250000	-0.021178	754000.000000
106.354167	-0.022209	754200.000000
106.458333	-0.023108	754400.000000
106.562500	-0.023616	754600.000000
106.666667	-0.023876	754800.000000
106.770833	-0.023711	755000.000000
106.875000	-0.023437	755200.000000
106.979167	-0.023084	755400.000000
107.083333	-0.022599	755600.000000
107.187500	-0.022448	755800.000000
107.291667	-0.021705	756000.000000
107.395833	-0.021178	756200.000000
107.500000	-0.021249	756400.000000
107.604167	-0.021467	756600.000000
107.708333	-0.021945	756800.000000
107.812500	-0.022409	757000.000000
107.916667	-0.023218	757200.000000
108.020833	-0.024127	757400.000000
108.125000	-0.025204	757600.000000
108.229167	-0.025951	757800.000000
108.333333	-0.025953	758000.000000
108.437500	-0.025351	758200.000000
108.541667	-0.024539	758400.000000
108.645833	-0.023417	758600.000000
108.750000	-0.022755	758800.000000
108.854167	-0.022067	759000.000000
108.958333	-0.021633	759200.000000
109.062500	-0.021035	759400.000000
109.166667	-0.020466	759600.000000
109.270833	-0.020171	759800.000000
109.375000	-0.019865	760000.000000
109.479167	-0.020467	760200.000000
109.583333	-0.021241	760400.000000
109.687500	-0.021786	760600.000000
109.791667	-0.022675	760800.000000
109.895833	-0.023257	761000.000000
110.000000	-0.023336	761200.000000
110.104167	-0.023613	761400.000000
110.208333	-0.023974	761600.000000
110.312500	-0.024249	761800.000000
110.416667	-0.025019	762000.000000
110.520833	-0.026179	762200.000000
110.625000	-0.026653	762400.000000
110.729167	-0.026423	762600.000000
110.833333	-0.025557	762800.000000
110.937500	-0.024157	763000.000000
111.041667	-0.022990	763200.000000
111.145833	-0.022160	763400.000000
111.250000	-0.021721	763600.000000
111.354167	-0.022031	763800.000000
111.458333	-0.022688	764000.000000
111.562500	-0.023430	764200.000000
111.666667	-0.024352	764400.000000
111.770833	-0.024482	764600.000000
111.875000	-0.024041	764800.000000
111.979167	-0.023595	765000.000000
112.083333	-0.023463	765200.000000
112.187500	-0.023078	765400.000000
112.291667	-0.022831	765600.000000
112.395833	-0.022601	765800.000000
112.500000	-0.021678	766000.000000
112.604167	-0.020328	766200.000000
112.708333	-0.019493	766400.000000
112.812500	-0.019073	766600.000000
112.916667	-0.019082	766800.000000
113.020833	-0.019798	767000.000000
113.125000	-0.021039	767200.000000
113.229167	-0.022201	767400.000000
113.333333	-0.023409	767600.000000
113.437500	-0.024053	767800.000000
113.541667	-0.024343	768000.000000
113.645833	-0.023940	768200.000000
113.750000	-0.023793	768400.000000
113.854167	-0.023810	768600.000000
113.958333	-0.024248	768800.000000
114.062500	-0.024475	769000.000000
114.166667	-0.024236	769200.000000
114.270833	-0.024020	769400.000000
114.375000	-0.023603	769600.000000
114.479167	-0.023625	769800.000000
114.583333	-0.023993	770000.000000
114.687500	-0.024557	770200.000000
114.791667	-0.024535	770400.000000
114.895833	-0.024697	770600.000000
115.000000	-0.024544	770800.000000
115.104167	-0.024532	771000.000000
115.208333	-0.024972	771200.000000
115.312500	-0.025765	771400.000000
115.416667	-0.026615	771600.000000
115.520833	-0.027920	771800.000000
115.625000	-0.029320	772000.000000
115.729167	-0.030374	772200.000000
115.833333	-0.031551	772400.000000
115.937500	-0.032562	772600.000000
116.041667	-0.033241	772800.000000
116.145833	-0.033826	773000.000000
116.250000	-0.033972	773200.000000
116.354167	-0.033954	773400.000000
116.458333	-0.033874	773600.000000
116.562500	-0.033723	773800.000000
116.666667	-0.032979	774000.000000
116.770833	-0.032016	774200.000000
116.875000	-0.031437	774400.000000
116.979167	-0.031496	774600.000000
117.083333	-0.031422	774800.000000
117.187500	-0.031624	775000.000000
117.291667	-0.030932	775200.000000
117.395833	-0.030026	775400.000000
117.500000	-0.028740	775600.000000
117.604167	-0.027555	775800.000000
117.708333	-0.025880	776000.000000
117.812500	-0.023786	776200.000000
117.916667	-0.021467	776400.000000
118.020833	-0.019258	776600.000000
118.125000	-0.017826	776800.000000
118.229167	-0.017152	777000.000000
118.333333	-0.016799	777200.000000
118.437500	-0.017271	777400.000000
118.541667	-0.018255	777600.000000
118.645833	-0.019931	777800.000000
118.750000	-0.021948	778000.000000
118.854167	-0.024259	778200.000000
118.958333	-0.026109	778400.000000
119.062500	-0.027107	778600.000000
119.166667	-0.027516	778800.000000
119.270833	-0.027540	779000.000000
119.375000	-0.027865	779200.000000
119.479167	-0.028694	779400.000000
119.583333	-0.029719	779600.000000
119.687500	-0.030424	779800.000000
119.791667	-0.030802	780000.000000
119.895833	-0.030451	780200.000000
120.000000	-0.029984	780400.000000
120.104167	-0.028997	780600.000000
120.208333	-0.027693	780800.000000
120.312500	-0.026912	781000.000000
120.416667	-0.026646	781200.000000
120.520833	-0.026459	781400.000000
120.625000	-0.026642	781600.000000
120.729167	-0.026688	781800.000000
120.833333	-0.026566	782000.000000
120.937500	-0.026117	782200.000000
121.041667	-0.025894	782400.000000
121.145833	-0.025733	782600.000000
121.250000	-0.026260	782800.000000
121.354167	-0.026435	783000.000000
121.458333	-0.025971	783200.000000
121.562500	-0.025007	783400.000000
121.666667	-0.023409	783600.000000
121.770833	-0.021926	783800.000000
121.875000	-0.020176	784000.000000
121.979167	-0.019378	784200.000000
122.083333	-0.019413	784400.000000
122.187500	-0.019884	784600.000000
122.291667	-0.020673	784800.000000
122.395833	-0.021788	785000.000000
122.500000	-0.022822	785200.000000
122.604167	-0.023901	785400.000000
122.708333	-0.024917	785600.000000
122.812500	-0.025405	785800.000000
122.916667	-0.025781	786000.000000
123.020833	-0.025499	786200.000000
123.125000	-0.024955	786400.000000
123.229167	-0.024239	786600.000000
123.333333	-0.023499	786800.000000
123.437500	-0.022810	787000.000000
123.541667	-0.021981	787200.000000
123.645833	-0.021656	787400.000000
123.750000	-0.021369	787600.000000
123.854167	-0.021388	787800.000000
123.958333	-0.021413	788000.000000
124.062500	-0.021630	788200.000000
124.166667	-0.021861	788400.000000
124.270833	-0.022109	788600.000000
124.375000	-0.022511	788800.000000
124.479167	-0.022998	789000.000000
124.583333	-0.023975	789200.000000
124.687500	-0.024290	789400.000000
124.791667	-0.024648	789600.000000
124.895833	-0.024927	789800.000000
125.000000	-0.024929	790000.000000
125.104167	-0.025071	790200.000000
125.208333	-0.025026	790400.000000
125.312500	-0.025073	790600.000000
125.416667	-0.024748	790800.000000
125.520833	-0.024273	791000.000000
125.625000	-0.023616	791200.000000
125.729167	-0.023311	791400.000000
125.833333	-0.023220	791600.000000
125.937500	-0.023822	791800.000000
126.041667	-0.024570	792000.000000
126.145833	-0.025666	792200.000000
126.250000	-0.026785	792400.000000
126.354167	-0.027614	792600.000000
126.458333	-0.028385	792800.000000
126.562500	-0.028834	793000.000000
126.666667	-0.029203	793200.000000
126.770833	-0.029166	793400.000000
126.875000	-0.028794	793600.000000
126.979167	-0.027952	793800.000000
127.083333	-0.027279	794000.000000
127.187500	-0.026516	794200.000000
127.291667	-0.025729	794400.000000
127.395833	-0.025072	794600.000000
127.500000	-0.024625	794800.000000
127.604167	-0.024745	795000.000000
127.708333	-0.025235	795200.000000
127.812500	-0.025754	795400.000000
127.916667	-0.025922	795600.000000
128.020833	-0.026010	795800.000000
128.125000	-0.025720	796000.000000
128.229167	-0.024775	796200.000000
128.333333	-0.024219	796400.000000
128.437500	-0.023967	796600.000000
128.541667	-0.023851	796800.000000
128.645833	-0.023920	797000.000000
128.750000	-0.024021	797200.000000
128.854167	-0.023879	797400.000000
128.958333	-0.024051	797600.000000
129.062500	-0.024213	797800.000000
129.166667	-0.024368	798000.000000
129.270833	-0.024992	798200.000000
129.375000	-0.025988	798400.000000
129.479167	-0.027351	798600.000000
129.583333	-0.028339	798800.000000
129.687500	-0.028756	799000.000000
129.791667	-0.028918	799200.000000
129.895833	-0.027952	799400.000000
130.000000	-0.027379	799600.000000
130.104167	-0.026474	799800.000000
130.208333	-0.026173	800000.000000
