0.000000	-0.023558	550000.000000
0.104167	-0.023564	550200.000000
0.208333	-0.023467	550400.000000
0.312500	-0.023388	550600.000000
0.416667	-0.023474	550800.000000
0.520833	-0.023474	551000.000000
0.625000	-0.023263	551200.000000
0.729167	-0.023495	551400.000000
0.833333	-0.023540	551600.000000
0.937500	-0.023334	551800.000000
1.041667	-0.023557	552000.000000
1.145833	-0.023797	552200.000000
1.250000	-0.023572	552400.000000
1.354167	-0.023767	552600.000000
1.458333	-0.023711	552800.000000
1.562500	-0.024021	553000.000000
1.666667	-0.023859	553200.000000
1.770833	-0.023720	553400.000000
1.875000	-0.023907	553600.000000
1.979167	-0.024065	553800.000000
2.083333	-0.023912	554000.000000
2.187500	-0.023678	554200.000000
2.291667	-0.023826	554400.000000
2.395833	-0.023766	554600.000000
2.500000	-0.023612	554800.000000
2.604167	-0.023763	555000.000000
2.708333	-0.023672	555200.000000
2.812500	-0.023616	555400.000000
2.916667	-0.023807	555600.000000
3.020833	-0.023648	555800.000000
3.125000	-0.023869	556000.000000
3.229167	-0.023681	556200.000000
3.333333	-0.023660	556400.000000
3.437500	-0.023829	556600.000000
3.541667	-0.023609	556800.000000
3.645833	-0.023992	557000.000000
3.750000	-0.023719	557200.000000
3.854167	-0.023866	557400.000000
3.958333	-0.023755	557600.000000
4.062500	-0.023923	557800.000000
4.166667	-0.023860	558000.000000
4.270833	-0.023727	558200.000000
4.375000	-0.023603	558400.000000
4.479167	-0.023609	558600.000000
4.583333	-0.023613	558800.000000
4.687500	-0.023563	559000.000000
4.791667	-0.023433	559200.000000
4.895833	-0.023791	559400.000000
5.000000	-0.023637	559600.000000
5.104167	-0.023679	559800.000000
5.208333	-0.023617	560000.000000
5.312500	-0.023683	560200.000000
5.416667	-0.023322	560400.000000
5.520833	-0.023462	560600.000000
5.625000	-0.023614	560800.000000
5.729167	-0.023657	561000.000000
5.833333	-0.023586	561200.000000
5.937500	-0.023690	561400.000000
6.041667	-0.023580	561600.000000
6.145833	-0.023553	561800.000000
6.250000	-0.023491	562000.000000
6.354167	-0.023639	562200.000000
6.458333	-0.023667	562400.000000
6.562500	-0.023624	562600.000000
6.666667	-0.023594	562800.000000
6.770833	-0.023584	563000.000000
6.875000	-0.023813	563200.000000
6.979167	-0.023843	563400.000000
7.083333	-0.023897	563600.000000
7.187500	-0.023893	563800.000000
7.291667	-0.023683	564000.000000
7.395833	-0.023552	564200.000000
7.500000	-0.023739	564400.000000
7.604167	-0.023769	564600.000000
7.708333	-0.023730	564800.000000
7.812500	-0.023966	565000.000000
7.916667	-0.023647	565200.000000
8.020833	-0.023704	565400.000000
8.125000	-0.023774	565600.000000
8.229167	-0.023795	565800.000000
8.333333	-0.023539	566000.000000
8.437500	-0.023639	566200.000000
8.541667	-0.023696	566400.000000
8.645833	-0.023463	566600.000000
8.750000	-0.023730	566800.000000
8.854167	-0.023709	567000.000000
8.958333	-0.023633	567200.000000
9.062500	-0.023635	567400.000000
9.166667	-0.023879	567600.000000
9.270833	-0.023771	567800.000000
9.375000	-0.023762	568000.000000
9.479167	-0.023576	568200.000000
9.583333	-0.023535	568400.000000
9.687500	-0.023613	568600.000000
9.791667	-0.023684	568800.000000
9.895833	-0.023578	569000.000000
10.000000	-0.023658	569200.000000
10.104167	-0.023608	569400.000000
10.208333	-0.023580	569600.000000
10.312500	-0.023506	569800.000000
10.416667	-0.023461	570000.000000
10.520833	-0.023560	570200.000000
10.625000	-0.023600	570400.000000
10.729167	-0.023509	570600.000000
10.833333	-0.023517	570800.000000
10.937500	-0.023397	571000.000000
11.041667	-0.023736	571200.000000
11.145833	-0.023683	571400.000000
11.250000	-0.023592	571600.000000
11.354167	-0.023717	571800.000000
11.458333	-0.023518	572000.000000
11.562500	-0.023461	572200.000000
11.666667	-0.023728	572400.000000
11.770833	-0.023571	572600.000000
11.875000	-0.023418	572800.000000
11.979167	-0.023565	573000.000000
12.083333	-0.023558	573200.000000
12.187500	-0.023504	573400.000000
12.291667	-0.023787	573600.000000
12.395833	-0.023747	573800.000000
12.500000	-0.023569	574000.000000
12.604167	-0.023654	574200.000000
12.708333	-0.023741	574400.000000
12.812500	-0.023650	574600.000000
12.916667	-0.023702	574800.000000
13.020833	-0.023581	575000.000000
13.125000	-0.023496	575200.000000
13.229167	-0.023841	575400.000000
13.333333	-0.023645	575600.000000
13.437500	-0.023501	575800.000000
13.541667	-0.023619	576000.000000
13.645833	-0.023717	576200.000000
13.750000	-0.023584	576400.000000
13.854167	-0.023596	576600.000000
13.958333	-0.023606	576800.000000
14.062500	-0.023531	577000.000000
14.166667	-0.023439	577200.000000
14.270833	-0.023560	577400.000000
14.375000	-0.023520	577600.000000
14.479167	-0.023680	577800.000000
14.583333	-0.023548	578000.000000
14.687500	-0.023602	578200.000000
14.791667	-0.023674	578400.000000
14.895833	-0.023616	578600.000000
15.000000	-0.023496	578800.000000
15.104167	-0.023399	579000.000000
15.208333	-0.023478	579200.000000
15.312500	-0.023341	579400.000000
15.416667	-0.023368	579600.000000
15.520833	-0.023460	579800.000000
15.625000	-0.023665	580000.000000
15.729167	-0.023581	580200.000000
15.833333	-0.023396	580400.000000
15.937500	-0.023619	580600.000000
16.041667	-0.023544	580800.000000
16.145833	-0.023648	581000.000000
16.250000	-0.023519	581200.000000
16.354167	-0.023479	581400.000000
16.458333	-0.023440	581600.000000
16.562500	-0.023388	581800.000000
16.666667	-0.023502	582000.000000
16.770833	-0.023496	582200.000000
16.875000	-0.023428	582400.000000
16.979167	-0.023301	582600.000000
17.083333	-0.023369	582800.000000
17.187500	-0.023429	583000.000000
17.291667	-0.023245	583200.000000
17.395833	-0.023366	583400.000000
17.500000	-0.023436	583600.000000
17.604167	-0.023339	583800.000000
17.708333	-0.023358	584000.000000
17.812500	-0.023258	584200.000000
17.916667	-0.023364	584400.000000
18.020833	-0.023372	584600.000000
18.125000	-0.023409	584800.000000
18.229167	-0.023228	585000.000000
18.333333	-0.023237	585200.000000
18.437500	-0.023213	585400.000000
18.541667	-0.023002	585600.000000
18.645833	-0.023061	585800.000000
18.750000	-0.022970	586000.000000
18.854167	-0.022881	586200.000000
18.958333	-0.023000	586400.000000
19.062500	-0.022811	586600.000000
19.166667	-0.022830	586800.000000
19.270833	-0.022717	587000.000000
19.375000	-0.022810	587200.000000
19.479167	-0.022537	587400.000000
19.583333	-0.022508	587600.000000
19.687500	-0.022545	587800.000000
19.791667	-0.022314	588000.000000
19.895833	-0.022265	588200.000000
20.000000	-0.022228	588400.000000
20.104167	-0.022220	588600.000000
20.208333	-0.021893	588800.000000
20.312500	-0.021929	589000.000000
20.416667	-0.021672	589200.000000
20.520833	-0.021351	589400.000000
20.625000	-0.021346	589600.000000
20.729167	-0.021334	589800.000000
20.833333	-0.020922	590000.000000
20.937500	-0.020813	590200.000000
21.041667	-0.020767	590400.000000
21.145833	-0.020264	590600.000000
21.250000	-0.019958	590800.000000
21.354167	-0.019460	591000.000000
21.458333	-0.018888	591200.000000
21.562500	-0.018513	591400.000000
21.666667	-0.017921	591600.000000
21.770833	-0.017244	591800.000000
21.875000	-0.016525	592000.000000
21.979167	-0.015605	592200.000000
22.083333	-0.014607	592400.000000
22.187500	-0.013543	592600.000000
22.291667	-0.012358	592800.000000
22.395833	-0.010920	593000.000000
22.500000	-0.009353	593200.000000
22.604167	-0.007600	593400.000000
22.708333	-0.005388	593600.000000
22.812500	-0.003137	593800.000000
22.916667	-0.000710	594000.000000
23.020833	0.002071	594200.000000
23.125000	0.005171	594400.000000
23.229167	0.008483	594600.000000
23.333333	0.012206	594800.000000
23.437500	0.015996	595000.000000
23.541667	0.020383	595200.000000
23.645833	0.024662	595400.000000
23.750000	0.029108	595600.000000
23.854167	0.033743	595800.000000
23.958333	0.038517	596000.000000
24.062500	0.043361	596200.000000
24.166667	0.046821	596400.000000
24.270833	0.046916	596600.000000
24.375000	0.037484	596800.000000
24.479167	0.008931	597000.000000
24.583333	-0.049521	597200.000000
24.687500	-0.141357	597400.000000
24.791667	-0.263085	597600.000000
24.895833	-0.392796	597800.000000
25.000000	-0.500762	598000.000000
25.104167	-0.552573	598200.000000
25.208333	-0.523279	598400.000000
25.312500	-0.413159	598600.000000
25.416667	-0.252179	598800.000000
25.520833	-0.093319	599000.000000
25.625000	0.035427	599200.000000
25.729167	0.118956	599400.000000
25.833333	0.162836	599600.000000
25.937500	0.176786	599800.000000
26.041667	0.169169	600000.000000
26.145833	0.148155	600200.000000
26.250000	0.122203	600400.000000
26.354167	0.097074	600600.000000
26.458333	0.077001	600800.000000
26.562500	0.065296	601000.000000
26.666667	0.061186	601200.000000
26.770833	0.061125	601400.000000
26.875000	0.059766	601600.000000
26.979167	0.050349	601800.000000
27.083333	0.033079	602000.000000
27.187500	0.013251	602200.000000
27.291667	-0.000408	602400.000000
27.395833	-0.003878	602600.000000
27.500000	-0.000843	602800.000000
27.604167	0.002442	603000.000000
27.708333	0.003261	603200.000000
27.812500	0.001044	603400.000000
27.916667	-0.003353	603600.000000
28.020833	-0.008865	603800.000000
28.125000	-0.013576	604000.000000
28.229167	-0.016188	604200.000000
28.333333	-0.014984	604400.000000
28.437500	-0.009332	604600.000000
28.541667	-0.001481	604800.000000
28.645833	0.004841	605000.000000
28.750000	0.005866	605200.000000
28.854167	0.001079	605400.000000
28.958333	-0.007056	605600.000000
29.062500	-0.012731	605800.000000
29.166667	-0.013417	606000.000000
29.270833	-0.010369	606200.000000
29.375000	-0.008976	606400.000000
29.479167	-0.012609	606600.000000
29.583333	-0.019403	606800.000000
29.687500	-0.025121	607000.000000
29.791667	-0.027390	607200.000000
29.895833	-0.026260	607400.000000
30.000000	-0.023085	607600.000000
30.104167	-0.019100	607800.000000
30.208333	-0.016001	608000.000000
30.312500	-0.014134	608200.000000
30.416667	-0.013279	608400.000000
30.520833	-0.014272	608600.000000
30.625000	-0.017987	608800.000000
30.729167	-0.024549	609000.000000
30.833333	-0.031579	609200.000000
30.937500	-0.036762	609400.000000
31.041667	-0.040203	609600.000000
31.145833	-0.041811	609800.000000
31.250000	-0.041296	610000.000000
31.354167	-0.038447	610200.000000
31.458333	-0.035214	610400.000000
31.562500	-0.032296	610600.000000
31.666667	-0.030916	610800.000000
31.770833	-0.031047	611000.000000
31.875000	-0.030745	611200.000000
31.979167	-0.029034	611400.000000
32.083333	-0.026544	611600.000000
32.187500	-0.025151	611800.000000
32.291667	-0.025471	612000.000000
32.395833	-0.027612	612200.000000
32.500000	-0.030690	612400.000000
32.604167	-0.033847	612600.000000
32.708333	-0.036485	612800.000000
32.812500	-0.037092	613000.000000
32.916667	-0.037142	613200.000000
33.020833	-0.036496	613400.000000
33.125000	-0.036365	613600.000000
33.229167	-0.036570	613800.000000
33.333333	-0.036561	614000.000000
33.437500	-0.036008	614200.000000
33.541667	-0.034554	614400.000000
33.645833	-0.033775	614600.000000
33.750000	-0.032946	614800.000000
33.854167	-0.030485	615000.000000
33.958333	-0.025660	615200.000000
34.062500	-0.019275	615400.000000
34.166667	-0.013207	615600.000000
34.270833	-0.009846	615800.000000
34.375000	-0.010168	616000.000000
34.479167	-0.014585	616200.000000
34.583333	-0.020758	616400.000000
34.687500	-0.025934	616600.000000
34.791667	-0.027425	616800.000000
34.895833	-0.025390	617000.000000
35.000000	-0.021966	617200.000000
35.104167	-0.018333	617400.000000
35.208333	-0.015688	617600.000000
35.312500	-0.013745	617800.000000
35.416667	-0.013331	618000.000000
35.520833	-0.013597	618200.000000
35.625000	-0.014119	618400.000000
35.729167	-0.014416	618600.000000
35.833333	-0.014959	618800.000000
35.937500	-0.016248	619000.000000
36.041667	-0.018125	619200.000000
36.145833	-0.020852	619400.000000
36.250000	-0.024890	619600.000000
36.354167	-0.029392	619800.000000
36.458333	-0.033368	620000.000000
36.562500	-0.036153	620200.000000
36.666667	-0.037034	620400.000000
36.770833	-0.034827	620600.000000
36.875000	-0.029708	620800.000000
36.979167	-0.023065	621000.000000
37.083333	-0.017298	621200.000000
37.187500	-0.015414	621400.000000
37.291667	-0.017402	621600.000000
37.395833	-0.021588	621800.000000
37.500000	-0.025744	622000.000000
37.604167	-0.026296	622200.000000
37.708333	-0.023520	622400.000000
37.812500	-0.019466	622600.000000
37.916667	-0.017361	622800.000000
38.020833	-0.019098	623000.000000
38.125000	-0.024051	623200.000000
38.229167	-0.029776	623400.000000
38.333333	-0.033884	623600.000000
38.437500	-0.034931	623800.000000
38.541667	-0.034061	624000.000000
38.645833	-0.032526	624200.000000
38.750000	-0.031442	624400.000000
38.854167	-0.030401	624600.000000
38.958333	-0.030098	624800.000000
39.062500	-0.031005	625000.000000
39.166667	-0.032752	625200.000000
39.270833	-0.033381	625400.000000
39.375000	-0.031087	625600.000000
39.479167	-0.026225	625800.000000
39.583333	-0.021266	626000.000000
39.687500	-0.019357	626200.000000
39.791667	-0.022776	626400.000000
39.895833	-0.029530	626600.000000
40.000000	-0.036068	626800.000000
40.104167	-0.040175	627000.000000
40.208333	-0.041598	627200.000000
40.312500	-0.040584	627400.000000
40.416667	-0.037296	627600.000000
40.520833	-0.031822	627800.000000
40.625000	-0.026209	628000.000000
40.729167	-0.023859	628200.000000
40.833333	-0.024310	628400.000000
40.937500	-0.025771	628600.000000
41.041667	-0.025918	628800.000000
41.145833	-0.022209	629000.000000
41.250000	-0.016005	629200.000000
41.354167	-0.011079	629400.000000
41.458333	-0.011649	629600.000000
41.562500	-0.018649	629800.000000
41.666667	-0.028597	630000.000000
41.770833	-0.036291	630200.000000
41.875000	-0.039500	630400.000000
41.979167	-0.038380	630600.000000
42.083333	-0.033772	630800.000000
42.187500	-0.027114	631000.000000
42.291667	-0.021206	631200.000000
42.395833	-0.018615	631400.000000
42.500000	-0.019097	631600.000000
42.604167	-0.021327	631800.000000
42.708333	-0.023502	632000.000000
42.812500	-0.023596	632200.000000
42.916667	-0.021998	632400.000000
43.020833	-0.018558	632600.000000
43.125000	-0.014567	632800.000000
43.229167	-0.012031	633000.000000
43.333333	-0.012973	633200.000000
43.437500	-0.017092	633400.000000
43.541667	-0.022945	633600.000000
43.645833	-0.028217	633800.000000
43.750000	-0.030869	634000.000000
43.854167	-0.030972	634200.000000
43.958333	-0.029399	634400.000000
44.062500	-0.027115	634600.000000
44.166667	-0.025147	634800.000000
44.270833	-0.023812	635000.000000
44.375000	-0.023226	635200.000000
44.479167	-0.022982	635400.000000
44.583333	-0.022091	635600.000000
44.687500	-0.019255	635800.000000
44.791667	-0.014519	636000.000000
44.895833	-0.010371	636200.000000
45.000000	-0.008876	636400.000000
45.104167	-0.011100	636600.000000
45.208333	-0.016177	636800.000000
45.312500	-0.021343	637000.000000
45.416667	-0.025406	637200.000000
45.520833	-0.027248	637400.000000
45.625000	-0.028180	637600.000000
45.729167	-0.028461	637800.000000
45.833333	-0.027977	638000.000000
45.937500	-0.026560	638200.000000
46.041667	-0.024623	638400.000000
46.145833	-0.021794	638600.000000
46.250000	-0.018635	638800.000000
46.354167	-0.015472	639000.000000
46.458333	-0.013296	639200.000000
46.562500	-0.012881	639400.000000
46.666667	-0.014603	639600.000000
46.770833	-0.017615	639800.000000
46.875000	-0.020295	640000.000000
46.979167	-0.022336	640200.000000
47.083333	-0.023983	640400.000000
47.187500	-0.025465	640600.000000
47.291667	-0.026410	640800.000000
47.395833	-0.027023	641000.000000
47.500000	-0.026860	641200.000000
47.604167	-0.025683	641400.000000
47.708333	-0.024260	641600.000000
47.812500	-0.023808	641800.000000
47.916667	-0.023562	642000.000000
48.020833	-0.023015	642200.000000
48.125000	-0.021923	642400.000000
48.229167	-0.020490	642600.000000
48.333333	-0.019073	642800.000000
48.437500	-0.018788	643000.000000
48.541667	-0.019578	643200.000000
48.645833	-0.020992	643400.000000
48.750000	-0.021940	643600.000000
48.854167	-0.022330	643800.000000
48.958333	-0.021983	644000.000000
49.062500	-0.022149	644200.000000
49.166667	-0.023265	644400.000000
49.270833	-0.025140	644600.000000
49.375000	-0.027053	644800.000000
49.479167	-0.028566	645000.000000
49.583333	-0.028300	645200.000000
49.687500	-0.026435	645400.000000
49.791667	-0.023849	645600.000000
49.895833	-0.021039	645800.000000
50.000000	-0.018442	646000.000000
50.104167	-0.016357	646200.000000
50.208333	-0.016049	646400.000000
50.312500	-0.017254	646600.000000
50.416667	-0.019031	646800.000000
50.520833	-0.019879	647000.000000
50.625000	-0.020174	647200.000000
50.729167	-0.021816	647400.000000
50.833333	-0.025402	647600.000000
50.937500	-0.029804	647800.000000
51.041667	-0.032334	648000.000000
51.145833	-0.032148	648200.000000
51.250000	-0.029602	648400.000000
51.354167	-0.026211	648600.000000
51.458333	-0.023028	648800.000000
51.562500	-0.019888	649000.000000
51.666667	-0.017792	649200.000000
51.770833	-0.017078	649400.000000
51.875000	-0.017517	649600.000000
51.979167	-0.019582	649800.000000
52.083333	-0.022033	650000.000000
52.187500	-0.023954	650200.000000
52.291667	-0.024381	650400.000000
52.395833	-0.023676	650600.000000
52.500000	-0.023022	650800.000000
52.604167	-0.023747	651000.000000
52.708333	-0.025618	651200.000000
52.812500	-0.028002	651400.000000
52.916667	-0.029941	651600.000000
53.020833	-0.029665	651800.000000
53.125000	-0.028079	652000.000000
53.229167	-0.025720	652200.000000
53.333333	-0.022704	652400.000000
53.437500	-0.020502	652600.000000
53.541667	-0.020840	652800.000000
53.645833	-0.022960	653000.000000
53.750000	-0.025340	653200.000000
53.854167	-0.026826	653400.000000
53.958333	-0.025926	653600.000000
54.062500	-0.024017	653800.000000
54.166667	-0.022179	654000.000000
54.270833	-0.021898	654200.000000
54.375000	-0.023355	654400.000000
54.479167	-0.026608	654600.000000
54.583333	-0.029817	654800.000000
54.687500	-0.032340	655000.000000
54.791667	-0.033144	655200.000000
54.895833	-0.032327	655400.000000
55.000000	-0.030179	655600.000000
55.104167	-0.026982	655800.000000
55.208333	-0.023929	656000.000000
55.312500	-0.021588	656200.000000
55.416667	-0.020378	656400.000000
55.520833	-0.019550	656600.000000
55.625000	-0.019216	656800.000000
55.729167	-0.019885	657000.000000
55.833333	-0.021514	657200.000000
55.937500	-0.023302	657400.000000
56.041667	-0.024958	657600.000000
56.145833	-0.026764	657800.000000
56.250000	-0.028781	658000.000000
56.354167	-0.030457	658200.000000
56.458333	-0.031358	658400.000000
56.562500	-0.030997	658600.000000
56.666667	-0.029209	658800.000000
56.770833	-0.026324	659000.000000
56.875000	-0.023347	659200.000000
56.979167	-0.021133	659400.000000
57.083333	-0.020194	659600.000000
57.187500	-0.020282	659800.000000
57.291667	-0.020825	660000.000000
57.395833	-0.021014	660200.000000
57.500000	-0.021268	660400.000000
57.604167	-0.021961	660600.000000
57.708333	-0.022961	660800.000000
57.812500	-0.024026	661000.000000
57.916667	-0.024642	661200.000000
58.020833	-0.025494	661400.000000
58.125000	-0.026040	661600.000000
58.229167	-0.025740	661800.000000
58.333333	-0.024744	662000.000000
58.437500	-0.023822	662200.000000
58.541667	-0.023922	662400.000000
58.645833	-0.024791	662600.000000
58.750000	-0.024647	662800.000000
58.854167	-0.023231	663000.000000
58.958333	-0.021326	663200.000000
59.062500	-0.020066	663400.000000
59.166667	-0.019822	663600.000000
59.270833	-0.020066	663800.000000
59.375000	-0.020324	664000.000000
59.479167	-0.020267	664200.000000
59.583333	-0.020378	664400.000000
59.687500	-0.020818	664600.000000
59.791667	-0.021788	664800.000000
59.895833	-0.023741	665000.000000
60.000000	-0.026023	665200.000000
60.104167	-0.027894	665400.000000
60.208333	-0.028179	665600.000000
60.312500	-0.027712	665800.000000
60.416667	-0.025818	666000.000000
60.520833	-0.022659	666200.000000
60.625000	-0.019449	666400.000000
60.729167	-0.017208	666600.000000
60.833333	-0.016328	666800.000000
60.937500	-0.016911	667000.000000
61.041667	-0.018145	667200.000000
61.145833	-0.019301	667400.000000
61.250000	-0.020216	667600.000000
61.354167	-0.021180	667800.000000
61.458333	-0.022041	668000.000000
61.562500	-0.023485	668200.000000
61.666667	-0.025152	668400.000000
61.770833	-0.026178	668600.000000
61.875000	-0.026353	668800.000000
61.979167	-0.025638	669000.000000
62.083333	-0.024808	669200.000000
62.187500	-0.023299	669400.000000
62.291667	-0.021714	669600.000000
62.395833	-0.019352	669800.000000
62.500000	-0.017673	670000.000000
62.604167	-0.016948	670200.000000
62.708333	-0.018097	670400.000000
62.812500	-0.020759	670600.000000
62.916667	-0.023079	670800.000000
63.020833	-0.024214	671000.000000
63.125000	-0.024166	671200.000000
63.229167	-0.023440	671400.000000
63.333333	-0.022748	671600.000000
63.437500	-0.022970	671800.000000
63.541667	-0.023608	672000.000000
63.645833	-0.024103	672200.000000
63.750000	-0.024680	672400.000000
63.854167	-0.025273	672600.000000
63.958333	-0.025756	672800.000000
64.062500	-0.025753	673000.000000
64.166667	-0.025459	673200.000000
64.270833	-0.024055	673400.000000
64.375000	-0.022644	673600.000000
64.479167	-0.021779	673800.000000
64.583333	-0.020984	674000.000000
64.687500	-0.020749	674200.000000
64.791667	-0.021669	674400.000000
64.895833	-0.023042	674600.000000
65.000000	-0.024913	674800.000000
65.104167	-0.026463	675000.000000
65.208333	-0.027145	675200.000000
65.312500	-0.027551	675400.000000
65.416667	-0.028252	675600.000000
65.520833	-0.028633	675800.000000
65.625000	-0.028650	676000.000000
65.729167	-0.028611	676200.000000
65.833333	-0.028494	676400.000000
65.937500	-0.027690	676600.000000
66.041667	-0.025956	676800.000000
66.145833	-0.023479	677000.000000
66.250000	-0.021719	677200.000000
66.354167	-0.021453	677400.000000
66.458333	-0.023263	677600.000000
66.562500	-0.026037	677800.000000
66.666667	-0.028664	678000.000000
66.770833	-0.030280	678200.000000
66.875000	-0.030925	678400.000000
66.979167	-0.031003	678600.000000
67.083333	-0.030479	678800.000000
67.187500	-0.029539	679000.000000
67.291667	-0.028280	679200.000000
67.395833	-0.027131	679400.000000
67.500000	-0.026366	679600.000000
67.604167	-0.025815	679800.000000
67.708333	-0.025027	680000.000000
67.812500	-0.023396	680200.000000
67.916667	-0.021404	680400.000000
68.020833	-0.020101	680600.000000
68.125000	-0.020083	680800.000000
68.229167	-0.021026	681000.000000
68.333333	-0.022423	681200.000000
68.437500	-0.023316	681400.000000
68.541667	-0.023868	681600.000000
68.645833	-0.022930	681800.000000
68.750000	-0.021346	682000.000000
68.854167	-0.020183	682200.000000
68.958333	-0.020190	682400.000000
69.062500	-0.021534	682600.000000
69.166667	-0.023516	682800.000000
69.270833	-0.025526	683000.000000
69.375000	-0.025840	683200.000000
69.479167	-0.023902	683400.000000
69.583333	-0.021301	683600.000000
69.687500	-0.018143	683800.000000
69.791667	-0.016666	684000.000000
69.895833	-0.016759	684200.000000
70.000000	-0.018326	684400.000000
70.104167	-0.020204	684600.000000
70.208333	-0.021771	684800.000000
70.312500	-0.022446	685000.000000
70.416667	-0.022129	685200.000000
70.520833	-0.022185	685400.000000
70.625000	-0.023066	685600.000000
70.729167	-0.024673	685800.000000
70.833333	-0.027011	686000.000000
70.937500	-0.028855	686200.000000
71.041667	-0.029462	686400.000000
71.145833	-0.028716	686600.000000
71.250000	-0.026416	686800.000000
71.354167	-0.023682	687000.000000
71.458333	-0.021749	687200.000000
71.562500	-0.021047	687400.000000
71.666667	-0.021412	687600.000000
71.770833	-0.023266	687800.000000
71.875000	-0.025753	688000.000000
71.979167	-0.027952	688200.000000
72.083333	-0.030010	688400.000000
72.187500	-0.031786	688600.000000
72.291667	-0.032674	688800.000000
72.395833	-0.033271	689000.000000
72.500000	-0.033258	689200.000000
72.604167	-0.033345	689400.000000
72.708333	-0.033541	689600.000000
72.812500	-0.033075	689800.000000
72.916667	-0.032209	690000.000000
73.020833	-0.030855	690200.000000
73.125000	-0.029609	690400.000000
73.229167	-0.028145	690600.000000
73.333333	-0.026824	690800.000000
73.437500	-0.025866	691000.000000
73.541667	-0.025110	691200.000000
73.645833	-0.023852	691400.000000
73.750000	-0.022762	691600.000000
73.854167	-0.021803	691800.000000
73.958333	-0.021152	692000.000000
74.062500	-0.020793	692200.000000
74.166667	-0.020213	692400.000000
74.270833	-0.019558	692600.000000
74.375000	-0.018907	692800.000000
74.479167	-0.017731	693000.000000
74.583333	-0.016958	693200.000000
74.687500	-0.016850	693400.000000
74.791667	-0.017452	693600.000000
74.895833	-0.018188	693800.000000
75.000000	-0.018845	694000.000000
75.104167	-0.018516	694200.000000
75.208333	-0.017752	694400.000000
75.312500	-0.016985	694600.000000
75.416667	-0.016657	694800.000000
75.520833	-0.017206	695000.000000
75.625000	-0.018638	695200.000000
75.729167	-0.020979	695400.000000
75.833333	-0.023874	695600.000000
75.937500	-0.025991	695800.000000
76.041667	-0.027580	696000.000000
76.145833	-0.028089	696200.000000
76.250000	-0.028422	696400.000000
76.354167	-0.028756	696600.000000
76.458333	-0.028756	696800.000000
76.562500	-0.028297	697000.000000
76.666667	-0.027248	697200.000000
76.770833	-0.025756	697400.000000
76.875000	-0.024099	697600.000000
76.979167	-0.022520	697800.000000
77.083333	-0.021518	698000.000000
77.187500	-0.021642	698200.000000
77.291667	-0.022951	698400.000000
77.395833	-0.024695	698600.000000
77.500000	-0.026116	698800.000000
77.604167	-0.026532	699000.000000
77.708333	-0.026191	699200.000000
77.812500	-0.025295	699400.000000
77.916667	-0.024044	699600.000000
78.020833	-0.022943	699800.000000
78.125000	-0.022459	700000.000000
78.229167	-0.022655	700200.000000
78.333333	-0.023190	700400.000000
78.437500	-0.023381	700600.000000
78.541667	-0.023113	700800.000000
78.645833	-0.022220	701000.000000
78.750000	-0.021186	701200.000000
78.854167	-0.020905	701400.000000
78.958333	-0.021549	701600.000000
79.062500	-0.023163	701800.000000
79.166667	-0.024851	702000.000000
79.270833	-0.025727	702200.000000
79.375000	-0.025212	702400.000000
79.479167	-0.023795	702600.000000
79.583333	-0.022528	702800.000000
79.687500	-0.022098	703000.000000
79.791667	-0.022160	703200.000000
79.895833	-0.023279	703400.000000
80.000000	-0.024348	703600.000000
80.104167	-0.024834	703800.000000
80.208333	-0.024659	704000.000000
80.312500	-0.023758	704200.000000
80.416667	-0.021945	704400.000000
80.520833	-0.019988	704600.000000
80.625000	-0.018125	704800.000000
80.729167	-0.017433	705000.000000
80.833333	-0.017750	705200.000000
80.937500	-0.018951	705400.000000
81.041667	-0.020497	705600.000000
81.145833	-0.022130	705800.000000
81.250000	-0.022902	706000.000000
81.354167	-0.023663	706200.000000
81.458333	-0.023961	706400.000000
81.562500	-0.024108	706600.000000
81.666667	-0.023619	706800.000000
81.770833	-0.022883	707000.000000
81.875000	-0.022011	707200.000000
81.979167	-0.021280	707400.000000
82.083333	-0.020774	707600.000000
82.187500	-0.020078	707800.000000
82.291667	-0.018999	708000.000000
82.395833	-0.018069	708200.000000
82.500000	-0.017860	708400.000000
82.604167	-0.018491	708600.000000
82.708333	-0.019888	708800.000000
82.812500	-0.021003	709000.000000
82.916667	-0.021844	709200.000000
83.020833	-0.022848	709400.000000
83.125000	-0.023730	709600.000000
83.229167	-0.023656	709800.000000
83.333333	-0.023371	710000.000000
83.437500	-0.022745	710200.000000
83.541667	-0.022255	710400.000000
83.645833	-0.022012	710600.000000
83.750000	-0.022503	710800.000000
83.854167	-0.022903	711000.000000
83.958333	-0.023184	711200.000000
84.062500	-0.023244	711400.000000
84.166667	-0.023009	711600.000000
84.270833	-0.023005	711800.000000
84.375000	-0.022908	712000.000000
84.479167	-0.022560	712200.000000
84.583333	-0.023119	712400.000000
84.687500	-0.023695	712600.000000
84.791667	-0.024229	712800.000000
84.895833	-0.024713	713000.000000
85.000000	-0.025171	713200.000000
85.104167	-0.025369	713400.000000
85.208333	-0.025443	713600.000000
85.312500	-0.026098	713800.000000
85.416667	-0.026484	714000.000000
85.520833	-0.026846	714200.000000
85.625000	-0.026711	714400.000000
85.729167	-0.025555	714600.000000
85.833333	-0.024004	714800.000000
85.937500	-0.022594	715000.000000
86.041667	-0.021723	715200.000000
86.145833	-0.021858	715400.000000
86.250000	-0.022768	715600.000000
86.354167	-0.024374	715800.000000
86.458333	-0.026022	716000.000000
86.562500	-0.027054	716200.000000
86.666667	-0.027429	716400.000000
86.770833	-0.027296	716600.000000
86.875000	-0.027148	716800.000000
86.979167	-0.026952	717000.000000
87.083333	-0.026944	717200.000000
87.187500	-0.027292	717400.000000
87.291667	-0.027212	717600.000000
87.395833	-0.026657	717800.000000
87.500000	-0.025770	718000.000000
87.604167	-0.024578	718200.000000
87.708333	-0.023805	718400.000000
87.812500	-0.023489	718600.000000
87.916667	-0.024055	718800.000000
88.020833	-0.025026	719000.000000
88.125000	-0.026299	719200.000000
88.229167	-0.027571	719400.000000
88.333333	-0.028089	719600.000000
88.437500	-0.028258	719800.000000
88.541667	-0.027935	720000.000000
88.645833	-0.026709	720200.000000
88.750000	-0.025980	720400.000000
88.854167	-0.025789	720600.000000
88.958333	-0.025868	720800.000000
89.062500	-0.026388	721000.000000
89.166667	-0.026287	721200.000000
89.270833	-0.025641	721400.000000
89.375000	-0.024969	721600.000000
89.479167	-0.024174	721800.000000
89.583333	-0.023496	722000.000000
89.687500	-0.022991	722200.000000
89.791667	-0.023063	722400.000000
89.895833	-0.023075	722600.000000
90.000000	-0.023522	722800.000000
90.104167	-0.024144	723000.000000
90.208333	-0.024613	723200.000000
90.312500	-0.025137	723400.000000
90.416667	-0.025943	723600.000000
90.520833	-0.026141	723800.000000
90.625000	-0.026331	724000.000000
90.729167	-0.026460	724200.000000
90.833333	-0.026167	724400.000000
90.937500	-0.025929	724600.000000
91.041667	-0.025344	724800.000000
91.145833	-0.024697	725000.000000
91.250000	-0.024083	725200.000000
91.354167	-0.023702	725400.000000
91.458333	-0.023057	725600.000000
91.562500	-0.023013	725800.000000
91.666667	-0.023268	726000.000000
91.770833	-0.023570	726200.000000
91.875000	-0.024528	726400.000000
91.979167	-0.025640	726600.000000
92.083333	-0.026863	726800.000000
92.187500	-0.027464	727000.000000
92.291667	-0.027591	727200.000000
92.395833	-0.027202	727400.000000
92.500000	-0.026621	727600.000000
92.604167	-0.026007	727800.000000
92.708333	-0.025352	728000.000000
92.812500	-0.024406	728200.000000
92.916667	-0.023616	728400.000000
93.020833	-0.023023	728600.000000
93.125000	-0.022725	728800.000000
93.229167	-0.022737	729000.000000
93.333333	-0.023001	729200.000000
93.437500	-0.023046	729400.000000
93.541667	-0.023312	729600.000000
93.645833	-0.023194	729800.000000
93.750000	-0.023048	730000.000000
93.854167	-0.023192	730200.000000
93.958333	-0.023067	730400.000000
94.062500	-0.022818	730600.000000
94.166667	-0.022820	730800.000000
94.270833	-0.023020	731000.000000
94.375000	-0.023070	731200.000000
94.479167	-0.023365	731400.000000
94.583333	-0.023264	731600.000000
94.687500	-0.023287	731800.000000
94.791667	-0.023351	732000.000000
94.895833	-0.023179	732200.000000
95.000000	-0.022784	732400.000000
95.104167	-0.022413	732600.000000
95.208333	-0.022158	732800.000000
95.312500	-0.022470	733000.000000
95.416667	-0.023081	733200.000000
95.520833	-0.023874	733400.000000
95.625000	-0.024335	733600.000000
95.729167	-0.024346	733800.000000
95.833333	-0.024206	734000.000000
95.937500	-0.023945	734200.000000
96.041667	-0.023961	734400.000000
96.145833	-0.023906	734600.000000
96.250000	-0.023540	734800.000000
96.354167	-0.022911	735000.000000
96.458333	-0.022509	735200.000000
96.562500	-0.022107	735400.000000
96.666667	-0.021261	735600.000000
96.770833	-0.020827	735800.000000
96.875000	-0.020705	736000.000000
96.979167	-0.020895	736200.000000
97.083333	-0.022014	736400.000000
97.187500	-0.023665	736600.000000
97.291667	-0.025219	736800.000000
97.395833	-0.026211	737000.000000
97.500000	-0.026820	737200.000000
97.604167	-0.026580	737400.000000
97.708333	-0.025917	737600.000000
97.812500	-0.025035	737800.000000
97.916667	-0.023833	738000.000000
98.020833	-0.022682	738200.000000
98.125000	-0.022080	738400.000000
98.229167	-0.021626	738600.000000
98.333333	-0.021793	738800.000000
98.437500	-0.021956	739000.000000
98.541667	-0.021897	739200.000000
98.645833	-0.021681	739400.000000
98.750000	-0.021811	739600.000000
98.854167	-0.022288	739800.000000
98.958333	-0.022899	740000.000000
99.062500	-0.023801	740200.000000
99.166667	-0.024131	740400.000000
99.270833	-0.024494	740600.000000
99.375000	-0.024575	740800.000000
99.479167	-0.024486	741000.000000
99.583333	-0.024488	741200.000000
99.687500	-0.024736	741400.000000
99.791667	-0.024754	741600.000000
99.895833	-0.024980	741800.000000
100.000000	-0.024952	742000.000000
100.104167	-0.024733	742200.000000
100.208333	-0.024148	742400.000000
100.312500	-0.023372	742600.000000
100.416667	-0.022944	742800.000000
100.520833	-0.022690	743000.000000
100.625000	-0.022805	743200.000000
100.729167	-0.023167	743400.000000
100.833333	-0.023872	743600.000000
100.937500	-0.024558	743800.000000
101.041667	-0.024961	744000.000000
101.145833	-0.025186	744200.000000
101.250000	-0.025378	744400.000000
101.354167	-0.025325	744600.000000
101.458333	-0.025445	744800.000000
101.562500	-0.025277	745000.000000
101.666667	-0.024869	745200.000000
101.770833	-0.024330	745400.000000
101.875000	-0.023516	745600.000000
101.979167	-0.022791	745800.000000
102.083333	-0.022138	746000.000000
102.187500	-0.021834	746200.000000
102.291667	-0.022180	746400.000000
102.395833	-0.022983	746600.000000
102.500000	-0.023747	746800.000000
102.604167	-0.024647	747000.000000
102.708333	-0.025152	747200.000000
102.812500	-0.025391	747400.000000
102.916667	-0.025367	747600.000000
103.020833	-0.025013	747800.000000
103.125000	-0.025081	748000.000000
103.229167	-0.025245	748200.000000
103.333333	-0.025572	748400.000000
103.437500	-0.025467	748600.000000
103.541667	-0.025306	748800.000000
103.645833	-0.024962	749000.000000
103.750000	-0.024557	749200.000000
103.854167	-0.024083	749400.000000
103.958333	-0.023660	749600.000000
104.062500	-0.023824	749800.000000
104.166667	-0.024440	750000.000000
104.270833	-0.024447	750200.000000
104.375000	-0.024522	750400.000000
104.479167	-0.024717	750600.000000
104.583333	-0.024535	750800.000000
104.687500	-0.024535	751000.000000
104.791667	-0.024459	751200.000000
104.895833	-0.024471	751400.000000
105.000000	-0.024392	751600.000000
105.104167	-0.024497	751800.000000
105.208333	-0.024932	752000.000000
105.312500	-0.024814	752200.000000
105.416667	-0.024476	752400.000000
105.520833	-0.023963	752600.000000
105.625000	-0.023296	752800.000000
105.729167	-0.022824	753000.000000
105.833333	-0.022370	753200.000000
105.937500	-0.022086	753400.000000
106.041667	-0.021901	753600.000000
106.145833	-0.021986	753800.000000
106.250000	-0.022360	754000.000000
106.354167	-0.023065	754200.000000
106.458333	-0.023522	754400.000000
106.562500	-0.023898	754600.000000
106.666667	-0.024246	754800.000000
106.770833	-0.024077	755000.000000
106.875000	-0.023925	755200.000000
106.979167	-0.023797	755400.000000
107.083333	-0.023883	755600.000000
107.187500	-0.023646	755800.000000
107.291667	-0.023208	756000.000000
107.395833	-0.022819	756200.000000
107.500000	-0.022962	756400.000000
107.604167	-0.022974	756600.000000
107.708333	-0.023480	756800.000000
107.812500	-0.023601	757000.000000
107.916667	-0.024078	757200.000000
108.020833	-0.024726	757400.000000
108.125000	-0.025278	757600.000000
108.229167	-0.025601	757800.000000
108.333333	-0.025309	758000.000000
108.437500	-0.024972	758200.000000
108.541667	-0.024310	758400.000000
108.645833	-0.023827	758600.000000
108.750000	-0.023247	758800.000000
108.854167	-0.022817	759000.000000
108.958333	-0.022538	759200.000000
109.062500	-0.022142	759400.000000
109.166667	-0.021938	759600.000000
109.270833	-0.022046	759800.000000
109.375000	-0.021859	760000.000000
109.479167	-0.021727	760200.000000
109.583333	-0.022187	760400.000000
109.687500	-0.022714	760600.000000
109.791667	-0.022962	760800.000000
109.895833	-0.023171	761000.000000
110.000000	-0.023281	761200.000000
110.104167	-0.023414	761400.000000
110.208333	-0.023450	761600.000000
110.312500	-0.023738	761800.000000
110.416667	-0.024374	762000.000000
110.520833	-0.025079	762200.000000
110.625000	-0.025423	762400.000000
110.729167	-0.025361	762600.000000
110.833333	-0.024694	762800.000000
110.937500	-0.023945	763000.000000
111.041667	-0.022843	763200.000000
111.145833	-0.022226	763400.000000
111.250000	-0.022131	763600.000000
111.354167	-0.022344	763800.000000
111.458333	-0.022714	764000.000000
111.562500	-0.023477	764200.000000
111.666667	-0.024022	764400.000000
111.770833	-0.023978	764600.000000
111.875000	-0.024042	764800.000000
111.979167	-0.023775	765000.000000
112.083333	-0.023304	765200.000000
112.187500	-0.023401	765400.000000
112.291667	-0.023052	765600.000000
112.395833	-0.023174	765800.000000
112.500000	-0.022448	766000.000000
112.604167	-0.021729	766200.000000
112.708333	-0.020913	766400.000000
112.812500	-0.020187	766600.000000
112.916667	-0.020146	766800.000000
113.020833	-0.020756	767000.000000
113.125000	-0.021766	767200.000000
113.229167	-0.022491	767400.000000
113.333333	-0.023361	767600.000000
113.437500	-0.023878	767800.000000
113.541667	-0.024007	768000.000000
113.645833	-0.023987	768200.000000
113.750000	-0.023715	768400.000000
113.854167	-0.023448	768600.000000
113.958333	-0.023186	768800.000000
114.062500	-0.023127	769000.000000
114.166667	-0.023003	769200.000000
114.270833	-0.022549	769400.000000
114.375000	-0.022334	769600.000000
114.479167	-0.022413	769800.000000
114.583333	-0.022206	770000.000000
114.687500	-0.022596	770200.000000
114.791667	-0.022550	770400.000000
114.895833	-0.022813	770600.000000
115.000000	-0.022955	770800.000000
115.104167	-0.023446	771000.000000
115.208333	-0.024002	771200.000000
115.312500	-0.024422	771400.000000
115.416667	-0.025319	771600.000000
115.520833	-0.026068	771800.000000
115.625000	-0.026630	772000.000000
115.729167	-0.027563	772200.000000
115.833333	-0.028291	772400.000000
115.937500	-0.028918	772600.000000
116.041667	-0.029704	772800.000000
116.145833	-0.029884	773000.000000
116.250000	-0.030176	773200.000000
116.354167	-0.030349	773400.000000
116.458333	-0.030391	773600.000000
116.562500	-0.029991	773800.000000
116.666667	-0.029717	774000.000000
116.770833	-0.029329	774200.000000
116.875000	-0.028907	774400.000000
116.979167	-0.028744	774600.000000
117.083333	-0.028507	774800.000000
117.187500	-0.027948	775000.000000
117.291667	-0.027157	775200.000000
117.395833	-0.026160	775400.000000
117.500000	-0.024962	775600.000000
117.604167	-0.023662	775800.000000
117.708333	-0.022557	776000.000000
117.812500	-0.021548	776200.000000
117.916667	-0.020408	776400.000000
118.020833	-0.019541	776600.000000
118.125000	-0.018886	776800.000000
118.229167	-0.018865	777000.000000
118.333333	-0.019251	777200.000000
118.437500	-0.019984	777400.000000
118.541667	-0.020904	777600.000000
118.645833	-0.022370	777800.000000
118.750000	-0.023811	778000.000000
118.854167	-0.025274	778200.000000
118.958333	-0.026289	778400.000000
119.062500	-0.026779	778600.000000
119.166667	-0.026959	778800.000000
119.270833	-0.027016	779000.000000
119.375000	-0.027096	779200.000000
119.479167	-0.027009	779400.000000
119.583333	-0.027546	779600.000000
119.687500	-0.027971	779800.000000
119.791667	-0.028120	780000.000000
119.895833	-0.027622	780200.000000
120.000000	-0.027419	780400.000000
120.104167	-0.026857	780600.000000
120.208333	-0.026590	780800.000000
120.312500	-0.025936	781000.000000
120.416667	-0.025771	781200.000000
120.520833	-0.025603	781400.000000
120.625000	-0.025502	781600.000000
120.729167	-0.025339	781800.000000
120.833333	-0.024845	782000.000000
120.937500	-0.024220	782200.000000
121.041667	-0.023977	782400.000000
121.145833	-0.023780	782600.000000
121.250000	-0.024325	782800.000000
121.354167	-0.024564	783000.000000
121.458333	-0.024495	783200.000000
121.562500	-0.024006	783400.000000
121.666667	-0.023273	783600.000000
121.770833	-0.022339	783800.000000
121.875000	-0.021257	784000.000000
121.979167	-0.020624	784200.000000
122.083333	-0.020790	784400.000000
122.187500	-0.020997	784600.000000
122.291667	-0.021207	784800.000000
122.395833	-0.021843	785000.000000
122.500000	-0.022547	785200.000000
122.604167	-0.023041	785400.000000
122.708333	-0.023607	785600.000000
122.812500	-0.024264	785800.000000
122.916667	-0.024513	786000.000000
123.020833	-0.024267	786200.000000
123.125000	-0.024065	786400.000000
123.229167	-0.023530	786600.000000
123.333333	-0.023201	786800.000000
123.437500	-0.022668	787000.000000
123.541667	-0.022636	787200.000000
123.645833	-0.022642	787400.000000
123.750000	-0.022555	787600.000000
123.854167	-0.022495	787800.000000
123.958333	-0.022624	788000.000000
124.062500	-0.022760	788200.000000
124.166667	-0.022787	788400.000000
124.270833	-0.022939	788600.000000
124.375000	-0.023316	788800.000000
124.479167	-0.023491	789000.000000
124.583333	-0.023902	789200.000000
124.687500	-0.024126	789400.000000
124.791667	-0.024152	789600.000000
124.895833	-0.024067	789800.000000
125.000000	-0.024012	790000.000000
125.104167	-0.023939	790200.000000
125.208333	-0.023831	790400.000000
125.312500	-0.023667	790600.000000
125.416667	-0.023433	790800.000000
125.520833	-0.023100	791000.000000
125.625000	-0.022609	791200.000000
125.729167	-0.022362	791400.000000
125.833333	-0.022246	791600.000000
125.937500	-0.022356	791800.000000
126.041667	-0.022890	792000.000000
126.145833	-0.023605	792200.000000
126.250000	-0.024405	792400.000000
126.354167	-0.024947	792600.000000
126.458333	-0.025625	792800.000000
126.562500	-0.025974	793000.000000
126.666667	-0.026261	793200.000000
126.770833	-0.026143	793400.000000
126.875000	-0.026071	793600.000000
126.979167	-0.025917	793800.000000
127.083333	-0.025431	794000.000000
127.187500	-0.025091	794200.000000
127.291667	-0.024859	794400.000000
127.395833	-0.024582	794600.000000
127.500000	-0.024477	794800.000000
127.604167	-0.024897	795000.000000
127.708333	-0.025298	795200.000000
127.812500	-0.025715	795400.000000
127.916667	-0.025855	795600.000000
128.020833	-0.025898	795800.000000
128.125000	-0.025626	796000.000000
128.229167	-0.025006	796200.000000
128.333333	-0.024617	796400.000000
128.437500	-0.024252	796600.000000
128.541667	-0.024216	796800.000000
128.645833	-0.024340	797000.000000
128.750000	-0.024426	797200.000000
128.854167	-0.024350	797400.000000
128.958333	-0.024186	797600.000000
129.062500	-0.024092	797800.000000
129.166667	-0.024133	798000.000000
129.270833	-0.024288	798200.000000
129.375000	-0.024785	798400.000000
129.479167	-0.025451	798600.000000
129.583333	-0.026024	798800.000000
129.687500	-0.026147	799000.000000
129.791667	-0.026336	799200.000000
129.895833	-0.026063	799400.000000
130.000000	-0.025408	799600.000000
130.104167	-0.024901	799800.000000
130.208333	-0.024515	800000.000000
