0.000000	-0.021697	500000.000000
0.104167	-0.021902	500200.000000
0.208333	-0.021982	500400.000000
0.312500	-0.021985	500600.000000
0.416667	-0.021977	500800.000000
0.520833	-0.021920	501000.000000
0.625000	-0.021920	501200.000000
0.729167	-0.021911	501400.000000
0.833333	-0.021845	501600.000000
0.937500	-0.021831	501800.000000
1.041667	-0.021801	502000.000000
1.145833	-0.021815	502200.000000
1.250000	-0.021967	502400.000000
1.354167	-0.022036	502600.000000
1.458333	-0.022043	502800.000000
1.562500	-0.022028	503000.000000
1.666667	-0.022031	503200.000000
1.770833	-0.022058	503400.000000
1.875000	-0.021956	503600.000000
1.979167	-0.022016	503800.000000
2.083333	-0.022102	504000.000000
2.187500	-0.021973	504200.000000
2.291667	-0.021955	504400.000000
2.395833	-0.022081	504600.000000
2.500000	-0.022004	504800.000000
2.604167	-0.022035	505000.000000
2.708333	-0.021953	505200.000000
2.812500	-0.021949	505400.000000
2.916667	-0.021829	505600.000000
3.020833	-0.022096	505800.000000
3.125000	-0.022023	506000.000000
3.229167	-0.022028	506200.000000
3.333333	-0.022023	506400.000000
3.437500	-0.022105	506600.000000
3.541667	-0.021942	506800.000000
3.645833	-0.021955	507000.000000
3.750000	-0.021843	507200.000000
3.854167	-0.022141	507400.000000
3.958333	-0.021824	507600.000000
4.062500	-0.021978	507800.000000
4.166667	-0.022005	508000.000000
4.270833	-0.022115	508200.000000
4.375000	-0.021796	508400.000000
4.479167	-0.021856	508600.000000
4.583333	-0.021881	508800.000000
4.687500	-0.021811	509000.000000
4.791667	-0.022033	509200.000000
4.895833	-0.021834	509400.000000
5.000000	-0.021756	509600.000000
5.104167	-0.022052	509800.000000
5.208333	-0.021798	510000.000000
5.312500	-0.021765	510200.000000
5.416667	-0.021856	510400.000000
5.520833	-0.022061	510600.000000
5.625000	-0.021939	510800.000000
5.729167	-0.021943	511000.000000
5.833333	-0.021820	511200.000000
5.937500	-0.022092	511400.000000
6.041667	-0.021959	511600.000000
6.145833	-0.021949	511800.000000
6.250000	-0.022022	512000.000000
6.354167	-0.021888	512200.000000
6.458333	-0.022011	512400.000000
6.562500	-0.022057	512600.000000
6.666667	-0.022195	512800.000000
6.770833	-0.022118	513000.000000
6.875000	-0.021923	513200.000000
6.979167	-0.021994	513400.000000
7.083333	-0.022088	513600.000000
7.187500	-0.022035	513800.000000
7.291667	-0.022261	514000.000000
7.395833	-0.021945	514200.000000
7.500000	-0.022001	514400.000000
7.604167	-0.022020	514600.000000
7.708333	-0.021828	514800.000000
7.812500	-0.021742	515000.000000
7.916667	-0.021964	515200.000000
8.020833	-0.022073	515400.000000
8.125000	-0.021988	515600.000000
8.229167	-0.022070	515800.000000
8.333333	-0.021906	516000.000000
8.437500	-0.022057	516200.000000
8.541667	-0.022204	516400.000000
8.645833	-0.022136	516600.000000
8.750000	-0.022197	516800.000000
8.854167	-0.022017	517000.000000
8.958333	-0.021905	517200.000000
9.062500	-0.021867	517400.000000
9.166667	-0.022030	517600.000000
9.270833	-0.022083	517800.000000
9.375000	-0.022054	518000.000000
9.479167	-0.022070	518200.000000
9.583333	-0.021980	518400.000000
9.687500	-0.022040	518600.000000
9.791667	-0.022249	518800.000000
9.895833	-0.022198	519000.000000
10.000000	-0.022153	519200.000000
10.104167	-0.021933	519400.000000
10.208333	-0.021942	519600.000000
10.312500	-0.021975	519800.000000
10.416667	-0.022337	520000.000000
10.520833	-0.022224	520200.000000
10.625000	-0.022012	520400.000000
10.729167	-0.021940	520600.000000
10.833333	-0.022059	520800.000000
10.937500	-0.022010	521000.000000
11.041667	-0.021931	521200.000000
11.145833	-0.022040	521400.000000
11.250000	-0.022163	521600.000000
11.354167	-0.021985	521800.000000
11.458333	-0.021992	522000.000000
11.562500	-0.022057	522200.000000
11.666667	-0.021958	522400.000000
11.770833	-0.022115	522600.000000
11.875000	-0.022075	522800.000000
11.979167	-0.021848	523000.000000
12.083333	-0.021848	523200.000000
12.187500	-0.021882	523400.000000
12.291667	-0.021995	523600.000000
12.395833	-0.022042	523800.000000
12.500000	-0.022013	524000.000000
12.604167	-0.022061	524200.000000
12.708333	-0.021999	524400.000000
12.812500	-0.021897	524600.000000
12.916667	-0.022080	524800.000000
13.020833	-0.021994	525000.000000
13.125000	-0.022124	525200.000000
13.229167	-0.022122	525400.000000
13.333333	-0.022108	525600.000000
13.437500	-0.021861	525800.000000
13.541667	-0.022076	526000.000000
13.645833	-0.022371	526200.000000
13.750000	-0.022366	526400.000000
13.854167	-0.022214	526600.000000
13.958333	-0.022432	526800.000000
14.062500	-0.022247	527000.000000
14.166667	-0.022466	527200.000000
14.270833	-0.022267	527400.000000
14.375000	-0.022186	527600.000000
14.479167	-0.022282	527800.000000
14.583333	-0.022301	528000.000000
14.687500	-0.022152	528200.000000
14.791667	-0.022311	528400.000000
14.895833	-0.022295	528600.000000
15.000000	-0.022165	528800.000000
15.104167	-0.022339	529000.000000
15.208333	-0.022367	529200.000000
15.312500	-0.022382	529400.000000
15.416667	-0.022280	529600.000000
15.520833	-0.022270	529800.000000
15.625000	-0.022203	530000.000000
15.729167	-0.022330	530200.000000
15.833333	-0.022586	530400.000000
15.937500	-0.022489	530600.000000
16.041667	-0.022642	530800.000000
16.145833	-0.022580	531000.000000
16.250000	-0.022557	531200.000000
16.354167	-0.022525	531400.000000
16.458333	-0.022690	531600.000000
16.562500	-0.022659	531800.000000
16.666667	-0.022674	532000.000000
16.770833	-0.022745	532200.000000
16.875000	-0.022928	532400.000000
16.979167	-0.022930	532600.000000
17.083333	-0.023000	532800.000000
17.187500	-0.023160	533000.000000
17.291667	-0.023092	533200.000000
17.395833	-0.023320	533400.000000
17.500000	-0.023506	533600.000000
17.604167	-0.023548	533800.000000
17.708333	-0.023796	534000.000000
17.812500	-0.024005	534200.000000
17.916667	-0.024289	534400.000000
18.020833	-0.024327	534600.000000
18.125000	-0.024531	534800.000000
18.229167	-0.024958	535000.000000
18.333333	-0.025090	535200.000000
18.437500	-0.025347	535400.000000
18.541667	-0.025665	535600.000000
18.645833	-0.025968	535800.000000
18.750000	-0.026472	536000.000000
18.854167	-0.026885	536200.000000
18.958333	-0.027386	536400.000000
19.062500	-0.028052	536600.000000
19.166667	-0.028484	536800.000000
19.270833	-0.029139	537000.000000
19.375000	-0.029889	537200.000000
19.479167	-0.030878	537400.000000
19.583333	-0.031756	537600.000000
19.687500	-0.032874	537800.000000
19.791667	-0.034256	538000.000000
19.895833	-0.035587	538200.000000
20.000000	-0.037290	538400.000000
20.104167	-0.039131	538600.000000
20.208333	-0.041315	538800.000000
20.312500	-0.043866	539000.000000
20.416667	-0.046494	539200.000000
20.520833	-0.049846	539400.000000
20.625000	-0.053417	539600.000000
20.729167	-0.057181	539800.000000
20.833333	-0.061144	540000.000000
20.937500	-0.065820	540200.000000
21.041667	-0.071159	540400.000000
21.145833	-0.076428	540600.000000
21.250000	-0.082003	540800.000000
21.354167	-0.087672	541000.000000
21.458333	-0.093075	541200.000000
21.562500	-0.097918	541400.000000
21.666667	-0.101332	541600.000000
21.770833	-0.102970	541800.000000
21.875000	-0.100201	542000.000000
21.979167	-0.088621	542200.000000
22.083333	-0.057053	542400.000000
22.187500	0.013075	542600.000000
22.291667	0.147436	542800.000000
22.395833	0.360842	543000.000000
22.500000	0.630377	543200.000000
22.604167	0.893020	543400.000000
22.708333	1.035748	543600.000000
22.812500	0.983674	543800.000000
22.916667	0.727534	544000.000000
23.020833	0.346594	544200.000000
23.125000	-0.054498	544400.000000
23.229167	-0.357845	544600.000000
23.333333	-0.515432	544800.000000
23.437500	-0.550182	545000.000000
23.541667	-0.513915	545200.000000
23.645833	-0.455537	545400.000000
23.750000	-0.400245	545600.000000
23.854167	-0.351697	545800.000000
23.958333	-0.306101	546000.000000
24.062500	-0.271754	546200.000000
24.166667	-0.259869	546400.000000
24.270833	-0.274875	546600.000000
24.375000	-0.301676	546800.000000
24.479167	-0.309813	547000.000000
24.583333	-0.273883	547200.000000
24.687500	-0.194256	547400.000000
24.791667	-0.097153	547600.000000
24.895833	-0.025560	547800.000000
25.000000	0.000948	548000.000000
25.104167	-0.013523	548200.000000
25.208333	-0.044839	548400.000000
25.312500	-0.067470	548600.000000
25.416667	-0.067776	548800.000000
25.520833	-0.048077	549000.000000
25.625000	-0.017252	549200.000000
25.729167	0.014753	549400.000000
25.833333	0.038476	549600.000000
25.937500	0.043988	549800.000000
26.041667	0.025462	550000.000000
26.145833	-0.009524	550200.000000
26.250000	-0.041217	550400.000000
26.354167	-0.047941	550600.000000
26.458333	-0.024535	550800.000000
26.562500	0.015937	551000.000000
26.666667	0.048330	551200.000000
26.770833	0.056525	551400.000000
26.875000	0.043717	551600.000000
26.979167	0.027074	551800.000000
27.083333	0.023915	552000.000000
27.187500	0.038238	552200.000000
27.291667	0.058406	552400.000000
27.395833	0.066647	552600.000000
27.500000	0.054191	552800.000000
27.604167	0.025860	553000.000000
27.708333	-0.005023	553200.000000
27.812500	-0.027946	553400.000000
27.916667	-0.041238	553600.000000
28.020833	-0.046254	553800.000000
28.125000	-0.046093	554000.000000
28.229167	-0.041930	554200.000000
28.333333	-0.032077	554400.000000
28.437500	-0.015198	554600.000000
28.541667	0.005655	554800.000000
28.645833	0.023523	555000.000000
28.750000	0.030442	555200.000000
28.854167	0.022399	555400.000000
28.958333	0.002450	555600.000000
29.062500	-0.018889	555800.000000
29.166667	-0.031472	556000.000000
29.270833	-0.031911	556200.000000
29.375000	-0.024702	556400.000000
29.479167	-0.018111	556600.000000
29.583333	-0.017613	556800.000000
29.687500	-0.024941	557000.000000
29.791667	-0.035329	557200.000000
29.895833	-0.042270	557400.000000
30.000000	-0.041950	557600.000000
30.104167	-0.032145	557800.000000
30.208333	-0.016973	558000.000000
30.312500	-0.002722	558200.000000
30.416667	0.006612	558400.000000
30.520833	0.009212	558600.000000
30.625000	0.007234	558800.000000
30.729167	0.004425	559000.000000
30.833333	0.002336	559200.000000
30.937500	-0.000539	559400.000000
31.041667	-0.003995	559600.000000
31.145833	-0.006679	559800.000000
31.250000	-0.007278	560000.000000
31.354167	-0.006788	560200.000000
31.458333	-0.009934	560400.000000
31.562500	-0.021732	560600.000000
31.666667	-0.045465	560800.000000
31.770833	-0.074330	561000.000000
31.875000	-0.096369	561200.000000
31.979167	-0.098668	561400.000000
32.083333	-0.077713	561600.000000
32.187500	-0.042654	561800.000000
32.291667	-0.009637	562000.000000
32.395833	0.009410	562200.000000
32.500000	0.010555	562400.000000
32.604167	-0.001969	562600.000000
32.708333	-0.018821	562800.000000
32.812500	-0.030909	563000.000000
32.916667	-0.035945	563200.000000
33.020833	-0.036209	563400.000000
33.125000	-0.034158	563600.000000
33.229167	-0.032637	563800.000000
33.333333	-0.032044	564000.000000
33.437500	-0.031950	564200.000000
33.541667	-0.032231	564400.000000
33.645833	-0.032047	564600.000000
33.750000	-0.029424	564800.000000
33.854167	-0.023372	565000.000000
33.958333	-0.013040	565200.000000
34.062500	0.002043	565400.000000
34.166667	0.018410	565600.000000
34.270833	0.029566	565800.000000
34.375000	0.029529	566000.000000
34.479167	0.014648	566200.000000
34.583333	-0.012485	566400.000000
34.687500	-0.040776	566600.000000
34.791667	-0.055318	566800.000000
34.895833	-0.048233	567000.000000
35.000000	-0.023994	567200.000000
35.104167	0.002308	567400.000000
35.208333	0.014131	567600.000000
35.312500	0.005058	567800.000000
35.416667	-0.018728	568000.000000
35.520833	-0.039893	568200.000000
35.625000	-0.044601	568400.000000
35.729167	-0.029991	568600.000000
35.833333	-0.007104	568800.000000
35.937500	0.012459	569000.000000
36.041667	0.020335	569200.000000
36.145833	0.016780	569400.000000
36.250000	0.006133	569600.000000
36.354167	-0.007493	569800.000000
36.458333	-0.018448	570000.000000
36.562500	-0.023005	570200.000000
36.666667	-0.020067	570400.000000
36.770833	-0.012512	570600.000000
36.875000	-0.007455	570800.000000
36.979167	-0.013084	571000.000000
37.083333	-0.030218	571200.000000
37.187500	-0.050881	571400.000000
37.291667	-0.061375	571600.000000
37.395833	-0.056255	571800.000000
37.500000	-0.036734	572000.000000
37.604167	-0.010444	572200.000000
37.708333	0.012613	572400.000000
37.812500	0.026239	572600.000000
37.916667	0.024865	572800.000000
38.020833	0.007657	573000.000000
38.125000	-0.018828	573200.000000
38.229167	-0.044419	573400.000000
38.333333	-0.058637	573600.000000
38.437500	-0.056873	573800.000000
38.541667	-0.043770	574000.000000
38.645833	-0.032383	574200.000000
38.750000	-0.034385	574400.000000
38.854167	-0.049575	574600.000000
38.958333	-0.066377	574800.000000
39.062500	-0.070219	575000.000000
39.166667	-0.054949	575200.000000
39.270833	-0.024631	575400.000000
39.375000	0.009193	575600.000000
39.479167	0.029380	575800.000000
39.583333	0.027968	576000.000000
39.687500	0.007308	576200.000000
39.791667	-0.021018	576400.000000
39.895833	-0.043354	576600.000000
40.000000	-0.050951	576800.000000
40.104167	-0.044385	577000.000000
40.208333	-0.031032	577200.000000
40.312500	-0.018955	577400.000000
40.416667	-0.013677	577600.000000
40.520833	-0.016724	577800.000000
40.625000	-0.026368	578000.000000
40.729167	-0.039321	578200.000000
40.833333	-0.050288	578400.000000
40.937500	-0.053681	578600.000000
41.041667	-0.046964	578800.000000
41.145833	-0.031493	579000.000000
41.250000	-0.014302	579200.000000
41.354167	-0.003242	579400.000000
41.458333	-0.002290	579600.000000
41.562500	-0.009206	579800.000000
41.666667	-0.018048	580000.000000
41.770833	-0.024462	580200.000000
41.875000	-0.025280	580400.000000
41.979167	-0.022124	580600.000000
42.083333	-0.019030	580800.000000
42.187500	-0.020790	581000.000000
42.291667	-0.028918	581200.000000
42.395833	-0.041500	581400.000000
42.500000	-0.052941	581600.000000
42.604167	-0.056836	581800.000000
42.708333	-0.051414	582000.000000
42.812500	-0.038686	582200.000000
42.916667	-0.023352	582400.000000
43.020833	-0.010653	582600.000000
43.125000	-0.003719	582800.000000
43.229167	-0.003019	583000.000000
43.333333	-0.005601	583200.000000
43.437500	-0.008770	583400.000000
43.541667	-0.010845	583600.000000
43.645833	-0.013873	583800.000000
43.750000	-0.021372	584000.000000
43.854167	-0.033706	584200.000000
43.958333	-0.047703	584400.000000
44.062500	-0.056010	584600.000000
44.166667	-0.053917	584800.000000
44.270833	-0.042395	585000.000000
44.375000	-0.028242	585200.000000
44.479167	-0.018084	585400.000000
44.583333	-0.014968	585600.000000
44.687500	-0.015399	585800.000000
44.791667	-0.014587	586000.000000
44.895833	-0.012089	586200.000000
45.000000	-0.010174	586400.000000
45.104167	-0.011104	586600.000000
45.208333	-0.015361	586800.000000
45.312500	-0.019682	587000.000000
45.416667	-0.020759	587200.000000
45.520833	-0.019557	587400.000000
45.625000	-0.019150	587600.000000
45.729167	-0.022528	587800.000000
45.833333	-0.029414	588000.000000
45.937500	-0.035625	588200.000000
46.041667	-0.037399	588400.000000
46.145833	-0.033027	588600.000000
46.250000	-0.025834	588800.000000
46.354167	-0.020284	589000.000000
46.458333	-0.019196	589200.000000
46.562500	-0.021542	589400.000000
46.666667	-0.024004	589600.000000
46.770833	-0.023497	589800.000000
46.875000	-0.019116	590000.000000
46.979167	-0.012948	590200.000000
47.083333	-0.007061	590400.000000
47.187500	-0.004145	590600.000000
47.291667	-0.006213	590800.000000
47.395833	-0.013453	591000.000000
47.500000	-0.025312	591200.000000
47.604167	-0.037286	591400.000000
47.708333	-0.043962	591600.000000
47.812500	-0.042467	591800.000000
47.916667	-0.035964	592000.000000
48.020833	-0.029410	592200.000000
48.125000	-0.027028	592400.000000
48.229167	-0.027235	592600.000000
48.333333	-0.024865	592800.000000
48.437500	-0.016944	593000.000000
48.541667	-0.005632	593200.000000
48.645833	0.003952	593400.000000
48.750000	0.005886	593600.000000
48.854167	-0.000508	593800.000000
48.958333	-0.012231	594000.000000
49.062500	-0.024854	594200.000000
49.166667	-0.034430	594400.000000
49.270833	-0.040152	594600.000000
49.375000	-0.041906	594800.000000
49.479167	-0.039431	595000.000000
49.583333	-0.032319	595200.000000
49.687500	-0.023823	595400.000000
49.791667	-0.016523	595600.000000
49.895833	-0.013546	595800.000000
50.000000	-0.016071	596000.000000
50.104167	-0.020147	596200.000000
50.208333	-0.022599	596400.000000
50.312500	-0.020462	596600.000000
50.416667	-0.014057	596800.000000
50.520833	-0.006284	597000.000000
50.625000	-0.002030	597200.000000
50.729167	-0.004909	597400.000000
50.833333	-0.014162	597600.000000
50.937500	-0.025599	597800.000000
51.041667	-0.032877	598000.000000
51.145833	-0.033405	598200.000000
51.250000	-0.028306	598400.000000
51.354167	-0.021402	598600.000000
51.458333	-0.016780	598800.000000
51.562500	-0.017076	599000.000000
51.666667	-0.021541	599200.000000
51.770833	-0.026996	599400.000000
51.875000	-0.030446	599600.000000
51.979167	-0.028995	599800.000000
52.083333	-0.022845	600000.000000
52.187500	-0.013468	600200.000000
52.291667	-0.004383	600400.000000
52.395833	0.000519	600600.000000
52.500000	-0.000383	600800.000000
52.604167	-0.006023	601000.000000
52.708333	-0.013288	601200.000000
52.812500	-0.021026	601400.000000
52.916667	-0.028173	601600.000000
53.020833	-0.035674	601800.000000
53.125000	-0.041708	602000.000000
53.229167	-0.043661	602200.000000
53.333333	-0.040307	602400.000000
53.437500	-0.032198	602600.000000
53.541667	-0.022368	602800.000000
53.645833	-0.015137	603000.000000
53.750000	-0.011123	603200.000000
53.854167	-0.009964	603400.000000
53.958333	-0.009737	603600.000000
54.062500	-0.009846	603800.000000
54.166667	-0.010776	604000.000000
54.270833	-0.013403	604200.000000
54.375000	-0.017085	604400.000000
54.479167	-0.020878	604600.000000
54.583333	-0.024778	604800.000000
54.687500	-0.028232	605000.000000
54.791667	-0.032169	605200.000000
54.895833	-0.035537	605400.000000
55.000000	-0.036109	605600.000000
55.104167	-0.032793	605800.000000
55.208333	-0.027025	606000.000000
55.312500	-0.020840	606200.000000
55.416667	-0.016133	606400.000000
55.520833	-0.013677	606600.000000
55.625000	-0.014175	606800.000000
55.729167	-0.017812	607000.000000
55.833333	-0.023880	607200.000000
55.937500	-0.029060	607400.000000
56.041667	-0.029477	607600.000000
56.145833	-0.024721	607800.000000
56.250000	-0.018329	608000.000000
56.354167	-0.015436	608200.000000
56.458333	-0.019213	608400.000000
56.562500	-0.027896	608600.000000
56.666667	-0.036503	608800.000000
56.770833	-0.039680	609000.000000
56.875000	-0.036598	609200.000000
56.979167	-0.030772	609400.000000
57.083333	-0.026323	609600.000000
57.187500	-0.025348	609800.000000
57.291667	-0.026642	610000.000000
57.395833	-0.027230	610200.000000
57.500000	-0.025357	610400.000000
57.604167	-0.020711	610600.000000
57.708333	-0.014570	610800.000000
57.812500	-0.009002	611000.000000
57.916667	-0.006317	611200.000000
58.020833	-0.009431	611400.000000
58.125000	-0.018208	611600.000000
58.229167	-0.030156	611800.000000
58.333333	-0.041331	612000.000000
58.437500	-0.046642	612200.000000
58.541667	-0.044179	612400.000000
58.645833	-0.035333	612600.000000
58.750000	-0.025657	612800.000000
58.854167	-0.021478	613000.000000
58.958333	-0.021033	613200.000000
59.062500	-0.021742	613400.000000
59.166667	-0.020983	613600.000000
59.270833	-0.018725	613800.000000
59.375000	-0.015640	614000.000000
59.479167	-0.013071	614200.000000
59.583333	-0.012576	614400.000000
59.687500	-0.013870	614600.000000
59.791667	-0.017354	614800.000000
59.895833	-0.022868	615000.000000
60.000000	-0.030702	615200.000000
60.104167	-0.037599	615400.000000
60.208333	-0.039799	615600.000000
60.312500	-0.035564	615800.000000
60.416667	-0.026871	616000.000000
60.520833	-0.017863	616200.000000
60.625000	-0.013287	616400.000000
60.729167	-0.014256	616600.000000
60.833333	-0.018480	616800.000000
60.937500	-0.022497	617000.000000
61.041667	-0.024268	617200.000000
61.145833	-0.023142	617400.000000
61.250000	-0.020513	617600.000000
61.354167	-0.017299	617800.000000
61.458333	-0.014699	618000.000000
61.562500	-0.012729	618200.000000
61.666667	-0.012244	618400.000000
61.770833	-0.013170	618600.000000
61.875000	-0.016014	618800.000000
61.979167	-0.020144	619000.000000
62.083333	-0.025024	619200.000000
62.187500	-0.029195	619400.000000
62.291667	-0.030842	619600.000000
62.395833	-0.029778	619800.000000
62.500000	-0.026410	620000.000000
62.604167	-0.021656	620200.000000
62.708333	-0.016676	620400.000000
62.812500	-0.013509	620600.000000
62.916667	-0.012091	620800.000000
63.020833	-0.013188	621000.000000
63.125000	-0.014867	621200.000000
63.229167	-0.015872	621400.000000
63.333333	-0.015812	621600.000000
63.437500	-0.014628	621800.000000
63.541667	-0.014802	622000.000000
63.645833	-0.017487	622200.000000
63.750000	-0.023083	622400.000000
63.854167	-0.029131	622600.000000
63.958333	-0.033043	622800.000000
64.062500	-0.032299	623000.000000
64.166667	-0.026667	623200.000000
64.270833	-0.018741	623400.000000
64.375000	-0.010752	623600.000000
64.479167	-0.005696	623800.000000
64.583333	-0.004871	624000.000000
64.687500	-0.008366	624200.000000
64.791667	-0.014159	624400.000000
64.895833	-0.019872	624600.000000
65.000000	-0.023650	624800.000000
65.104167	-0.025324	625000.000000
65.208333	-0.026040	625200.000000
65.312500	-0.027059	625400.000000
65.416667	-0.028963	625600.000000
65.520833	-0.031438	625800.000000
65.625000	-0.034267	626000.000000
65.729167	-0.035346	626200.000000
65.833333	-0.034337	626400.000000
65.937500	-0.030726	626600.000000
66.041667	-0.026117	626800.000000
66.145833	-0.022619	627000.000000
66.250000	-0.022275	627200.000000
66.354167	-0.025093	627400.000000
66.458333	-0.029140	627600.000000
66.562500	-0.030084	627800.000000
66.666667	-0.026417	628000.000000
66.770833	-0.019506	628200.000000
66.875000	-0.012599	628400.000000
66.979167	-0.010689	628600.000000
67.083333	-0.014274	628800.000000
67.187500	-0.022208	629000.000000
67.291667	-0.029440	629200.000000
67.395833	-0.033985	629400.000000
67.500000	-0.034204	629600.000000
67.604167	-0.031391	629800.000000
67.708333	-0.027305	630000.000000
67.812500	-0.024139	630200.000000
67.916667	-0.022626	630400.000000
68.020833	-0.022900	630600.000000
68.125000	-0.023676	630800.000000
68.229167	-0.023880	631000.000000
68.333333	-0.021216	631200.000000
68.437500	-0.015383	631400.000000
68.541667	-0.009926	631600.000000
68.645833	-0.007917	631800.000000
68.750000	-0.010483	632000.000000
68.854167	-0.017390	632200.000000
68.958333	-0.025623	632400.000000
69.062500	-0.031259	632600.000000
69.166667	-0.033189	632800.000000
69.270833	-0.031345	633000.000000
69.375000	-0.027997	633200.000000
69.479167	-0.024593	633400.000000
69.583333	-0.020437	633600.000000
69.687500	-0.015497	633800.000000
69.791667	-0.010192	634000.000000
69.895833	-0.006702	634200.000000
70.000000	-0.005533	634400.000000
70.104167	-0.006624	634600.000000
70.208333	-0.009299	634800.000000
70.312500	-0.012600	635000.000000
70.416667	-0.015452	635200.000000
70.520833	-0.017650	635400.000000
70.625000	-0.019230	635600.000000
70.729167	-0.020037	635800.000000
70.833333	-0.019861	636000.000000
70.937500	-0.020019	636200.000000
71.041667	-0.021497	636400.000000
71.145833	-0.025829	636600.000000
71.250000	-0.031250	636800.000000
71.354167	-0.035331	637000.000000
71.458333	-0.036457	637200.000000
71.562500	-0.033686	637400.000000
71.666667	-0.030108	637600.000000
71.770833	-0.027457	637800.000000
71.875000	-0.028101	638000.000000
71.979167	-0.031462	638200.000000
72.083333	-0.035651	638400.000000
72.187500	-0.038532	638600.000000
72.291667	-0.038237	638800.000000
72.395833	-0.035138	639000.000000
72.500000	-0.030696	639200.000000
72.604167	-0.027068	639400.000000
72.708333	-0.026032	639600.000000
72.812500	-0.028003	639800.000000
72.916667	-0.032191	640000.000000
73.020833	-0.036094	640200.000000
73.125000	-0.036862	640400.000000
73.229167	-0.032786	640600.000000
73.333333	-0.025231	640800.000000
73.437500	-0.016335	641000.000000
73.541667	-0.009045	641200.000000
73.645833	-0.006511	641400.000000
73.750000	-0.007610	641600.000000
73.854167	-0.010226	641800.000000
73.958333	-0.012632	642000.000000
74.062500	-0.013926	642200.000000
74.166667	-0.014269	642400.000000
74.270833	-0.014708	642600.000000
74.375000	-0.017029	642800.000000
74.479167	-0.020891	643000.000000
74.583333	-0.026188	643200.000000
74.687500	-0.029759	643400.000000
74.791667	-0.030319	643600.000000
74.895833	-0.026866	643800.000000
75.000000	-0.021165	644000.000000
75.104167	-0.015917	644200.000000
75.208333	-0.013456	644400.000000
75.312500	-0.015500	644600.000000
75.416667	-0.020900	644800.000000
75.520833	-0.026094	645000.000000
75.625000	-0.028755	645200.000000
75.729167	-0.027775	645400.000000
75.833333	-0.025066	645600.000000
75.937500	-0.021649	645800.000000
76.041667	-0.020277	646000.000000
76.145833	-0.021419	646200.000000
76.250000	-0.024794	646400.000000
76.354167	-0.027996	646600.000000
76.458333	-0.028889	646800.000000
76.562500	-0.025956	647000.000000
76.666667	-0.020529	647200.000000
76.770833	-0.014701	647400.000000
76.875000	-0.011537	647600.000000
76.979167	-0.013125	647800.000000
77.083333	-0.018125	648000.000000
77.187500	-0.023448	648200.000000
77.291667	-0.027005	648400.000000
77.395833	-0.027062	648600.000000
77.500000	-0.023899	648800.000000
77.604167	-0.020124	649000.000000
77.708333	-0.017483	649200.000000
77.812500	-0.017898	649400.000000
77.916667	-0.021496	649600.000000
78.020833	-0.027058	649800.000000
78.125000	-0.032986	650000.000000
78.229167	-0.037099	650200.000000
78.333333	-0.038107	650400.000000
78.437500	-0.036025	650600.000000
78.541667	-0.032090	650800.000000
78.645833	-0.027713	651000.000000
78.750000	-0.024377	651200.000000
78.854167	-0.022431	651400.000000
78.958333	-0.020970	651600.000000
79.062500	-0.019430	651800.000000
79.166667	-0.018345	652000.000000
79.270833	-0.018325	652200.000000
79.375000	-0.019060	652400.000000
79.479167	-0.021221	652600.000000
79.583333	-0.023790	652800.000000
79.687500	-0.026289	653000.000000
79.791667	-0.028020	653200.000000
79.895833	-0.028287	653400.000000
80.000000	-0.027877	653600.000000
80.104167	-0.027455	653800.000000
80.208333	-0.026849	654000.000000
80.312500	-0.026572	654200.000000
80.416667	-0.025870	654400.000000
80.520833	-0.024433	654600.000000
80.625000	-0.022746	654800.000000
80.729167	-0.021219	655000.000000
80.833333	-0.020601	655200.000000
80.937500	-0.020868	655400.000000
81.041667	-0.021696	655600.000000
81.145833	-0.022707	655800.000000
81.250000	-0.023684	656000.000000
81.354167	-0.024790	656200.000000
81.458333	-0.025238	656400.000000
81.562500	-0.025098	656600.000000
81.666667	-0.024073	656800.000000
81.770833	-0.022665	657000.000000
81.875000	-0.021909	657200.000000
81.979167	-0.022046	657400.000000
82.083333	-0.022818	657600.000000
82.187500	-0.023875	657800.000000
82.291667	-0.023978	658000.000000
82.395833	-0.023450	658200.000000
82.500000	-0.022319	658400.000000
82.604167	-0.020923	658600.000000
82.708333	-0.018880	658800.000000
82.812500	-0.016200	659000.000000
82.916667	-0.013095	659200.000000
83.020833	-0.011181	659400.000000
83.125000	-0.011633	659600.000000
83.229167	-0.014466	659800.000000
83.333333	-0.018469	660000.000000
83.437500	-0.021960	660200.000000
83.541667	-0.023975	660400.000000
83.645833	-0.024412	660600.000000
83.750000	-0.023944	660800.000000
83.854167	-0.022476	661000.000000
83.958333	-0.019910	661200.000000
84.062500	-0.017205	661400.000000
84.166667	-0.014572	661600.000000
84.270833	-0.013812	661800.000000
84.375000	-0.014871	662000.000000
84.479167	-0.016108	662200.000000
84.583333	-0.017023	662400.000000
84.687500	-0.016656	662600.000000
84.791667	-0.015477	662800.000000
84.895833	-0.015868	663000.000000
85.000000	-0.017903	663200.000000
85.104167	-0.021869	663400.000000
85.208333	-0.025783	663600.000000
85.312500	-0.028207	663800.000000
85.416667	-0.028274	664000.000000
85.520833	-0.025925	664200.000000
85.625000	-0.022758	664400.000000
85.729167	-0.019351	664600.000000
85.833333	-0.016837	664800.000000
85.937500	-0.016316	665000.000000
86.041667	-0.017639	665200.000000
86.145833	-0.020116	665400.000000
86.250000	-0.022442	665600.000000
86.354167	-0.023345	665800.000000
86.458333	-0.023191	666000.000000
86.562500	-0.022360	666200.000000
86.666667	-0.021579	666400.000000
86.770833	-0.021758	666600.000000
86.875000	-0.022874	666800.000000
86.979167	-0.023800	667000.000000
87.083333	-0.024777	667200.000000
87.187500	-0.025139	667400.000000
87.291667	-0.025168	667600.000000
87.395833	-0.025752	667800.000000
87.500000	-0.026338	668000.000000
87.604167	-0.026793	668200.000000
87.708333	-0.026191	668400.000000
87.812500	-0.024471	668600.000000
87.916667	-0.022283	668800.000000
88.020833	-0.020261	669000.000000
88.125000	-0.018869	669200.000000
88.229167	-0.018292	669400.000000
88.333333	-0.018551	669600.000000
88.437500	-0.019191	669800.000000
88.541667	-0.020465	670000.000000
88.645833	-0.022503	670200.000000
88.750000	-0.024755	670400.000000
88.854167	-0.026678	670600.000000
88.958333	-0.028260	670800.000000
89.062500	-0.028158	671000.000000
89.166667	-0.027832	671200.000000
89.270833	-0.027085	671400.000000
89.375000	-0.025913	671600.000000
89.479167	-0.024362	671800.000000
89.583333	-0.022563	672000.000000
89.687500	-0.020625	672200.000000
89.791667	-0.018914	672400.000000
89.895833	-0.018181	672600.000000
90.000000	-0.018163	672800.000000
90.104167	-0.019526	673000.000000
90.208333	-0.021478	673200.000000
90.312500	-0.023690	673400.000000
90.416667	-0.026187	673600.000000
90.520833	-0.027656	673800.000000
90.625000	-0.028596	674000.000000
90.729167	-0.028486	674200.000000
90.833333	-0.026734	674400.000000
90.937500	-0.024575	674600.000000
91.041667	-0.022684	674800.000000
91.145833	-0.021243	675000.000000
91.250000	-0.020923	675200.000000
91.354167	-0.021602	675400.000000
91.458333	-0.022933	675600.000000
91.562500	-0.024637	675800.000000
91.666667	-0.025579	676000.000000
91.770833	-0.025540	676200.000000
91.875000	-0.024276	676400.000000
91.979167	-0.022445	676600.000000
92.083333	-0.021204	676800.000000
92.187500	-0.021075	677000.000000
92.291667	-0.022167	677200.000000
92.395833	-0.024359	677400.000000
92.500000	-0.026487	677600.000000
92.604167	-0.027469	677800.000000
92.708333	-0.026833	678000.000000
92.812500	-0.025299	678200.000000
92.916667	-0.023038	678400.000000
93.020833	-0.021040	678600.000000
93.125000	-0.020008	678800.000000
93.229167	-0.019622	679000.000000
93.333333	-0.020210	679200.000000
93.437500	-0.020474	679400.000000
93.541667	-0.020312	679600.000000
93.645833	-0.019604	679800.000000
93.750000	-0.018691	680000.000000
93.854167	-0.018344	680200.000000
93.958333	-0.018946	680400.000000
94.062500	-0.021051	680600.000000
94.166667	-0.023979	680800.000000
94.270833	-0.027298	681000.000000
94.375000	-0.030031	681200.000000
94.479167	-0.031185	681400.000000
94.583333	-0.030684	681600.000000
94.687500	-0.027763	681800.000000
94.791667	-0.023738	682000.000000
94.895833	-0.019926	682200.000000
95.000000	-0.018010	682400.000000
95.104167	-0.018133	682600.000000
95.208333	-0.020065	682800.000000
95.312500	-0.022131	683000.000000
95.416667	-0.023333	683200.000000
95.520833	-0.023493	683400.000000
95.625000	-0.023319	683600.000000
95.729167	-0.023830	683800.000000
95.833333	-0.024970	684000.000000
95.937500	-0.026086	684200.000000
96.041667	-0.026779	684400.000000
96.145833	-0.027284	684600.000000
96.250000	-0.026650	684800.000000
96.354167	-0.025700	685000.000000
96.458333	-0.024303	685200.000000
96.562500	-0.023295	685400.000000
96.666667	-0.022606	685600.000000
96.770833	-0.022775	685800.000000
96.875000	-0.023047	686000.000000
96.979167	-0.023170	686200.000000
97.083333	-0.022960	686400.000000
97.187500	-0.021795	686600.000000
97.291667	-0.020314	686800.000000
97.395833	-0.019177	687000.000000
97.500000	-0.018630	687200.000000
97.604167	-0.018497	687400.000000
97.708333	-0.019452	687600.000000
97.812500	-0.020773	687800.000000
97.916667	-0.022672	688000.000000
98.020833	-0.024065	688200.000000
98.125000	-0.024824	688400.000000
98.229167	-0.024953	688600.000000
98.333333	-0.024287	688800.000000
98.437500	-0.023337	689000.000000
98.541667	-0.023002	689200.000000
98.645833	-0.023679	689400.000000
98.750000	-0.024667	689600.000000
98.854167	-0.024966	689800.000000
98.958333	-0.023951	690000.000000
99.062500	-0.021429	690200.000000
99.166667	-0.019432	690400.000000
99.270833	-0.018604	690600.000000
99.375000	-0.020093	690800.000000
99.479167	-0.023380	691000.000000
99.583333	-0.027129	691200.000000
99.687500	-0.029403	691400.000000
99.791667	-0.029423	691600.000000
99.895833	-0.027593	691800.000000
100.000000	-0.024088	692000.000000
100.104167	-0.021167	692200.000000
100.208333	-0.019151	692400.000000
100.312500	-0.018928	692600.000000
100.416667	-0.020132	692800.000000
100.520833	-0.021944	693000.000000
100.625000	-0.023536	693200.000000
100.729167	-0.023828	693400.000000
100.833333	-0.022804	693600.000000
100.937500	-0.021722	693800.000000
101.041667	-0.020485	694000.000000
101.145833	-0.020279	694200.000000
101.250000	-0.021083	694400.000000
101.354167	-0.022454	694600.000000
101.458333	-0.023559	694800.000000
101.562500	-0.023965	695000.000000
101.666667	-0.023216	695200.000000
101.770833	-0.022048	695400.000000
101.875000	-0.020581	695600.000000
101.979167	-0.020305	695800.000000
102.083333	-0.020504	696000.000000
102.187500	-0.022542	696200.000000
102.291667	-0.024131	696400.000000
102.395833	-0.025109	696600.000000
102.500000	-0.025362	696800.000000
102.604167	-0.024549	697000.000000
102.708333	-0.022870	697200.000000
102.812500	-0.021336	697400.000000
102.916667	-0.020982	697600.000000
103.020833	-0.021561	697800.000000
103.125000	-0.023392	698000.000000
103.229167	-0.025281	698200.000000
103.333333	-0.026618	698400.000000
103.437500	-0.027656	698600.000000
103.541667	-0.028562	698800.000000
103.645833	-0.028672	699000.000000
103.750000	-0.028071	699200.000000
103.854167	-0.026599	699400.000000
103.958333	-0.024287	699600.000000
104.062500	-0.022171	699800.000000
104.166667	-0.021112	700000.000000
104.270833	-0.020919	700200.000000
104.375000	-0.021894	700400.000000
104.479167	-0.022786	700600.000000
104.583333	-0.023603	700800.000000
104.687500	-0.023942	701000.000000
104.791667	-0.023751	701200.000000
104.895833	-0.024058	701400.000000
105.000000	-0.024447	701600.000000
105.104167	-0.025296	701800.000000
105.208333	-0.026066	702000.000000
105.312500	-0.026194	702200.000000
105.416667	-0.024668	702400.000000
105.520833	-0.022610	702600.000000
105.625000	-0.020431	702800.000000
105.729167	-0.019253	703000.000000
105.833333	-0.019198	703200.000000
105.937500	-0.020024	703400.000000
106.041667	-0.020966	703600.000000
106.145833	-0.022262	703800.000000
106.250000	-0.023201	704000.000000
106.354167	-0.023790	704200.000000
106.458333	-0.023806	704400.000000
106.562500	-0.023511	704600.000000
106.666667	-0.023183	704800.000000
106.770833	-0.023452	705000.000000
106.875000	-0.024231	705200.000000
106.979167	-0.025090	705400.000000
107.083333	-0.025660	705600.000000
107.187500	-0.025158	705800.000000
107.291667	-0.023624	706000.000000
107.395833	-0.021984	706200.000000
107.500000	-0.020718	706400.000000
107.604167	-0.020779	706600.000000
107.708333	-0.021588	706800.000000
107.812500	-0.022958	707000.000000
107.916667	-0.023671	707200.000000
108.020833	-0.023240	707400.000000
108.125000	-0.021636	707600.000000
108.229167	-0.019611	707800.000000
108.333333	-0.017723	708000.000000
108.437500	-0.017764	708200.000000
108.541667	-0.019990	708400.000000
108.645833	-0.023853	708600.000000
108.750000	-0.027368	708800.000000
108.854167	-0.029144	709000.000000
108.958333	-0.028140	709200.000000
109.062500	-0.025097	709400.000000
109.166667	-0.022057	709600.000000
109.270833	-0.020541	709800.000000
109.375000	-0.021094	710000.000000
109.479167	-0.022963	710200.000000
109.583333	-0.025195	710400.000000
109.687500	-0.026396	710600.000000
109.791667	-0.026325	710800.000000
109.895833	-0.025325	711000.000000
110.000000	-0.023963	711200.000000
110.104167	-0.023327	711400.000000
110.208333	-0.023720	711600.000000
110.312500	-0.024983	711800.000000
110.416667	-0.026879	712000.000000
110.520833	-0.028207	712200.000000
110.625000	-0.028253	712400.000000
110.729167	-0.026444	712600.000000
110.833333	-0.023296	712800.000000
110.937500	-0.020225	713000.000000
111.041667	-0.018139	713200.000000
111.145833	-0.017407	713400.000000
111.250000	-0.017961	713600.000000
111.354167	-0.019158	713800.000000
111.458333	-0.020565	714000.000000
111.562500	-0.021426	714200.000000
111.666667	-0.021350	714400.000000
111.770833	-0.020380	714600.000000
111.875000	-0.019116	714800.000000
111.979167	-0.018163	715000.000000
112.083333	-0.018033	715200.000000
112.187500	-0.018968	715400.000000
112.291667	-0.019701	715600.000000
112.395833	-0.020307	715800.000000
112.500000	-0.020114	716000.000000
112.604167	-0.019495	716200.000000
112.708333	-0.018806	716400.000000
112.812500	-0.018620	716600.000000
112.916667	-0.018873	716800.000000
113.020833	-0.018879	717000.000000
113.125000	-0.018424	717200.000000
113.229167	-0.017679	717400.000000
113.333333	-0.016437	717600.000000
113.437500	-0.015152	717800.000000
113.541667	-0.013670	718000.000000
113.645833	-0.011697	718200.000000
113.750000	-0.010549	718400.000000
113.854167	-0.010296	718600.000000
113.958333	-0.012267	718800.000000
114.062500	-0.016569	719000.000000
114.166667	-0.022549	719200.000000
114.270833	-0.029482	719400.000000
114.375000	-0.035537	719600.000000
114.479167	-0.040285	719800.000000
114.583333	-0.043137	720000.000000
114.687500	-0.043972	720200.000000
114.791667	-0.043925	720400.000000
114.895833	-0.043077	720600.000000
115.000000	-0.042117	720800.000000
115.104167	-0.040068	721000.000000
115.208333	-0.036525	721200.000000
115.312500	-0.031601	721400.000000
115.416667	-0.025511	721600.000000
115.520833	-0.020330	721800.000000
115.625000	-0.016777	722000.000000
115.729167	-0.014997	722200.000000
115.833333	-0.014201	722400.000000
115.937500	-0.014012	722600.000000
116.041667	-0.013845	722800.000000
116.145833	-0.013634	723000.000000
116.250000	-0.013300	723200.000000
116.354167	-0.013247	723400.000000
116.458333	-0.013666	723600.000000
116.562500	-0.014922	723800.000000
116.666667	-0.016429	724000.000000
116.770833	-0.017905	724200.000000
116.875000	-0.018745	724400.000000
116.979167	-0.019191	724600.000000
117.083333	-0.019349	724800.000000
117.187500	-0.019306	725000.000000
117.291667	-0.019151	725200.000000
117.395833	-0.019387	725400.000000
117.500000	-0.020069	725600.000000
117.604167	-0.021006	725800.000000
117.708333	-0.021873	726000.000000
117.812500	-0.022472	726200.000000
117.916667	-0.022814	726400.000000
118.020833	-0.022410	726600.000000
118.125000	-0.022458	726800.000000
118.229167	-0.022423	727000.000000
118.333333	-0.023544	727200.000000
118.437500	-0.025370	727400.000000
118.541667	-0.027316	727600.000000
118.645833	-0.028876	727800.000000
118.750000	-0.029580	728000.000000
118.854167	-0.028985	728200.000000
118.958333	-0.028106	728400.000000
119.062500	-0.027020	728600.000000
119.166667	-0.026603	728800.000000
119.270833	-0.027277	729000.000000
119.375000	-0.028281	729200.000000
119.479167	-0.029549	729400.000000
119.583333	-0.030090	729600.000000
119.687500	-0.029857	729800.000000
119.791667	-0.028756	730000.000000
119.895833	-0.027363	730200.000000
120.000000	-0.025776	730400.000000
120.104167	-0.024261	730600.000000
120.208333	-0.022683	730800.000000
120.312500	-0.021398	731000.000000
120.416667	-0.020858	731200.000000
120.520833	-0.020982	731400.000000
120.625000	-0.021768	731600.000000
120.729167	-0.023783	731800.000000
120.833333	-0.025564	732000.000000
120.937500	-0.026450	732200.000000
121.041667	-0.026208	732400.000000
121.145833	-0.025228	732600.000000
121.250000	-0.023936	732800.000000
121.354167	-0.022891	733000.000000
121.458333	-0.022270	733200.000000
121.562500	-0.022114	733400.000000
121.666667	-0.022539	733600.000000
121.770833	-0.023082	733800.000000
121.875000	-0.023881	734000.000000
121.979167	-0.023912	734200.000000
122.083333	-0.023537	734400.000000
122.187500	-0.023139	734600.000000
122.291667	-0.023070	734800.000000
122.395833	-0.022985	735000.000000
122.500000	-0.023711	735200.000000
122.604167	-0.023987	735400.000000
122.708333	-0.024035	735600.000000
122.812500	-0.023343	735800.000000
122.916667	-0.022837	736000.000000
123.020833	-0.022569	736200.000000
123.125000	-0.022697	736400.000000
123.229167	-0.023194	736600.000000
123.333333	-0.023367	736800.000000
123.437500	-0.023342	737000.000000
123.541667	-0.022580	737200.000000
123.645833	-0.021442	737400.000000
123.750000	-0.019959	737600.000000
123.854167	-0.019134	737800.000000
123.958333	-0.018596	738000.000000
124.062500	-0.018988	738200.000000
124.166667	-0.019859	738400.000000
124.270833	-0.020811	738600.000000
124.375000	-0.021495	738800.000000
124.479167	-0.021759	739000.000000
124.583333	-0.021664	739200.000000
124.687500	-0.021915	739400.000000
124.791667	-0.022288	739600.000000
124.895833	-0.023339	739800.000000
125.000000	-0.024618	740000.000000
125.104167	-0.025213	740200.000000
125.208333	-0.024399	740400.000000
125.312500	-0.022534	740600.000000
125.416667	-0.020522	740800.000000
125.520833	-0.019395	741000.000000
125.625000	-0.019088	741200.000000
125.729167	-0.020341	741400.000000
125.833333	-0.022331	741600.000000
125.937500	-0.024319	741800.000000
126.041667	-0.025695	742000.000000
126.145833	-0.026186	742200.000000
126.250000	-0.025798	742400.000000
126.354167	-0.024734	742600.000000
126.458333	-0.023962	742800.000000
126.562500	-0.024025	743000.000000
126.666667	-0.024434	743200.000000
126.770833	-0.025361	743400.000000
126.875000	-0.026174	743600.000000
126.979167	-0.025898	743800.000000
127.083333	-0.024797	744000.000000
127.187500	-0.022937	744200.000000
127.291667	-0.021653	744400.000000
127.395833	-0.021092	744600.000000
127.500000	-0.021403	744800.000000
127.604167	-0.022504	745000.000000
127.708333	-0.023779	745200.000000
127.812500	-0.024418	745400.000000
127.916667	-0.024481	745600.000000
128.020833	-0.023727	745800.000000
128.125000	-0.022286	746000.000000
128.229167	-0.021449	746200.000000
128.333333	-0.021609	746400.000000
128.437500	-0.022798	746600.000000
128.541667	-0.024423	746800.000000
128.645833	-0.025441	747000.000000
128.750000	-0.025296	747200.000000
128.854167	-0.023809	747400.000000
128.958333	-0.022184	747600.000000
129.062500	-0.020295	747800.000000
129.166667	-0.019447	748000.000000
129.270833	-0.019075	748200.000000
129.375000	-0.019254	748400.000000
129.479167	-0.019676	748600.000000
129.583333	-0.020335	748800.000000
129.687500	-0.021470	749000.000000
129.791667	-0.022545	749200.000000
129.895833	-0.023977	749400.000000
130.000000	-0.024940	749600.000000
130.104167	-0.025774	749800.000000
130.208333	-0.026603	750000.000000
