0.000000	-0.023345	550000.000000
0.104167	-0.023447	550200.000000
0.208333	-0.023381	550400.000000
0.312500	-0.023303	550600.000000
0.416667	-0.023424	550800.000000
0.520833	-0.023329	551000.000000
0.625000	-0.023427	551200.000000
0.729167	-0.023256	551400.000000
0.833333	-0.023117	551600.000000
0.937500	-0.023140	551800.000000
1.041667	-0.023322	552000.000000
1.145833	-0.023468	552200.000000
1.250000	-0.023493	552400.000000
1.354167	-0.023128	552600.000000
1.458333	-0.023468	552800.000000
1.562500	-0.023182	553000.000000
1.666667	-0.023099	553200.000000
1.770833	-0.023293	553400.000000
1.875000	-0.023264	553600.000000
1.979167	-0.023297	553800.000000
2.083333	-0.023412	554000.000000
2.187500	-0.023217	554200.000000
2.291667	-0.023144	554400.000000
2.395833	-0.022810	554600.000000
2.500000	-0.022692	554800.000000
2.604167	-0.022829	555000.000000
2.708333	-0.022795	555200.000000
2.812500	-0.022711	555400.000000
2.916667	-0.022515	555600.000000
3.020833	-0.022603	555800.000000
3.125000	-0.022564	556000.000000
3.229167	-0.022662	556200.000000
3.333333	-0.022776	556400.000000
3.437500	-0.022654	556600.000000
3.541667	-0.022624	556800.000000
3.645833	-0.022505	557000.000000
3.750000	-0.022488	557200.000000
3.854167	-0.022470	557400.000000
3.958333	-0.022815	557600.000000
4.062500	-0.022566	557800.000000
4.166667	-0.022625	558000.000000
4.270833	-0.022528	558200.000000
4.375000	-0.022669	558400.000000
4.479167	-0.022514	558600.000000
4.583333	-0.022677	558800.000000
4.687500	-0.022510	559000.000000
4.791667	-0.022556	559200.000000
4.895833	-0.022658	559400.000000
5.000000	-0.022521	559600.000000
5.104167	-0.022490	559800.000000
5.208333	-0.022731	560000.000000
5.312500	-0.022592	560200.000000
5.416667	-0.022617	560400.000000
5.520833	-0.022475	560600.000000
5.625000	-0.022537	560800.000000
5.729167	-0.022546	561000.000000
5.833333	-0.022603	561200.000000
5.937500	-0.022586	561400.000000
6.041667	-0.022605	561600.000000
6.145833	-0.022603	561800.000000
6.250000	-0.022517	562000.000000
6.354167	-0.022621	562200.000000
6.458333	-0.022564	562400.000000
6.562500	-0.022496	562600.000000
6.666667	-0.022650	562800.000000
6.770833	-0.022495	563000.000000
6.875000	-0.022566	563200.000000
6.979167	-0.022398	563400.000000
7.083333	-0.022525	563600.000000
7.187500	-0.022433	563800.000000
7.291667	-0.022454	564000.000000
7.395833	-0.022523	564200.000000
7.500000	-0.022426	564400.000000
7.604167	-0.022541	564600.000000
7.708333	-0.022636	564800.000000
7.812500	-0.022500	565000.000000
7.916667	-0.022484	565200.000000
8.020833	-0.022578	565400.000000
8.125000	-0.022789	565600.000000
8.229167	-0.022557	565800.000000
8.333333	-0.022561	566000.000000
8.437500	-0.022845	566200.000000
8.541667	-0.022730	566400.000000
8.645833	-0.022642	566600.000000
8.750000	-0.022692	566800.000000
8.854167	-0.022622	567000.000000
8.958333	-0.022480	567200.000000
9.062500	-0.022493	567400.000000
9.166667	-0.022580	567600.000000
9.270833	-0.022501	567800.000000
9.375000	-0.022552	568000.000000
9.479167	-0.022589	568200.000000
9.583333	-0.022584	568400.000000
9.687500	-0.022542	568600.000000
9.791667	-0.022722	568800.000000
9.895833	-0.022597	569000.000000
10.000000	-0.022521	569200.000000
10.104167	-0.022299	569400.000000
10.208333	-0.022389	569600.000000
10.312500	-0.022511	569800.000000
10.416667	-0.022401	570000.000000
10.520833	-0.022565	570200.000000
10.625000	-0.022298	570400.000000
10.729167	-0.022380	570600.000000
10.833333	-0.022369	570800.000000
10.937500	-0.022398	571000.000000
11.041667	-0.022454	571200.000000
11.145833	-0.022475	571400.000000
11.250000	-0.022546	571600.000000
11.354167	-0.022408	571800.000000
11.458333	-0.022297	572000.000000
11.562500	-0.022253	572200.000000
11.666667	-0.022284	572400.000000
11.770833	-0.022441	572600.000000
11.875000	-0.022543	572800.000000
11.979167	-0.022471	573000.000000
12.083333	-0.022467	573200.000000
12.187500	-0.022633	573400.000000
12.291667	-0.022635	573600.000000
12.395833	-0.022438	573800.000000
12.500000	-0.022557	574000.000000
12.604167	-0.022671	574200.000000
12.708333	-0.022516	574400.000000
12.812500	-0.022699	574600.000000
12.916667	-0.022590	574800.000000
13.020833	-0.022628	575000.000000
13.125000	-0.022702	575200.000000
13.229167	-0.022573	575400.000000
13.333333	-0.022650	575600.000000
13.437500	-0.022656	575800.000000
13.541667	-0.022756	576000.000000
13.645833	-0.022713	576200.000000
13.750000	-0.022556	576400.000000
13.854167	-0.022457	576600.000000
13.958333	-0.022586	576800.000000
14.062500	-0.022557	577000.000000
14.166667	-0.022648	577200.000000
14.270833	-0.022685	577400.000000
14.375000	-0.022661	577600.000000
14.479167	-0.022603	577800.000000
14.583333	-0.022610	578000.000000
14.687500	-0.022423	578200.000000
14.791667	-0.022402	578400.000000
14.895833	-0.022357	578600.000000
15.000000	-0.022266	578800.000000
15.104167	-0.022352	579000.000000
15.208333	-0.022304	579200.000000
15.312500	-0.022329	579400.000000
15.416667	-0.022233	579600.000000
15.520833	-0.022198	579800.000000
15.625000	-0.022120	580000.000000
15.729167	-0.022401	580200.000000
15.833333	-0.022383	580400.000000
15.937500	-0.022353	580600.000000
16.041667	-0.022356	580800.000000
16.145833	-0.022575	581000.000000
16.250000	-0.022542	581200.000000
16.354167	-0.022589	581400.000000
16.458333	-0.022610	581600.000000
16.562500	-0.022680	581800.000000
16.666667	-0.022651	582000.000000
16.770833	-0.022533	582200.000000
16.875000	-0.022641	582400.000000
16.979167	-0.022627	582600.000000
17.083333	-0.022595	582800.000000
17.187500	-0.022510	583000.000000
17.291667	-0.022641	583200.000000
17.395833	-0.022525	583400.000000
17.500000	-0.022246	583600.000000
17.604167	-0.022312	583800.000000
17.708333	-0.022120	584000.000000
17.812500	-0.022064	584200.000000
17.916667	-0.022028	584400.000000
18.020833	-0.021799	584600.000000
18.125000	-0.021799	584800.000000
18.229167	-0.021998	585000.000000
18.333333	-0.021602	585200.000000
18.437500	-0.021493	585400.000000
18.541667	-0.021462	585600.000000
18.645833	-0.021269	585800.000000
18.750000	-0.021067	586000.000000
18.854167	-0.020915	586200.000000
18.958333	-0.021022	586400.000000
19.062500	-0.020973	586600.000000
19.166667	-0.020872	586800.000000
19.270833	-0.020547	587000.000000
19.375000	-0.020324	587200.000000
19.479167	-0.020304	587400.000000
19.583333	-0.020064	587600.000000
19.687500	-0.019880	587800.000000
19.791667	-0.019784	588000.000000
19.895833	-0.019587	588200.000000
20.000000	-0.019286	588400.000000
20.104167	-0.018887	588600.000000
20.208333	-0.018648	588800.000000
20.312500	-0.018171	589000.000000
20.416667	-0.017777	589200.000000
20.520833	-0.017656	589400.000000
20.625000	-0.017147	589600.000000
20.729167	-0.016410	589800.000000
20.833333	-0.015812	590000.000000
20.937500	-0.015075	590200.000000
21.041667	-0.014210	590400.000000
21.145833	-0.013396	590600.000000
21.250000	-0.012340	590800.000000
21.354167	-0.011204	591000.000000
21.458333	-0.009940	591200.000000
21.562500	-0.008363	591400.000000
21.666667	-0.006627	591600.000000
21.770833	-0.004820	591800.000000
21.875000	-0.002824	592000.000000
21.979167	-0.000586	592200.000000
22.083333	0.001783	592400.000000
22.187500	0.004780	592600.000000
22.291667	0.007435	592800.000000
22.395833	0.010421	593000.000000
22.500000	0.013803	593200.000000
22.604167	0.017372	593400.000000
22.708333	0.021101	593600.000000
22.812500	0.024721	593800.000000
22.916667	0.028690	594000.000000
23.020833	0.032931	594200.000000
23.125000	0.037226	594400.000000
23.229167	0.041698	594600.000000
23.333333	0.046016	594800.000000
23.437500	0.050348	595000.000000
23.541667	0.054573	595200.000000
23.645833	0.057880	595400.000000
23.750000	0.059183	595600.000000
23.854167	0.054363	595800.000000
23.958333	0.033699	596000.000000
24.062500	-0.022543	596200.000000
24.166667	-0.132421	596400.000000
24.270833	-0.311101	596600.000000
24.375000	-0.539838	596800.000000
24.479167	-0.756315	597000.000000
24.583333	-0.887415	597200.000000
24.687500	-0.873636	597400.000000
24.791667	-0.712140	597600.000000
24.895833	-0.456219	597800.000000
25.000000	-0.186621	598000.000000
25.104167	0.047132	598200.000000
25.208333	0.201698	598400.000000
25.312500	0.282620	598600.000000
25.416667	0.309764	598800.000000
25.520833	0.305062	599000.000000
25.625000	0.285085	599200.000000
25.729167	0.257718	599400.000000
25.833333	0.226835	599600.000000
25.937500	0.196772	599800.000000
26.041667	0.177057	600000.000000
26.145833	0.170269	600200.000000
26.250000	0.168675	600400.000000
26.354167	0.159061	600600.000000
26.458333	0.131540	600800.000000
26.562500	0.089651	601000.000000
26.666667	0.047542	601200.000000
26.770833	0.016901	601400.000000
26.875000	0.003942	601600.000000
26.979167	0.004172	601800.000000
27.083333	0.009734	602000.000000
27.187500	0.014359	602200.000000
27.291667	0.013660	602400.000000
27.395833	0.005817	602600.000000
27.500000	-0.009020	602800.000000
27.604167	-0.025903	603000.000000
27.708333	-0.038638	603200.000000
27.812500	-0.040844	603400.000000
27.916667	-0.030255	603600.000000
28.020833	-0.012168	603800.000000
28.125000	0.002765	604000.000000
28.229167	0.004675	604200.000000
28.333333	-0.007001	604400.000000
28.437500	-0.023599	604600.000000
28.541667	-0.034147	604800.000000
28.645833	-0.033772	605000.000000
28.750000	-0.027471	605200.000000
28.854167	-0.023018	605400.000000
28.958333	-0.025394	605600.000000
29.062500	-0.032892	605800.000000
29.166667	-0.040676	606000.000000
29.270833	-0.044105	606200.000000
29.375000	-0.040968	606400.000000
29.479167	-0.032894	606600.000000
29.583333	-0.021921	606800.000000
29.687500	-0.009917	607000.000000
29.791667	-0.000082	607200.000000
29.895833	0.006414	607400.000000
30.000000	0.008041	607600.000000
30.104167	0.004008	607800.000000
30.208333	-0.003755	608000.000000
30.312500	-0.013092	608200.000000
30.416667	-0.022977	608400.000000
30.520833	-0.030773	608600.000000
30.625000	-0.034648	608800.000000
30.729167	-0.032942	609000.000000
30.833333	-0.027254	609200.000000
30.937500	-0.020846	609400.000000
31.041667	-0.017512	609600.000000
31.145833	-0.018338	609800.000000
31.250000	-0.021255	610000.000000
31.354167	-0.023488	610200.000000
31.458333	-0.022549	610400.000000
31.562500	-0.019343	610600.000000
31.666667	-0.015448	610800.000000
31.770833	-0.013854	611000.000000
31.875000	-0.016209	611200.000000
31.979167	-0.022702	611400.000000
32.083333	-0.031552	611600.000000
32.187500	-0.038549	611800.000000
32.291667	-0.042733	612000.000000
32.395833	-0.044532	612200.000000
32.500000	-0.044857	612400.000000
32.604167	-0.044917	612600.000000
32.708333	-0.043752	612800.000000
32.812500	-0.041086	613000.000000
32.916667	-0.038272	613200.000000
33.020833	-0.037218	613400.000000
33.125000	-0.038121	613600.000000
33.229167	-0.038307	613800.000000
33.333333	-0.035598	614000.000000
33.437500	-0.027395	614200.000000
33.541667	-0.015624	614400.000000
33.645833	-0.003154	614600.000000
33.750000	0.004520	614800.000000
33.854167	0.003072	615000.000000
33.958333	-0.007610	615200.000000
34.062500	-0.022278	615400.000000
34.166667	-0.035235	615600.000000
34.270833	-0.042392	615800.000000
34.375000	-0.042302	616000.000000
34.479167	-0.037111	616200.000000
34.583333	-0.030466	616400.000000
34.687500	-0.024465	616600.000000
34.791667	-0.020638	616800.000000
34.895833	-0.019497	617000.000000
35.000000	-0.019433	617200.000000
35.104167	-0.018548	617400.000000
35.208333	-0.017096	617600.000000
35.312500	-0.015311	617800.000000
35.416667	-0.013529	618000.000000
35.520833	-0.013248	618200.000000
35.625000	-0.015064	618400.000000
35.729167	-0.019757	618600.000000
35.833333	-0.027251	618800.000000
35.937500	-0.036424	619000.000000
36.041667	-0.046255	619200.000000
36.145833	-0.052889	619400.000000
36.250000	-0.053081	619600.000000
36.354167	-0.045165	619800.000000
36.458333	-0.032105	620000.000000
36.562500	-0.019129	620200.000000
36.666667	-0.013097	620400.000000
36.770833	-0.016781	620600.000000
36.875000	-0.027356	620800.000000
36.979167	-0.036273	621000.000000
37.083333	-0.038121	621200.000000
37.187500	-0.031502	621400.000000
37.291667	-0.021127	621600.000000
37.395833	-0.014235	621800.000000
37.500000	-0.015070	622000.000000
37.604167	-0.023093	622200.000000
37.708333	-0.033078	622400.000000
37.812500	-0.041212	622600.000000
37.916667	-0.045324	622800.000000
38.020833	-0.045374	623000.000000
38.125000	-0.042035	623200.000000
38.229167	-0.036086	623400.000000
38.333333	-0.030698	623600.000000
38.437500	-0.029580	623800.000000
38.541667	-0.033069	624000.000000
38.645833	-0.038649	624200.000000
38.750000	-0.040989	624400.000000
38.854167	-0.035602	624600.000000
38.958333	-0.024772	624800.000000
39.062500	-0.014325	625000.000000
39.166667	-0.010256	625200.000000
39.270833	-0.013907	625400.000000
39.375000	-0.023020	625600.000000
39.479167	-0.034300	625800.000000
39.583333	-0.044952	626000.000000
39.687500	-0.052408	626200.000000
39.791667	-0.052622	626400.000000
39.895833	-0.044240	626600.000000
40.000000	-0.030326	626800.000000
40.104167	-0.018063	627000.000000
40.208333	-0.013516	627200.000000
40.312500	-0.017803	627400.000000
40.416667	-0.025416	627600.000000
40.520833	-0.028208	627800.000000
40.625000	-0.022021	628000.000000
40.729167	-0.009978	628200.000000
40.833333	0.000579	628400.000000
40.937500	0.001776	628600.000000
41.041667	-0.007919	628800.000000
41.145833	-0.024050	629000.000000
41.250000	-0.039916	629200.000000
41.354167	-0.049692	629400.000000
41.458333	-0.049871	629600.000000
41.562500	-0.041115	629800.000000
41.666667	-0.028357	630000.000000
41.770833	-0.017573	630200.000000
41.875000	-0.012224	630400.000000
41.979167	-0.013512	630600.000000
42.083333	-0.018623	630800.000000
42.187500	-0.024882	631000.000000
42.291667	-0.029609	631200.000000
42.395833	-0.029034	631400.000000
42.500000	-0.023229	631600.000000
42.604167	-0.014026	631800.000000
42.708333	-0.007657	632000.000000
42.812500	-0.007064	632200.000000
42.916667	-0.012058	632400.000000
43.020833	-0.019909	632600.000000
43.125000	-0.026979	632800.000000
43.229167	-0.031163	633000.000000
43.333333	-0.031202	633200.000000
43.437500	-0.028233	633400.000000
43.541667	-0.023357	633600.000000
43.645833	-0.019240	633800.000000
43.750000	-0.018082	634000.000000
43.854167	-0.020402	634200.000000
43.958333	-0.023382	634400.000000
44.062500	-0.023209	634600.000000
44.166667	-0.017570	634800.000000
44.270833	-0.007647	635000.000000
44.375000	0.001451	635200.000000
44.479167	0.004998	635400.000000
44.583333	0.001257	635600.000000
44.687500	-0.007264	635800.000000
44.791667	-0.016882	636000.000000
44.895833	-0.024774	636200.000000
45.000000	-0.029291	636400.000000
45.104167	-0.030734	636600.000000
45.208333	-0.029909	636800.000000
45.312500	-0.028275	637000.000000
45.416667	-0.026704	637200.000000
45.520833	-0.024708	637400.000000
45.625000	-0.020385	637600.000000
45.729167	-0.014589	637800.000000
45.833333	-0.008537	638000.000000
45.937500	-0.004541	638200.000000
46.041667	-0.004215	638400.000000
46.145833	-0.007126	638600.000000
46.250000	-0.011199	638800.000000
46.354167	-0.014795	639000.000000
46.458333	-0.017948	639200.000000
46.562500	-0.020429	639400.000000
46.666667	-0.022992	639600.000000
46.770833	-0.025231	639800.000000
46.875000	-0.025710	640000.000000
46.979167	-0.024622	640200.000000
47.083333	-0.022613	640400.000000
47.187500	-0.021721	640600.000000
47.291667	-0.022010	640800.000000
47.395833	-0.022819	641000.000000
47.500000	-0.022827	641200.000000
47.604167	-0.020780	641400.000000
47.708333	-0.017602	641600.000000
47.812500	-0.014297	641800.000000
47.916667	-0.013052	642000.000000
48.020833	-0.014466	642200.000000
48.125000	-0.017055	642400.000000
48.229167	-0.019228	642600.000000
48.333333	-0.019985	642800.000000
48.437500	-0.019687	643000.000000
48.541667	-0.019512	643200.000000
48.645833	-0.020664	643400.000000
48.750000	-0.023672	643600.000000
48.854167	-0.027324	643800.000000
48.958333	-0.031101	644000.000000
49.062500	-0.032947	644200.000000
49.166667	-0.031559	644400.000000
49.270833	-0.026840	644600.000000
49.375000	-0.019717	644800.000000
49.479167	-0.012653	645000.000000
49.583333	-0.009613	645200.000000
49.687500	-0.011100	645400.000000
49.791667	-0.014116	645600.000000
49.895833	-0.015823	645800.000000
50.000000	-0.015586	646000.000000
50.104167	-0.015546	646200.000000
50.208333	-0.018581	646400.000000
50.312500	-0.025003	646600.000000
50.416667	-0.032147	646800.000000
50.520833	-0.036789	647000.000000
50.625000	-0.038313	647200.000000
50.729167	-0.035802	647400.000000
50.833333	-0.031380	647600.000000
50.937500	-0.025203	647800.000000
51.041667	-0.018769	648000.000000
51.145833	-0.013755	648200.000000
51.250000	-0.011646	648400.000000
51.354167	-0.012732	648600.000000
51.458333	-0.017078	648800.000000
51.562500	-0.022335	649000.000000
51.666667	-0.025844	649200.000000
51.770833	-0.026173	649400.000000
51.875000	-0.024889	649600.000000
51.979167	-0.023227	649800.000000
52.083333	-0.023483	650000.000000
52.187500	-0.026478	650200.000000
52.291667	-0.030819	650400.000000
52.395833	-0.035047	650600.000000
52.500000	-0.037372	650800.000000
52.604167	-0.035646	651000.000000
52.708333	-0.029780	651200.000000
52.812500	-0.022988	651400.000000
52.916667	-0.018272	651600.000000
53.020833	-0.017885	651800.000000
53.125000	-0.021551	652000.000000
53.229167	-0.026659	652200.000000
53.333333	-0.029466	652400.000000
53.437500	-0.028539	652600.000000
53.541667	-0.024906	652800.000000
53.645833	-0.019929	653000.000000
53.750000	-0.017469	653200.000000
53.854167	-0.018916	653400.000000
53.958333	-0.024197	653600.000000
54.062500	-0.030565	653800.000000
54.166667	-0.036238	654000.000000
54.270833	-0.038937	654200.000000
54.375000	-0.037658	654400.000000
54.479167	-0.033532	654600.000000
54.583333	-0.028103	654800.000000
54.687500	-0.023319	655000.000000
54.791667	-0.019428	655200.000000
54.895833	-0.016382	655400.000000
55.000000	-0.014470	655600.000000
55.104167	-0.014178	655800.000000
55.208333	-0.015150	656000.000000
55.312500	-0.017257	656200.000000
55.416667	-0.019545	656400.000000
55.520833	-0.021663	656600.000000
55.625000	-0.024479	656800.000000
55.729167	-0.027669	657000.000000
55.833333	-0.031035	657200.000000
55.937500	-0.033284	657400.000000
56.041667	-0.033696	657600.000000
56.145833	-0.030964	657800.000000
56.250000	-0.026753	658000.000000
56.354167	-0.021999	658200.000000
56.458333	-0.018128	658400.000000
56.562500	-0.016017	658600.000000
56.666667	-0.015546	658800.000000
56.770833	-0.015959	659000.000000
56.875000	-0.016975	659200.000000
56.979167	-0.017811	659400.000000
57.083333	-0.018523	659600.000000
57.187500	-0.019387	659800.000000
57.291667	-0.021218	660000.000000
57.395833	-0.023876	660200.000000
57.500000	-0.026210	660400.000000
57.604167	-0.026394	660600.000000
57.708333	-0.024842	660800.000000
57.812500	-0.022424	661000.000000
57.916667	-0.021796	661200.000000
58.020833	-0.023008	661400.000000
58.125000	-0.024138	661600.000000
58.229167	-0.024031	661800.000000
58.333333	-0.021996	662000.000000
58.437500	-0.019349	662200.000000
58.541667	-0.017510	662400.000000
58.645833	-0.016723	662600.000000
58.750000	-0.016686	662800.000000
58.854167	-0.017102	663000.000000
58.958333	-0.017223	663200.000000
59.062500	-0.017156	663400.000000
59.166667	-0.017425	663600.000000
59.270833	-0.018819	663800.000000
59.375000	-0.021441	664000.000000
59.479167	-0.025014	664200.000000
59.583333	-0.028529	664400.000000
59.687500	-0.030706	664600.000000
59.791667	-0.030810	664800.000000
59.895833	-0.027900	665000.000000
60.000000	-0.022293	665200.000000
60.104167	-0.016120	665400.000000
60.208333	-0.011680	665600.000000
60.312500	-0.010156	665800.000000
60.416667	-0.011255	666000.000000
60.520833	-0.013765	666200.000000
60.625000	-0.015896	666400.000000
60.729167	-0.016889	666600.000000
60.833333	-0.018301	666800.000000
60.937500	-0.020515	667000.000000
61.041667	-0.023204	667200.000000
61.145833	-0.026245	667400.000000
61.250000	-0.028133	667600.000000
61.354167	-0.028559	667800.000000
61.458333	-0.028620	668000.000000
61.562500	-0.028098	668200.000000
61.666667	-0.026551	668400.000000
61.770833	-0.023550	668600.000000
61.875000	-0.018839	668800.000000
61.979167	-0.014910	669000.000000
62.083333	-0.013759	669200.000000
62.187500	-0.016039	669400.000000
62.291667	-0.019833	669600.000000
62.395833	-0.023967	669800.000000
62.500000	-0.026329	670000.000000
62.604167	-0.026256	670200.000000
62.708333	-0.024938	670400.000000
62.812500	-0.023840	670600.000000
62.916667	-0.023654	670800.000000
63.020833	-0.024051	671000.000000
63.125000	-0.025113	671200.000000
63.229167	-0.026670	671400.000000
63.333333	-0.027827	671600.000000
63.437500	-0.028883	671800.000000
63.541667	-0.029061	672000.000000
63.645833	-0.028348	672200.000000
63.750000	-0.026853	672400.000000
63.854167	-0.024705	672600.000000
63.958333	-0.022030	672800.000000
64.062500	-0.020210	673000.000000
64.166667	-0.019263	673200.000000
64.270833	-0.020334	673400.000000
64.375000	-0.022500	673600.000000
64.479167	-0.025130	673800.000000
64.583333	-0.027400	674000.000000
64.687500	-0.028949	674200.000000
64.791667	-0.029451	674400.000000
64.895833	-0.029053	674600.000000
65.000000	-0.028358	674800.000000
65.104167	-0.028312	675000.000000
65.208333	-0.029794	675200.000000
65.312500	-0.030886	675400.000000
65.416667	-0.029922	675600.000000
65.520833	-0.026522	675800.000000
65.625000	-0.021318	676000.000000
65.729167	-0.017299	676200.000000
65.833333	-0.016529	676400.000000
65.937500	-0.019326	676600.000000
66.041667	-0.024047	676800.000000
66.145833	-0.028784	677000.000000
66.250000	-0.032659	677200.000000
66.354167	-0.034622	677400.000000
66.458333	-0.034843	677600.000000
66.562500	-0.033260	677800.000000
66.666667	-0.030791	678000.000000
66.770833	-0.028279	678200.000000
66.875000	-0.026979	678400.000000
66.979167	-0.026453	678600.000000
67.083333	-0.026045	678800.000000
67.187500	-0.024804	679000.000000
67.291667	-0.021999	679200.000000
67.395833	-0.018760	679400.000000
67.500000	-0.015970	679600.000000
67.604167	-0.014974	679800.000000
67.708333	-0.016121	680000.000000
67.812500	-0.018782	680200.000000
67.916667	-0.022167	680400.000000
68.020833	-0.023807	680600.000000
68.125000	-0.023001	680800.000000
68.229167	-0.020297	681000.000000
68.333333	-0.017386	681200.000000
68.437500	-0.016791	681400.000000
68.541667	-0.018842	681600.000000
68.645833	-0.023022	681800.000000
68.750000	-0.027228	682000.000000
68.854167	-0.028870	682200.000000
68.958333	-0.026729	682400.000000
69.062500	-0.021616	682600.000000
69.166667	-0.016187	682800.000000
69.270833	-0.012542	683000.000000
69.375000	-0.011870	683200.000000
69.479167	-0.014759	683400.000000
69.583333	-0.018571	683600.000000
69.687500	-0.021796	683800.000000
69.791667	-0.022753	684000.000000
69.895833	-0.021677	684200.000000
70.000000	-0.020321	684400.000000
70.104167	-0.020543	684600.000000
70.208333	-0.023007	684800.000000
70.312500	-0.027373	685000.000000
70.416667	-0.031704	685200.000000
70.520833	-0.033795	685400.000000
70.625000	-0.032517	685600.000000
70.729167	-0.028942	685800.000000
70.833333	-0.023985	686000.000000
70.937500	-0.019817	686200.000000
71.041667	-0.017363	686400.000000
71.145833	-0.017465	686600.000000
71.250000	-0.019556	686800.000000
71.354167	-0.023302	687000.000000
71.458333	-0.027481	687200.000000
71.562500	-0.031272	687400.000000
71.666667	-0.033744	687600.000000
71.770833	-0.035023	687800.000000
71.875000	-0.035183	688000.000000
71.979167	-0.035042	688200.000000
72.083333	-0.035310	688400.000000
72.187500	-0.035672	688600.000000
72.291667	-0.035231	688800.000000
72.395833	-0.033953	689000.000000
72.500000	-0.031964	689200.000000
72.604167	-0.028991	689400.000000
72.708333	-0.026843	689600.000000
72.812500	-0.024852	689800.000000
72.916667	-0.023229	690000.000000
73.020833	-0.021679	690200.000000
73.125000	-0.019725	690400.000000
73.229167	-0.017749	690600.000000
73.333333	-0.016233	690800.000000
73.437500	-0.015373	691000.000000
73.541667	-0.015100	691200.000000
73.645833	-0.015038	691400.000000
73.750000	-0.014770	691600.000000
73.854167	-0.013444	691800.000000
73.958333	-0.011596	692000.000000
74.062500	-0.010364	692200.000000
74.166667	-0.010113	692400.000000
74.270833	-0.010984	692600.000000
74.375000	-0.012707	692800.000000
74.479167	-0.014256	693000.000000
74.583333	-0.014672	693200.000000
74.687500	-0.013868	693400.000000
74.791667	-0.012557	693600.000000
74.895833	-0.011573	693800.000000
75.000000	-0.011983	694000.000000
75.104167	-0.014609	694200.000000
75.208333	-0.019067	694400.000000
75.312500	-0.023849	694600.000000
75.416667	-0.027634	694800.000000
75.520833	-0.030018	695000.000000
75.625000	-0.031010	695200.000000
75.729167	-0.031085	695400.000000
75.833333	-0.030653	695600.000000
75.937500	-0.030922	695800.000000
76.041667	-0.030424	696000.000000
76.145833	-0.029719	696200.000000
76.250000	-0.027915	696400.000000
76.354167	-0.024625	696600.000000
76.458333	-0.021505	696800.000000
76.562500	-0.019003	697000.000000
76.666667	-0.018409	697200.000000
76.770833	-0.019951	697400.000000
76.875000	-0.022441	697600.000000
76.979167	-0.024449	697800.000000
77.083333	-0.025872	698000.000000
77.187500	-0.025744	698200.000000
77.291667	-0.023869	698400.000000
77.395833	-0.021571	698600.000000
77.500000	-0.019870	698800.000000
77.604167	-0.019764	699000.000000
77.708333	-0.021287	699200.000000
77.812500	-0.023832	699400.000000
77.916667	-0.025719	699600.000000
78.020833	-0.025895	699800.000000
78.125000	-0.024417	700000.000000
78.229167	-0.021570	700200.000000
78.333333	-0.019952	700400.000000
78.437500	-0.020247	700600.000000
78.541667	-0.022709	700800.000000
78.645833	-0.025375	701000.000000
78.750000	-0.026898	701200.000000
78.854167	-0.026438	701400.000000
78.958333	-0.024535	701600.000000
79.062500	-0.022587	701800.000000
79.166667	-0.021257	702000.000000
79.270833	-0.022095	702200.000000
79.375000	-0.024362	702400.000000
79.479167	-0.026897	702600.000000
79.583333	-0.029211	702800.000000
79.687500	-0.029705	703000.000000
79.791667	-0.028059	703200.000000
79.895833	-0.024479	703400.000000
80.000000	-0.020112	703600.000000
80.104167	-0.016736	703800.000000
80.208333	-0.015470	704000.000000
80.312500	-0.016266	704200.000000
80.416667	-0.018694	704400.000000
80.520833	-0.021470	704600.000000
80.625000	-0.023664	704800.000000
80.729167	-0.025184	705000.000000
80.833333	-0.026365	705200.000000
80.937500	-0.026985	705400.000000
81.041667	-0.026578	705600.000000
81.145833	-0.025485	705800.000000
81.250000	-0.024171	706000.000000
81.354167	-0.023070	706200.000000
81.458333	-0.022476	706400.000000
81.562500	-0.021608	706600.000000
81.666667	-0.019676	706800.000000
81.770833	-0.017264	707000.000000
81.875000	-0.015223	707200.000000
81.979167	-0.014026	707400.000000
82.083333	-0.014223	707600.000000
82.187500	-0.015408	707800.000000
82.291667	-0.017014	708000.000000
82.395833	-0.018862	708200.000000
82.500000	-0.020461	708400.000000
82.604167	-0.021278	708600.000000
82.708333	-0.021480	708800.000000
82.812500	-0.020566	709000.000000
82.916667	-0.019619	709200.000000
83.020833	-0.018910	709400.000000
83.125000	-0.018773	709600.000000
83.229167	-0.018748	709800.000000
83.333333	-0.019125	710000.000000
83.437500	-0.019718	710200.000000
83.541667	-0.020116	710400.000000
83.645833	-0.020041	710600.000000
83.750000	-0.019436	710800.000000
83.854167	-0.018523	711000.000000
83.958333	-0.018151	711200.000000
84.062500	-0.018617	711400.000000
84.166667	-0.020023	711600.000000
84.270833	-0.021757	711800.000000
84.375000	-0.022970	712000.000000
84.479167	-0.023782	712200.000000
84.583333	-0.024286	712400.000000
84.687500	-0.024930	712600.000000
84.791667	-0.025765	712800.000000
84.895833	-0.026983	713000.000000
85.000000	-0.027985	713200.000000
85.104167	-0.028171	713400.000000
85.208333	-0.026965	713600.000000
85.312500	-0.024618	713800.000000
85.416667	-0.022325	714000.000000
85.520833	-0.020359	714200.000000
85.625000	-0.019801	714400.000000
85.729167	-0.020761	714600.000000
85.833333	-0.023337	714800.000000
85.937500	-0.026159	715000.000000
86.041667	-0.028526	715200.000000
86.145833	-0.029354	715400.000000
86.250000	-0.029093	715600.000000
86.354167	-0.028555	715800.000000
86.458333	-0.028458	716000.000000
86.562500	-0.029032	716200.000000
86.666667	-0.030161	716400.000000
86.770833	-0.030660	716600.000000
86.875000	-0.029938	716800.000000
86.979167	-0.028116	717000.000000
87.083333	-0.025970	717200.000000
87.187500	-0.024385	717400.000000
87.291667	-0.023659	717600.000000
87.395833	-0.024135	717800.000000
87.500000	-0.025740	718000.000000
87.604167	-0.027997	718200.000000
87.708333	-0.030665	718400.000000
87.812500	-0.032157	718600.000000
87.916667	-0.031860	718800.000000
88.020833	-0.030333	719000.000000
88.125000	-0.028085	719200.000000
88.229167	-0.026286	719400.000000
88.333333	-0.026035	719600.000000
88.437500	-0.026253	719800.000000
88.541667	-0.026528	720000.000000
88.645833	-0.026639	720200.000000
88.750000	-0.025683	720400.000000
88.854167	-0.024241	720600.000000
88.958333	-0.022712	720800.000000
89.062500	-0.021395	721000.000000
89.166667	-0.020803	721200.000000
89.270833	-0.020326	721400.000000
89.375000	-0.020148	721600.000000
89.479167	-0.020345	721800.000000
89.583333	-0.021097	722000.000000
89.687500	-0.022231	722200.000000
89.791667	-0.023271	722400.000000
89.895833	-0.024314	722600.000000
90.000000	-0.024992	722800.000000
90.104167	-0.025680	723000.000000
90.208333	-0.025986	723200.000000
90.312500	-0.025956	723400.000000
90.416667	-0.024881	723600.000000
90.520833	-0.023343	723800.000000
90.625000	-0.022187	724000.000000
90.729167	-0.021516	724200.000000
90.833333	-0.020941	724400.000000
90.937500	-0.020545	724600.000000
91.041667	-0.020215	724800.000000
91.145833	-0.020515	725000.000000
91.250000	-0.021223	725200.000000
91.354167	-0.022822	725400.000000
91.458333	-0.024740	725600.000000
91.562500	-0.026376	725800.000000
91.666667	-0.027393	726000.000000
91.770833	-0.027496	726200.000000
91.875000	-0.027092	726400.000000
91.979167	-0.026126	726600.000000
92.083333	-0.024831	726800.000000
92.187500	-0.023429	727000.000000
92.291667	-0.021753	727200.000000
92.395833	-0.020384	727400.000000
92.500000	-0.020108	727600.000000
92.604167	-0.020090	727800.000000
92.708333	-0.020449	728000.000000
92.812500	-0.021228	728200.000000
92.916667	-0.021835	728400.000000
93.020833	-0.022178	728600.000000
93.125000	-0.022885	728800.000000
93.229167	-0.022911	729000.000000
93.333333	-0.022786	729200.000000
93.437500	-0.022481	729400.000000
93.541667	-0.022361	729600.000000
93.645833	-0.022421	729800.000000
93.750000	-0.022535	730000.000000
93.854167	-0.022722	730200.000000
93.958333	-0.022654	730400.000000
94.062500	-0.022963	730600.000000
94.166667	-0.023155	730800.000000
94.270833	-0.023566	731000.000000
94.375000	-0.023663	731200.000000
94.479167	-0.023222	731400.000000
94.583333	-0.022973	731600.000000
94.687500	-0.023214	731800.000000
94.791667	-0.024313	732000.000000
94.895833	-0.025314	732200.000000
95.000000	-0.026891	732400.000000
95.104167	-0.027921	732600.000000
95.208333	-0.027996	732800.000000
95.312500	-0.027800	733000.000000
95.416667	-0.027475	733200.000000
95.520833	-0.027165	733400.000000
95.625000	-0.026666	733600.000000
95.729167	-0.026252	733800.000000
95.833333	-0.025693	734000.000000
95.937500	-0.024621	734200.000000
96.041667	-0.023346	734400.000000
96.145833	-0.021555	734600.000000
96.250000	-0.019231	734800.000000
96.354167	-0.017891	735000.000000
96.458333	-0.017619	735200.000000
96.562500	-0.019079	735400.000000
96.666667	-0.021651	735600.000000
96.770833	-0.024427	735800.000000
96.875000	-0.026299	736000.000000
96.979167	-0.027302	736200.000000
97.083333	-0.027165	736400.000000
97.187500	-0.026201	736600.000000
97.291667	-0.024573	736800.000000
97.395833	-0.022175	737000.000000
97.500000	-0.019521	737200.000000
97.604167	-0.017294	737400.000000
97.708333	-0.015256	737600.000000
97.812500	-0.014061	737800.000000
97.916667	-0.013595	738000.000000
98.020833	-0.013410	738200.000000
98.125000	-0.013375	738400.000000
98.229167	-0.013799	738600.000000
98.333333	-0.015407	738800.000000
98.437500	-0.017636	739000.000000
98.541667	-0.020190	739200.000000
98.645833	-0.022685	739400.000000
98.750000	-0.024483	739600.000000
98.854167	-0.025481	739800.000000
98.958333	-0.026369	740000.000000
99.062500	-0.026977	740200.000000
99.166667	-0.027714	740400.000000
99.270833	-0.028426	740600.000000
99.375000	-0.029173	740800.000000
99.479167	-0.029573	741000.000000
99.583333	-0.029068	741200.000000
99.687500	-0.027793	741400.000000
99.791667	-0.025964	741600.000000
99.895833	-0.023942	741800.000000
100.000000	-0.022498	742000.000000
100.104167	-0.021522	742200.000000
100.208333	-0.021643	742400.000000
100.312500	-0.022383	742600.000000
100.416667	-0.023236	742800.000000
100.520833	-0.023994	743000.000000
100.625000	-0.024589	743200.000000
100.729167	-0.024949	743400.000000
100.833333	-0.025295	743600.000000
100.937500	-0.025878	743800.000000
101.041667	-0.026024	744000.000000
101.145833	-0.025838	744200.000000
101.250000	-0.025116	744400.000000
101.354167	-0.023778	744600.000000
101.458333	-0.021934	744800.000000
101.562500	-0.020149	745000.000000
101.666667	-0.019416	745200.000000
101.770833	-0.019650	745400.000000
101.875000	-0.020803	745600.000000
101.979167	-0.022562	745800.000000
102.083333	-0.024173	746000.000000
102.187500	-0.024885	746200.000000
102.291667	-0.024720	746400.000000
102.395833	-0.024342	746600.000000
102.500000	-0.023713	746800.000000
102.604167	-0.023367	747000.000000
102.708333	-0.024093	747200.000000
102.812500	-0.024645	747400.000000
102.916667	-0.025514	747600.000000
103.020833	-0.025393	747800.000000
103.125000	-0.024915	748000.000000
103.229167	-0.023887	748200.000000
103.333333	-0.023011	748400.000000
103.437500	-0.023016	748600.000000
103.541667	-0.023522	748800.000000
103.645833	-0.024188	749000.000000
103.750000	-0.024988	749200.000000
103.854167	-0.025743	749400.000000
103.958333	-0.026373	749600.000000
104.062500	-0.026657	749800.000000
104.166667	-0.026465	750000.000000
104.270833	-0.025972	750200.000000
104.375000	-0.026057	750400.000000
104.479167	-0.026162	750600.000000
104.583333	-0.026429	750800.000000
104.687500	-0.026784	751000.000000
104.791667	-0.026729	751200.000000
104.895833	-0.025840	751400.000000
105.000000	-0.024750	751600.000000
105.104167	-0.023634	751800.000000
105.208333	-0.022391	752000.000000
105.312500	-0.021366	752200.000000
105.416667	-0.020754	752400.000000
105.520833	-0.020204	752600.000000
105.625000	-0.020160	752800.000000
105.729167	-0.020509	753000.000000
105.833333	-0.021545	753200.000000
105.937500	-0.022458	753400.000000
106.041667	-0.022942	753600.000000
106.145833	-0.022924	753800.000000
106.250000	-0.022916	754000.000000
106.354167	-0.022474	754200.000000
106.458333	-0.022011	754400.000000
106.562500	-0.021563	754600.000000
106.666667	-0.020888	754800.000000
106.770833	-0.020258	755000.000000
106.875000	-0.019652	755200.000000
106.979167	-0.019707	755400.000000
107.083333	-0.019657	755600.000000
107.187500	-0.019934	755800.000000
107.291667	-0.020264	756000.000000
107.395833	-0.021106	756200.000000
107.500000	-0.022256	756400.000000
107.604167	-0.023334	756600.000000
107.708333	-0.023914	756800.000000
107.812500	-0.024430	757000.000000
107.916667	-0.024056	757200.000000
108.020833	-0.023404	757400.000000
108.125000	-0.022528	757600.000000
108.229167	-0.021927	757800.000000
108.333333	-0.021558	758000.000000
108.437500	-0.021088	758200.000000
108.541667	-0.020769	758400.000000
108.645833	-0.020285	758600.000000
108.750000	-0.020044	758800.000000
108.854167	-0.019626	759000.000000
108.958333	-0.019724	759200.000000
109.062500	-0.020145	759400.000000
109.166667	-0.021339	759600.000000
109.270833	-0.022140	759800.000000
109.375000	-0.022656	760000.000000
109.479167	-0.022906	760200.000000
109.583333	-0.022384	760400.000000
109.687500	-0.022154	760600.000000
109.791667	-0.022140	760800.000000
109.895833	-0.022725	761000.000000
110.000000	-0.024127	761200.000000
110.104167	-0.025343	761400.000000
110.208333	-0.025773	761600.000000
110.312500	-0.025394	761800.000000
110.416667	-0.024253	762000.000000
110.520833	-0.022399	762200.000000
110.625000	-0.020601	762400.000000
110.729167	-0.019749	762600.000000
110.833333	-0.019915	762800.000000
110.937500	-0.021100	763000.000000
111.041667	-0.022487	763200.000000
111.145833	-0.023057	763400.000000
111.250000	-0.022980	763600.000000
111.354167	-0.022477	763800.000000
111.458333	-0.021789	764000.000000
111.562500	-0.021778	764200.000000
111.666667	-0.021779	764400.000000
111.770833	-0.022444	764600.000000
111.875000	-0.022922	764800.000000
111.979167	-0.022930	765000.000000
112.083333	-0.022522	765200.000000
112.187500	-0.021528	765400.000000
112.291667	-0.020210	765600.000000
112.395833	-0.019606	765800.000000
112.500000	-0.019545	766000.000000
112.604167	-0.020383	766200.000000
112.708333	-0.021475	766400.000000
112.812500	-0.022627	766600.000000
112.916667	-0.023720	766800.000000
113.020833	-0.024235	767000.000000
113.125000	-0.024256	767200.000000
113.229167	-0.024158	767400.000000
113.333333	-0.024169	767600.000000
113.437500	-0.024268	767800.000000
113.541667	-0.024325	768000.000000
113.645833	-0.024215	768200.000000
113.750000	-0.023979	768400.000000
113.854167	-0.023731	768600.000000
113.958333	-0.023476	768800.000000
114.062500	-0.023252	769000.000000
114.166667	-0.023431	769200.000000
114.270833	-0.023753	769400.000000
114.375000	-0.023893	769600.000000
114.479167	-0.024023	769800.000000
114.583333	-0.023991	770000.000000
114.687500	-0.024290	770200.000000
114.791667	-0.024900	770400.000000
114.895833	-0.025512	770600.000000
115.000000	-0.026141	770800.000000
115.104167	-0.026809	771000.000000
115.208333	-0.027586	771200.000000
115.312500	-0.028200	771400.000000
115.416667	-0.028517	771600.000000
115.520833	-0.028434	771800.000000
115.625000	-0.028132	772000.000000
115.729167	-0.027874	772200.000000
115.833333	-0.027561	772400.000000
115.937500	-0.027815	772600.000000
116.041667	-0.027516	772800.000000
116.145833	-0.027052	773000.000000
116.250000	-0.026757	773200.000000
116.354167	-0.026646	773400.000000
116.458333	-0.026907	773600.000000
116.562500	-0.027801	773800.000000
116.666667	-0.028256	774000.000000
116.770833	-0.028536	774200.000000
116.875000	-0.028494	774400.000000
116.979167	-0.028063	774600.000000
117.083333	-0.027389	774800.000000
117.187500	-0.026888	775000.000000
117.291667	-0.026213	775200.000000
117.395833	-0.025371	775400.000000
117.500000	-0.025017	775600.000000
117.604167	-0.024677	775800.000000
117.708333	-0.024616	776000.000000
117.812500	-0.024691	776200.000000
117.916667	-0.024892	776400.000000
118.020833	-0.025616	776600.000000
118.125000	-0.026576	776800.000000
118.229167	-0.027600	777000.000000
118.333333	-0.028533	777200.000000
118.437500	-0.029111	777400.000000
118.541667	-0.028984	777600.000000
118.645833	-0.028732	777800.000000
118.750000	-0.028551	778000.000000
118.854167	-0.028300	778200.000000
118.958333	-0.028793	778400.000000
119.062500	-0.029299	778600.000000
119.166667	-0.029450	778800.000000
119.270833	-0.028800	779000.000000
119.375000	-0.027473	779200.000000
119.479167	-0.025521	779400.000000
119.583333	-0.023225	779600.000000
119.687500	-0.021420	779800.000000
119.791667	-0.020127	780000.000000
119.895833	-0.019652	780200.000000
120.000000	-0.019753	780400.000000
120.104167	-0.020562	780600.000000
120.208333	-0.020965	780800.000000
120.312500	-0.021191	781000.000000
120.416667	-0.021194	781200.000000
120.520833	-0.020905	781400.000000
120.625000	-0.021608	781600.000000
120.729167	-0.022614	781800.000000
120.833333	-0.023604	782000.000000
120.937500	-0.024369	782200.000000
121.041667	-0.024116	782400.000000
121.145833	-0.023189	782600.000000
121.250000	-0.021691	782800.000000
121.354167	-0.020299	783000.000000
121.458333	-0.019252	783200.000000
121.562500	-0.019295	783400.000000
121.666667	-0.019795	783600.000000
121.770833	-0.020238	783800.000000
121.875000	-0.020972	784000.000000
121.979167	-0.021434	784200.000000
122.083333	-0.021984	784400.000000
122.187500	-0.021956	784600.000000
122.291667	-0.021858	784800.000000
122.395833	-0.021255	785000.000000
122.500000	-0.020295	785200.000000
122.604167	-0.019390	785400.000000
122.708333	-0.018840	785600.000000
122.812500	-0.018024	785800.000000
122.916667	-0.017843	786000.000000
123.020833	-0.017822	786200.000000
123.125000	-0.018153	786400.000000
123.229167	-0.019000	786600.000000
123.333333	-0.019428	786800.000000
123.437500	-0.019988	787000.000000
123.541667	-0.020251	787200.000000
123.645833	-0.020438	787400.000000
123.750000	-0.021035	787600.000000
123.854167	-0.021525	787800.000000
123.958333	-0.022298	788000.000000
124.062500	-0.022856	788200.000000
124.166667	-0.023273	788400.000000
124.270833	-0.023569	788600.000000
124.375000	-0.023700	788800.000000
124.479167	-0.023963	789000.000000
124.583333	-0.024147	789200.000000
124.687500	-0.024270	789400.000000
124.791667	-0.024765	789600.000000
124.895833	-0.025025	789800.000000
125.000000	-0.024738	790000.000000
125.104167	-0.024618	790200.000000
125.208333	-0.024218	790400.000000
125.312500	-0.023880	790600.000000
125.416667	-0.024015	790800.000000
125.520833	-0.024440	791000.000000
125.625000	-0.025093	791200.000000
125.729167	-0.025351	791400.000000
125.833333	-0.025986	791600.000000
125.937500	-0.025884	791800.000000
126.041667	-0.025704	792000.000000
126.145833	-0.025479	792200.000000
126.250000	-0.025095	792400.000000
126.354167	-0.025149	792600.000000
126.458333	-0.025213	792800.000000
126.562500	-0.024969	793000.000000
126.666667	-0.024242	793200.000000
126.770833	-0.023182	793400.000000
126.875000	-0.022125	793600.000000
126.979167	-0.021663	793800.000000
127.083333	-0.021740	794000.000000
127.187500	-0.022233	794200.000000
127.291667	-0.022970	794400.000000
127.395833	-0.024060	794600.000000
127.500000	-0.024494	794800.000000
127.604167	-0.024575	795000.000000
127.708333	-0.024048	795200.000000
127.812500	-0.023258	795400.000000
127.916667	-0.022814	795600.000000
128.020833	-0.023093	795800.000000
128.125000	-0.023714	796000.000000
128.229167	-0.024150	796200.000000
128.333333	-0.024617	796400.000000
128.437500	-0.024444	796600.000000
128.541667	-0.023978	796800.000000
128.645833	-0.023621	797000.000000
128.750000	-0.023395	797200.000000
128.854167	-0.023679	797400.000000
128.958333	-0.024467	797600.000000
129.062500	-0.025290	797800.000000
129.166667	-0.025765	798000.000000
129.270833	-0.025720	798200.000000
129.375000	-0.025138	798400.000000
129.479167	-0.024200	798600.000000
129.583333	-0.023587	798800.000000
129.687500	-0.023229	799000.000000
129.791667	-0.023240	799200.000000
129.895833	-0.023670	799400.000000
130.000000	-0.024581	799600.000000
130.104167	-0.024896	799800.000000
130.208333	-0.024889	800000.000000
