0.000000	-0.021897	500000.000000
0.104167	-0.021772	500200.000000
0.208333	-0.021926	500400.000000
0.312500	-0.021735	500600.000000
0.416667	-0.021913	500800.000000
0.520833	-0.021806	501000.000000
0.625000	-0.021864	501200.000000
0.729167	-0.021865	501400.000000
0.833333	-0.021932	501600.000000
0.937500	-0.021852	501800.000000
1.041667	-0.021887	502000.000000
1.145833	-0.021897	502200.000000
1.250000	-0.021859	502400.000000
1.354167	-0.021638	502600.000000
1.458333	-0.021643	502800.000000
1.562500	-0.021767	503000.000000
1.666667	-0.021884	503200.000000
1.770833	-0.021845	503400.000000
1.875000	-0.021785	503600.000000
1.979167	-0.021909	503800.000000
2.083333	-0.021932	504000.000000
2.187500	-0.021858	504200.000000
2.291667	-0.021692	504400.000000
2.395833	-0.021690	504600.000000
2.500000	-0.021836	504800.000000
2.604167	-0.021814	505000.000000
2.708333	-0.021968	505200.000000
2.812500	-0.022026	505400.000000
2.916667	-0.021658	505600.000000
3.020833	-0.021578	505800.000000
3.125000	-0.021752	506000.000000
3.229167	-0.021802	506200.000000
3.333333	-0.021706	506400.000000
3.437500	-0.021733	506600.000000
3.541667	-0.021645	506800.000000
3.645833	-0.021731	507000.000000
3.750000	-0.021748	507200.000000
3.854167	-0.021721	507400.000000
3.958333	-0.021729	507600.000000
4.062500	-0.021784	507800.000000
4.166667	-0.021678	508000.000000
4.270833	-0.021718	508200.000000
4.375000	-0.021743	508400.000000
4.479167	-0.021654	508600.000000
4.583333	-0.021825	508800.000000
4.687500	-0.021753	509000.000000
4.791667	-0.021686	509200.000000
4.895833	-0.021485	509400.000000
5.000000	-0.021808	509600.000000
5.104167	-0.021699	509800.000000
5.208333	-0.021893	510000.000000
5.312500	-0.021774	510200.000000
5.416667	-0.021837	510400.000000
5.520833	-0.021883	510600.000000
5.625000	-0.021743	510800.000000
5.729167	-0.021802	511000.000000
5.833333	-0.021787	511200.000000
5.937500	-0.021901	511400.000000
6.041667	-0.021830	511600.000000
6.145833	-0.021963	511800.000000
6.250000	-0.021706	512000.000000
6.354167	-0.021799	512200.000000
6.458333	-0.021797	512400.000000
6.562500	-0.021766	512600.000000
6.666667	-0.021802	512800.000000
6.770833	-0.022008	513000.000000
6.875000	-0.021741	513200.000000
6.979167	-0.021836	513400.000000
7.083333	-0.021938	513600.000000
7.187500	-0.021441	513800.000000
7.291667	-0.021726	514000.000000
7.395833	-0.021789	514200.000000
7.500000	-0.021781	514400.000000
7.604167	-0.021913	514600.000000
7.708333	-0.021745	514800.000000
7.812500	-0.021857	515000.000000
7.916667	-0.021802	515200.000000
8.020833	-0.021919	515400.000000
8.125000	-0.021877	515600.000000
8.229167	-0.021843	515800.000000
8.333333	-0.022051	516000.000000
8.437500	-0.021714	516200.000000
8.541667	-0.021773	516400.000000
8.645833	-0.021941	516600.000000
8.750000	-0.021827	516800.000000
8.854167	-0.021895	517000.000000
8.958333	-0.021941	517200.000000
9.062500	-0.021836	517400.000000
9.166667	-0.021646	517600.000000
9.270833	-0.021740	517800.000000
9.375000	-0.021731	518000.000000
9.479167	-0.021897	518200.000000
9.583333	-0.021831	518400.000000
9.687500	-0.021886	518600.000000
9.791667	-0.021941	518800.000000
9.895833	-0.022021	519000.000000
10.000000	-0.021839	519200.000000
10.104167	-0.021968	519400.000000
10.208333	-0.021883	519600.000000
10.312500	-0.021945	519800.000000
10.416667	-0.021892	520000.000000
10.520833	-0.021943	520200.000000
10.625000	-0.021748	520400.000000
10.729167	-0.021949	520600.000000
10.833333	-0.021926	520800.000000
10.937500	-0.021838	521000.000000
11.041667	-0.022007	521200.000000
11.145833	-0.021639	521400.000000
11.250000	-0.021816	521600.000000
11.354167	-0.021830	521800.000000
11.458333	-0.021842	522000.000000
11.562500	-0.021847	522200.000000
11.666667	-0.021801	522400.000000
11.770833	-0.021819	522600.000000
11.875000	-0.021943	522800.000000
11.979167	-0.021911	523000.000000
12.083333	-0.021864	523200.000000
12.187500	-0.021554	523400.000000
12.291667	-0.021959	523600.000000
12.395833	-0.021602	523800.000000
12.500000	-0.021770	524000.000000
12.604167	-0.022005	524200.000000
12.708333	-0.021775	524400.000000
12.812500	-0.021918	524600.000000
12.916667	-0.022054	524800.000000
13.020833	-0.021964	525000.000000
13.125000	-0.021893	525200.000000
13.229167	-0.022173	525400.000000
13.333333	-0.022133	525600.000000
13.437500	-0.021995	525800.000000
13.541667	-0.021972	526000.000000
13.645833	-0.022008	526200.000000
13.750000	-0.022134	526400.000000
13.854167	-0.022077	526600.000000
13.958333	-0.022163	526800.000000
14.062500	-0.022258	527000.000000
14.166667	-0.022085	527200.000000
14.270833	-0.022183	527400.000000
14.375000	-0.022173	527600.000000
14.479167	-0.022220	527800.000000
14.583333	-0.022297	528000.000000
14.687500	-0.022330	528200.000000
14.791667	-0.022406	528400.000000
14.895833	-0.022334	528600.000000
15.000000	-0.022448	528800.000000
15.104167	-0.022511	529000.000000
15.208333	-0.022258	529200.000000
15.312500	-0.022356	529400.000000
15.416667	-0.022318	529600.000000
15.520833	-0.022479	529800.000000
15.625000	-0.022610	530000.000000
15.729167	-0.022632	530200.000000
15.833333	-0.022636	530400.000000
15.937500	-0.022588	530600.000000
16.041667	-0.022492	530800.000000
16.145833	-0.022523	531000.000000
16.250000	-0.022726	531200.000000
16.354167	-0.022784	531400.000000
16.458333	-0.022833	531600.000000
16.562500	-0.022924	531800.000000
16.666667	-0.023145	532000.000000
16.770833	-0.022870	532200.000000
16.875000	-0.023315	532400.000000
16.979167	-0.023181	532600.000000
17.083333	-0.023320	532800.000000
17.187500	-0.023594	533000.000000
17.291667	-0.023582	533200.000000
17.395833	-0.023710	533400.000000
17.500000	-0.024131	533600.000000
17.604167	-0.024275	533800.000000
17.708333	-0.024271	534000.000000
17.812500	-0.024835	534200.000000
17.916667	-0.024750	534400.000000
18.020833	-0.024865	534600.000000
18.125000	-0.025469	534800.000000
18.229167	-0.025817	535000.000000
18.333333	-0.025983	535200.000000
18.437500	-0.026574	535400.000000
18.541667	-0.026894	535600.000000
18.645833	-0.027504	535800.000000
18.750000	-0.028248	536000.000000
18.854167	-0.029032	536200.000000
18.958333	-0.029773	536400.000000
19.062500	-0.030718	536600.000000
19.166667	-0.031621	536800.000000
19.270833	-0.032742	537000.000000
19.375000	-0.033988	537200.000000
19.479167	-0.035336	537400.000000
19.583333	-0.036973	537600.000000
19.687500	-0.038755	537800.000000
19.791667	-0.040552	538000.000000
19.895833	-0.042828	538200.000000
20.000000	-0.045320	538400.000000
20.104167	-0.047976	538600.000000
20.208333	-0.050905	538800.000000
20.312500	-0.054348	539000.000000
20.416667	-0.057885	539200.000000
20.520833	-0.061772	539400.000000
20.625000	-0.065691	539600.000000
20.729167	-0.069950	539800.000000
20.833333	-0.074338	540000.000000
20.937500	-0.078300	540200.000000
21.041667	-0.082062	540400.000000
21.145833	-0.085640	540600.000000
21.250000	-0.088620	540800.000000
21.354167	-0.090914	541000.000000
21.458333	-0.091803	541200.000000
21.562500	-0.090950	541400.000000
21.666667	-0.085948	541600.000000
21.770833	-0.073699	541800.000000
21.875000	-0.044362	542000.000000
21.979167	0.020003	542200.000000
22.083333	0.149774	542400.000000
22.187500	0.363773	542600.000000
22.291667	0.655455	542800.000000
22.395833	0.951889	543000.000000
22.500000	1.128932	543200.000000
22.604167	1.098091	543400.000000
22.708333	0.829272	543600.000000
22.812500	0.409824	543800.000000
22.916667	-0.041510	544000.000000
23.020833	-0.388263	544200.000000
23.125000	-0.590170	544400.000000
23.229167	-0.649801	544600.000000
23.333333	-0.620518	544800.000000
23.437500	-0.560958	545000.000000
23.541667	-0.504667	545200.000000
23.645833	-0.450352	545400.000000
23.750000	-0.391809	545600.000000
23.854167	-0.332952	545800.000000
23.958333	-0.290005	546000.000000
24.062500	-0.276703	546200.000000
24.166667	-0.285575	546400.000000
24.270833	-0.286923	546600.000000
24.375000	-0.250545	546800.000000
24.479167	-0.165516	547000.000000
24.583333	-0.061382	547200.000000
24.687500	0.022646	547400.000000
24.791667	0.058617	547600.000000
24.895833	0.045037	547800.000000
25.000000	0.007200	548000.000000
25.104167	-0.024694	548200.000000
25.208333	-0.034499	548400.000000
25.312500	-0.022584	548600.000000
25.416667	0.002030	548800.000000
25.520833	0.029709	549000.000000
25.625000	0.049701	549200.000000
25.729167	0.050744	549400.000000
25.833333	0.027241	549600.000000
25.937500	-0.013493	549800.000000
26.041667	-0.054080	550000.000000
26.145833	-0.069196	550200.000000
26.250000	-0.049367	550400.000000
26.354167	-0.007697	550600.000000
26.458333	0.027908	550800.000000
26.562500	0.037351	551000.000000
26.666667	0.021768	551200.000000
26.770833	0.001056	551400.000000
26.875000	-0.004192	551600.000000
26.979167	0.012639	551800.000000
27.083333	0.039929	552000.000000
27.187500	0.057916	552200.000000
27.291667	0.053115	552400.000000
27.395833	0.027452	552600.000000
27.500000	-0.004456	552800.000000
27.604167	-0.030577	553000.000000
27.708333	-0.046031	553200.000000
27.812500	-0.051545	553400.000000
27.916667	-0.050765	553600.000000
28.020833	-0.045487	553800.000000
28.125000	-0.035121	554000.000000
28.229167	-0.017588	554200.000000
28.333333	0.004532	554400.000000
28.437500	0.026424	554600.000000
28.541667	0.038814	554800.000000
28.645833	0.034903	555000.000000
28.750000	0.017267	555200.000000
28.854167	-0.004200	555400.000000
28.958333	-0.019579	555600.000000
29.062500	-0.022500	555800.000000
29.166667	-0.016432	556000.000000
29.270833	-0.009726	556200.000000
29.375000	-0.009580	556400.000000
29.479167	-0.018029	556600.000000
29.583333	-0.031257	556800.000000
29.687500	-0.041941	557000.000000
29.791667	-0.044209	557200.000000
29.895833	-0.036458	557400.000000
30.000000	-0.021351	557600.000000
30.104167	-0.005533	557800.000000
30.208333	0.004137	558000.000000
30.312500	0.006368	558200.000000
30.416667	0.003931	558400.000000
30.520833	0.000786	558600.000000
30.625000	-0.000733	558800.000000
30.729167	-0.002344	559000.000000
30.833333	-0.005153	559200.000000
30.937500	-0.007020	559400.000000
31.041667	-0.007275	559600.000000
31.145833	-0.006239	559800.000000
31.250000	-0.008361	560000.000000
31.354167	-0.019179	560200.000000
31.458333	-0.041664	560400.000000
31.562500	-0.071357	560600.000000
31.666667	-0.096639	560800.000000
31.770833	-0.102526	561000.000000
31.875000	-0.083387	561200.000000
31.979167	-0.047030	561400.000000
32.083333	-0.010802	561600.000000
32.187500	0.011339	561800.000000
32.291667	0.014282	562000.000000
32.395833	0.002161	562200.000000
32.500000	-0.015803	562400.000000
32.604167	-0.029848	562600.000000
32.708333	-0.036040	562800.000000
32.812500	-0.035913	563000.000000
32.916667	-0.033234	563200.000000
33.020833	-0.030975	563400.000000
33.125000	-0.030294	563600.000000
33.229167	-0.031326	563800.000000
33.333333	-0.033291	564000.000000
33.437500	-0.034755	564200.000000
33.541667	-0.033482	564400.000000
33.645833	-0.028629	564600.000000
33.750000	-0.019173	564800.000000
33.854167	-0.004893	565000.000000
33.958333	0.011327	565200.000000
34.062500	0.024406	565400.000000
34.166667	0.026564	565600.000000
34.270833	0.013565	565800.000000
34.375000	-0.013598	566000.000000
34.479167	-0.043976	566200.000000
34.583333	-0.063380	566400.000000
34.687500	-0.059971	566600.000000
34.791667	-0.035760	566800.000000
34.895833	-0.004962	567000.000000
35.000000	0.011737	567200.000000
35.104167	0.004355	567400.000000
35.208333	-0.019650	567600.000000
35.312500	-0.042368	567800.000000
35.416667	-0.047988	568000.000000
35.520833	-0.032557	568200.000000
35.625000	-0.005271	568400.000000
35.729167	0.018761	568600.000000
35.833333	0.029338	568800.000000
35.937500	0.026784	569000.000000
36.041667	0.015490	569200.000000
36.145833	0.001436	569400.000000
36.250000	-0.010631	569600.000000
36.354167	-0.016473	569800.000000
36.458333	-0.013750	570000.000000
36.562500	-0.005271	570200.000000
36.666667	0.000950	570400.000000
36.770833	-0.004845	570600.000000
36.875000	-0.024418	570800.000000
36.979167	-0.048405	571000.000000
37.083333	-0.063209	571200.000000
37.187500	-0.060505	571400.000000
37.291667	-0.041412	571600.000000
37.395833	-0.013734	571800.000000
37.500000	0.012780	572000.000000
37.604167	0.029652	572200.000000
37.708333	0.030941	572400.000000
37.812500	0.014870	572600.000000
37.916667	-0.013590	572800.000000
38.020833	-0.042565	573000.000000
38.125000	-0.059591	573200.000000
38.229167	-0.059103	573400.000000
38.333333	-0.044967	573600.000000
38.437500	-0.030655	573800.000000
38.541667	-0.030609	574000.000000
38.645833	-0.046763	574200.000000
38.750000	-0.068347	574400.000000
38.854167	-0.075700	574600.000000
38.958333	-0.061859	574800.000000
39.062500	-0.029988	575000.000000
39.166667	0.007951	575200.000000
39.270833	0.033525	575400.000000
39.375000	0.036709	575600.000000
39.479167	0.016319	575800.000000
39.583333	-0.014292	576000.000000
39.687500	-0.041245	576200.000000
39.791667	-0.051613	576400.000000
39.895833	-0.045767	576600.000000
40.000000	-0.031699	576800.000000
40.104167	-0.018428	577000.000000
40.208333	-0.011206	577200.000000
40.312500	-0.013425	577400.000000
40.416667	-0.023851	577600.000000
40.520833	-0.038260	577800.000000
40.625000	-0.050737	578000.000000
40.729167	-0.055591	578200.000000
40.833333	-0.048539	578400.000000
40.937500	-0.032300	578600.000000
41.041667	-0.013717	578800.000000
41.145833	-0.001505	579000.000000
41.250000	-0.000252	579200.000000
41.354167	-0.007615	579400.000000
41.458333	-0.017973	579600.000000
41.562500	-0.025606	579800.000000
41.666667	-0.027291	580000.000000
41.770833	-0.023676	580200.000000
41.875000	-0.019007	580400.000000
41.979167	-0.019326	580600.000000
42.083333	-0.027411	580800.000000
42.187500	-0.041395	581000.000000
42.291667	-0.055044	581200.000000
42.395833	-0.060941	581400.000000
42.500000	-0.055777	581600.000000
42.604167	-0.041678	581800.000000
42.708333	-0.024259	582000.000000
42.812500	-0.010147	582200.000000
42.916667	-0.002066	582400.000000
43.020833	-0.001118	582600.000000
43.125000	-0.004660	582800.000000
43.229167	-0.008103	583000.000000
43.333333	-0.010015	583200.000000
43.437500	-0.011749	583400.000000
43.541667	-0.018162	583600.000000
43.645833	-0.030523	583800.000000
43.750000	-0.046161	584000.000000
43.854167	-0.057202	584200.000000
43.958333	-0.057150	584400.000000
44.062500	-0.046269	584600.000000
44.166667	-0.030679	584800.000000
44.270833	-0.018782	585000.000000
44.375000	-0.014563	585200.000000
44.479167	-0.014773	585400.000000
44.583333	-0.014459	585600.000000
44.687500	-0.011699	585800.000000
44.791667	-0.008361	586000.000000
44.895833	-0.008322	586200.000000
45.000000	-0.012267	586400.000000
45.104167	-0.017151	586600.000000
45.208333	-0.019515	586800.000000
45.312500	-0.018777	587000.000000
45.416667	-0.018461	587200.000000
45.520833	-0.021828	587400.000000
45.625000	-0.028895	587600.000000
45.729167	-0.036132	587800.000000
45.833333	-0.038967	588000.000000
45.937500	-0.035620	588200.000000
46.041667	-0.028426	588400.000000
46.145833	-0.022115	588600.000000
46.250000	-0.020009	588800.000000
46.354167	-0.022065	589000.000000
46.458333	-0.024840	589200.000000
46.562500	-0.024916	589400.000000
46.666667	-0.020440	589600.000000
46.770833	-0.013225	589800.000000
46.875000	-0.006023	590000.000000
46.979167	-0.001904	590200.000000
47.083333	-0.003282	590400.000000
47.187500	-0.010938	590600.000000
47.291667	-0.023808	590800.000000
47.395833	-0.037789	591000.000000
47.500000	-0.046730	591200.000000
47.604167	-0.045777	591400.000000
47.708333	-0.037763	591600.000000
47.812500	-0.030277	591800.000000
47.916667	-0.027773	592000.000000
48.020833	-0.028522	592200.000000
48.125000	-0.026956	592400.000000
48.229167	-0.018535	592600.000000
48.333333	-0.006078	592800.000000
48.437500	0.004868	593000.000000
48.541667	0.008271	593200.000000
48.645833	0.002234	593400.000000
48.750000	-0.010613	593600.000000
48.854167	-0.024565	593800.000000
48.958333	-0.036005	594000.000000
49.062500	-0.043188	594200.000000
49.166667	-0.045630	594400.000000
49.270833	-0.043200	594600.000000
49.375000	-0.036554	594800.000000
49.479167	-0.027234	595000.000000
49.583333	-0.018678	595200.000000
49.687500	-0.015182	595400.000000
49.791667	-0.017218	595600.000000
49.895833	-0.021524	595800.000000
50.000000	-0.024081	596000.000000
50.104167	-0.021596	596200.000000
50.208333	-0.014498	596400.000000
50.312500	-0.005800	596600.000000
50.416667	-0.000287	596800.000000
50.520833	-0.002265	597000.000000
50.625000	-0.012132	597200.000000
50.729167	-0.025120	597400.000000
50.833333	-0.035090	597600.000000
50.937500	-0.036651	597800.000000
51.041667	-0.031188	598000.000000
51.145833	-0.022278	598200.000000
51.250000	-0.016466	598400.000000
51.354167	-0.016122	598600.000000
51.458333	-0.021345	598800.000000
51.562500	-0.028108	599000.000000
51.666667	-0.032502	599200.000000
51.770833	-0.031229	599400.000000
51.875000	-0.024558	599600.000000
51.979167	-0.013324	599800.000000
52.083333	-0.002703	600000.000000
52.187500	0.003126	600200.000000
52.291667	0.002375	600400.000000
52.395833	-0.003715	600600.000000
52.500000	-0.012207	600800.000000
52.604167	-0.020115	601000.000000
52.708333	-0.027751	601200.000000
52.812500	-0.035084	601400.000000
52.916667	-0.041585	601600.000000
53.020833	-0.044707	601800.000000
53.125000	-0.042247	602000.000000
53.229167	-0.034429	602200.000000
53.333333	-0.024138	602400.000000
53.437500	-0.016110	602600.000000
53.541667	-0.011092	602800.000000
53.645833	-0.008924	603000.000000
53.750000	-0.007945	603200.000000
53.854167	-0.007164	603400.000000
53.958333	-0.007556	603600.000000
54.062500	-0.010013	603800.000000
54.166667	-0.014317	604000.000000
54.270833	-0.019666	604200.000000
54.375000	-0.024544	604400.000000
54.479167	-0.028769	604600.000000
54.583333	-0.032888	604800.000000
54.687500	-0.036327	605000.000000
54.791667	-0.036898	605200.000000
54.895833	-0.033907	605400.000000
55.000000	-0.028252	605600.000000
55.104167	-0.021990	605800.000000
55.208333	-0.016965	606000.000000
55.312500	-0.013145	606200.000000
55.416667	-0.011938	606400.000000
55.520833	-0.014515	606600.000000
55.625000	-0.020344	606800.000000
55.729167	-0.026797	607000.000000
55.833333	-0.028811	607200.000000
55.937500	-0.024665	607400.000000
56.041667	-0.017576	607600.000000
56.145833	-0.014002	607800.000000
56.250000	-0.017524	608000.000000
56.354167	-0.026370	608200.000000
56.458333	-0.035990	608400.000000
56.562500	-0.040767	608600.000000
56.666667	-0.038454	608800.000000
56.770833	-0.032163	609000.000000
56.875000	-0.026987	609200.000000
56.979167	-0.025556	609400.000000
57.083333	-0.026790	609600.000000
57.187500	-0.027765	609800.000000
57.291667	-0.026210	610000.000000
57.395833	-0.021459	610200.000000
57.500000	-0.014721	610400.000000
57.604167	-0.008075	610600.000000
57.708333	-0.005182	610800.000000
57.812500	-0.007694	611000.000000
57.916667	-0.016474	611200.000000
58.020833	-0.029790	611400.000000
58.125000	-0.042662	611600.000000
58.229167	-0.049414	611800.000000
58.333333	-0.047073	612000.000000
58.437500	-0.038506	612200.000000
58.541667	-0.028775	612400.000000
58.645833	-0.022967	612600.000000
58.750000	-0.021716	612800.000000
58.854167	-0.022411	613000.000000
58.958333	-0.021837	613200.000000
59.062500	-0.018849	613400.000000
59.166667	-0.014948	613600.000000
59.270833	-0.012249	613800.000000
59.375000	-0.011340	614000.000000
59.479167	-0.012562	614200.000000
59.583333	-0.016083	614400.000000
59.687500	-0.022040	614600.000000
59.791667	-0.030591	614800.000000
59.895833	-0.038596	615000.000000
60.000000	-0.041915	615200.000000
60.104167	-0.038241	615400.000000
60.208333	-0.028641	615600.000000
60.312500	-0.018503	615800.000000
60.416667	-0.012639	616000.000000
60.520833	-0.012794	616200.000000
60.625000	-0.017035	616400.000000
60.729167	-0.021831	616600.000000
60.833333	-0.023911	616800.000000
60.937500	-0.022725	617000.000000
61.041667	-0.019458	617200.000000
61.145833	-0.016047	617400.000000
61.250000	-0.013002	617600.000000
61.354167	-0.011416	617800.000000
61.458333	-0.011214	618000.000000
61.562500	-0.012271	618200.000000
61.666667	-0.014773	618400.000000
61.770833	-0.018923	618600.000000
61.875000	-0.023817	618800.000000
61.979167	-0.028030	619000.000000
62.083333	-0.030394	619200.000000
62.187500	-0.029593	619400.000000
62.291667	-0.026139	619600.000000
62.395833	-0.021038	619800.000000
62.500000	-0.015838	620000.000000
62.604167	-0.012052	620200.000000
62.708333	-0.010455	620400.000000
62.812500	-0.010830	620600.000000
62.916667	-0.012754	620800.000000
63.020833	-0.014275	621000.000000
63.125000	-0.013700	621200.000000
63.229167	-0.012397	621400.000000
63.333333	-0.011982	621600.000000
63.437500	-0.014973	621800.000000
63.541667	-0.021169	622000.000000
63.645833	-0.028346	622200.000000
63.750000	-0.033063	622400.000000
63.854167	-0.032388	622600.000000
63.958333	-0.026275	622800.000000
64.062500	-0.017263	623000.000000
64.166667	-0.008286	623200.000000
64.270833	-0.002365	623400.000000
64.375000	-0.000780	623600.000000
64.479167	-0.003853	623800.000000
64.583333	-0.009352	624000.000000
64.687500	-0.015749	624200.000000
64.791667	-0.020356	624400.000000
64.895833	-0.022032	624600.000000
65.000000	-0.022671	624800.000000
65.104167	-0.023700	625000.000000
65.208333	-0.025990	625200.000000
65.312500	-0.029218	625400.000000
65.416667	-0.032752	625600.000000
65.520833	-0.034937	625800.000000
65.625000	-0.034274	626000.000000
65.729167	-0.030250	626200.000000
65.833333	-0.025050	626400.000000
65.937500	-0.020537	626600.000000
66.041667	-0.019355	626800.000000
66.145833	-0.022168	627000.000000
66.250000	-0.027319	627200.000000
66.354167	-0.030026	627400.000000
66.458333	-0.027083	627600.000000
66.562500	-0.019614	627800.000000
66.666667	-0.011294	628000.000000
66.770833	-0.008127	628200.000000
66.875000	-0.011613	628400.000000
66.979167	-0.019996	628600.000000
67.083333	-0.029321	628800.000000
67.187500	-0.035609	629000.000000
67.291667	-0.036734	629200.000000
67.395833	-0.033601	629400.000000
67.500000	-0.029015	629600.000000
67.604167	-0.025077	629800.000000
67.708333	-0.023288	630000.000000
67.812500	-0.023555	630200.000000
67.916667	-0.025566	630400.000000
68.020833	-0.026163	630600.000000
68.125000	-0.023764	630800.000000
68.229167	-0.017730	631000.000000
68.333333	-0.010928	631200.000000
68.437500	-0.007412	631400.000000
68.541667	-0.009809	631600.000000
68.645833	-0.017112	631800.000000
68.750000	-0.026698	632000.000000
68.854167	-0.033530	632200.000000
68.958333	-0.036045	632400.000000
69.062500	-0.034491	632600.000000
69.166667	-0.030817	632800.000000
69.270833	-0.026314	633000.000000
69.375000	-0.021674	633200.000000
69.479167	-0.016308	633400.000000
69.583333	-0.010887	633600.000000
69.687500	-0.007122	633800.000000
69.791667	-0.005685	634000.000000
69.895833	-0.006394	634200.000000
70.000000	-0.008747	634400.000000
70.104167	-0.011570	634600.000000
70.208333	-0.014482	634800.000000
70.312500	-0.017363	635000.000000
70.416667	-0.019413	635200.000000
70.520833	-0.021068	635400.000000
70.625000	-0.021443	635600.000000
70.729167	-0.021668	635800.000000
70.833333	-0.023386	636000.000000
70.937500	-0.027375	636200.000000
71.041667	-0.032862	636400.000000
71.145833	-0.037426	636600.000000
71.250000	-0.038774	636800.000000
71.354167	-0.036843	637000.000000
71.458333	-0.032708	637200.000000
71.562500	-0.029715	637400.000000
71.666667	-0.029365	637600.000000
71.770833	-0.032454	637800.000000
71.875000	-0.036972	638000.000000
71.979167	-0.040105	638200.000000
72.083333	-0.039981	638400.000000
72.187500	-0.037054	638600.000000
72.291667	-0.032072	638800.000000
72.395833	-0.027659	639000.000000
72.500000	-0.026060	639200.000000
72.604167	-0.027544	639400.000000
72.708333	-0.032112	639600.000000
72.812500	-0.036500	639800.000000
72.916667	-0.037610	640000.000000
73.020833	-0.033981	640200.000000
73.125000	-0.025981	640400.000000
73.229167	-0.015765	640600.000000
73.333333	-0.007825	640800.000000
73.437500	-0.004826	641000.000000
73.541667	-0.005697	641200.000000
73.645833	-0.008933	641400.000000
73.750000	-0.011816	641600.000000
73.854167	-0.012905	641800.000000
73.958333	-0.013137	642000.000000
74.062500	-0.013471	642200.000000
74.166667	-0.015363	642400.000000
74.270833	-0.019756	642600.000000
74.375000	-0.025503	642800.000000
74.479167	-0.030212	643000.000000
74.583333	-0.031688	643200.000000
74.687500	-0.028300	643400.000000
74.791667	-0.021747	643600.000000
74.895833	-0.015038	643800.000000
75.000000	-0.011637	644000.000000
75.104167	-0.012860	644200.000000
75.208333	-0.017852	644400.000000
75.312500	-0.023455	644600.000000
75.416667	-0.026920	644800.000000
75.520833	-0.026819	645000.000000
75.625000	-0.023617	645200.000000
75.729167	-0.019791	645400.000000
75.833333	-0.017705	645600.000000
75.937500	-0.019026	645800.000000
76.041667	-0.022577	646000.000000
76.145833	-0.027023	646200.000000
76.250000	-0.029005	646400.000000
76.354167	-0.027020	646600.000000
76.458333	-0.021542	646800.000000
76.562500	-0.014572	647000.000000
76.666667	-0.010159	647200.000000
76.770833	-0.010791	647400.000000
76.875000	-0.015794	647600.000000
76.979167	-0.022265	647800.000000
77.083333	-0.026783	648000.000000
77.187500	-0.026564	648200.000000
77.291667	-0.023418	648400.000000
77.395833	-0.019181	648600.000000
77.500000	-0.015706	648800.000000
77.604167	-0.015517	649000.000000
77.708333	-0.019167	649200.000000
77.812500	-0.025346	649400.000000
77.916667	-0.032103	649600.000000
78.020833	-0.037253	649800.000000
78.125000	-0.039130	650000.000000
78.229167	-0.037384	650200.000000
78.333333	-0.033402	650400.000000
78.437500	-0.028574	650600.000000
78.541667	-0.024739	650800.000000
78.645833	-0.022592	651000.000000
78.750000	-0.021029	651200.000000
78.854167	-0.019556	651400.000000
78.958333	-0.018653	651600.000000
79.062500	-0.018831	651800.000000
79.166667	-0.019958	652000.000000
79.270833	-0.022475	652200.000000
79.375000	-0.025292	652400.000000
79.479167	-0.028085	652600.000000
79.583333	-0.030438	652800.000000
79.687500	-0.031214	653000.000000
79.791667	-0.031060	653200.000000
79.895833	-0.030740	653400.000000
80.000000	-0.030249	653600.000000
80.104167	-0.029323	653800.000000
80.208333	-0.027940	654000.000000
80.312500	-0.025980	654200.000000
80.416667	-0.023654	654400.000000
80.520833	-0.021549	654600.000000
80.625000	-0.020282	654800.000000
80.729167	-0.020465	655000.000000
80.833333	-0.021459	655200.000000
80.937500	-0.022204	655400.000000
81.041667	-0.023011	655600.000000
81.145833	-0.023947	655800.000000
81.250000	-0.024584	656000.000000
81.354167	-0.024916	656200.000000
81.458333	-0.023816	656400.000000
81.562500	-0.022510	656600.000000
81.666667	-0.021580	656800.000000
81.770833	-0.021912	657000.000000
81.875000	-0.022969	657200.000000
81.979167	-0.023822	657400.000000
82.083333	-0.023942	657600.000000
82.187500	-0.023226	657800.000000
82.291667	-0.021964	658000.000000
82.395833	-0.020675	658200.000000
82.500000	-0.018906	658400.000000
82.604167	-0.016464	658600.000000
82.708333	-0.013663	658800.000000
82.812500	-0.011496	659000.000000
82.916667	-0.011147	659200.000000
83.020833	-0.013510	659400.000000
83.125000	-0.017367	659600.000000
83.229167	-0.021322	659800.000000
83.333333	-0.023564	660000.000000
83.437500	-0.024254	660200.000000
83.541667	-0.023862	660400.000000
83.645833	-0.022272	660600.000000
83.750000	-0.019441	660800.000000
83.854167	-0.015945	661000.000000
83.958333	-0.013005	661200.000000
84.062500	-0.011636	661400.000000
84.166667	-0.012357	661600.000000
84.270833	-0.014270	661800.000000
84.375000	-0.015134	662000.000000
84.479167	-0.014820	662200.000000
84.583333	-0.013703	662400.000000
84.687500	-0.013807	662600.000000
84.791667	-0.016102	662800.000000
84.895833	-0.020177	663000.000000
85.000000	-0.025061	663200.000000
85.104167	-0.028118	663400.000000
85.208333	-0.028684	663600.000000
85.312500	-0.026635	663800.000000
85.416667	-0.023459	664000.000000
85.520833	-0.019861	664200.000000
85.625000	-0.016607	664400.000000
85.729167	-0.015335	664600.000000
85.833333	-0.016121	664800.000000
85.937500	-0.018623	665000.000000
86.041667	-0.021179	665200.000000
86.145833	-0.022881	665400.000000
86.250000	-0.022639	665600.000000
86.354167	-0.021555	665800.000000
86.458333	-0.020565	666000.000000
86.562500	-0.020442	666200.000000
86.666667	-0.021636	666400.000000
86.770833	-0.022949	666600.000000
86.875000	-0.023847	666800.000000
86.979167	-0.024463	667000.000000
87.083333	-0.024493	667200.000000
87.187500	-0.024730	667400.000000
87.291667	-0.025431	667600.000000
87.395833	-0.025871	667800.000000
87.500000	-0.025656	668000.000000
87.604167	-0.023806	668200.000000
87.708333	-0.021368	668400.000000
87.812500	-0.019046	668600.000000
87.916667	-0.017543	668800.000000
88.020833	-0.016895	669000.000000
88.125000	-0.017021	669200.000000
88.229167	-0.017853	669400.000000
88.333333	-0.018938	669600.000000
88.437500	-0.021166	669800.000000
88.541667	-0.023722	670000.000000
88.645833	-0.025726	670200.000000
88.750000	-0.027076	670400.000000
88.854167	-0.027471	670600.000000
88.958333	-0.026984	670800.000000
89.062500	-0.026380	671000.000000
89.166667	-0.025305	671200.000000
89.270833	-0.023505	671400.000000
89.375000	-0.021355	671600.000000
89.479167	-0.018869	671800.000000
89.583333	-0.016879	672000.000000
89.687500	-0.016247	672200.000000
89.791667	-0.016388	672400.000000
89.895833	-0.017480	672600.000000
90.000000	-0.019829	672800.000000
90.104167	-0.022665	673000.000000
90.208333	-0.025045	673200.000000
90.312500	-0.027264	673400.000000
90.416667	-0.028527	673600.000000
90.520833	-0.028710	673800.000000
90.625000	-0.027618	674000.000000
90.729167	-0.025458	674200.000000
90.833333	-0.023454	674400.000000
90.937500	-0.022278	674600.000000
91.041667	-0.021591	674800.000000
91.145833	-0.022153	675000.000000
91.250000	-0.023349	675200.000000
91.354167	-0.025024	675400.000000
91.458333	-0.025859	675600.000000
91.562500	-0.026009	675800.000000
91.666667	-0.024678	676000.000000
91.770833	-0.022689	676200.000000
91.875000	-0.021458	676400.000000
91.979167	-0.021125	676600.000000
92.083333	-0.022021	676800.000000
92.187500	-0.024384	677000.000000
92.291667	-0.026395	677200.000000
92.395833	-0.027627	677400.000000
92.500000	-0.027320	677600.000000
92.604167	-0.025848	677800.000000
92.708333	-0.023712	678000.000000
92.812500	-0.021860	678200.000000
92.916667	-0.020639	678400.000000
93.020833	-0.020183	678600.000000
93.125000	-0.020640	678800.000000
93.229167	-0.021280	679000.000000
93.333333	-0.021090	679200.000000
93.437500	-0.020422	679400.000000
93.541667	-0.019660	679600.000000
93.645833	-0.018800	679800.000000
93.750000	-0.019519	680000.000000
93.854167	-0.021590	680200.000000
93.958333	-0.024156	680400.000000
94.062500	-0.027694	680600.000000
94.166667	-0.030694	680800.000000
94.270833	-0.032339	681000.000000
94.375000	-0.032055	681200.000000
94.479167	-0.028936	681400.000000
94.583333	-0.024373	681600.000000
94.687500	-0.019753	681800.000000
94.791667	-0.017277	682000.000000
94.895833	-0.017116	682200.000000
95.000000	-0.019009	682400.000000
95.104167	-0.020991	682600.000000
95.208333	-0.022375	682800.000000
95.312500	-0.023141	683000.000000
95.416667	-0.022961	683200.000000
95.520833	-0.023298	683400.000000
95.625000	-0.024425	683600.000000
95.729167	-0.025656	683800.000000
95.833333	-0.026497	684000.000000
95.937500	-0.027318	684200.000000
96.041667	-0.026957	684400.000000
96.145833	-0.026014	684600.000000
96.250000	-0.024349	684800.000000
96.354167	-0.023013	685000.000000
96.458333	-0.022002	685200.000000
96.562500	-0.021502	685400.000000
96.666667	-0.021636	685600.000000
96.770833	-0.021825	685800.000000
96.875000	-0.021561	686000.000000
96.979167	-0.020593	686200.000000
97.083333	-0.019174	686400.000000
97.187500	-0.017864	686600.000000
97.291667	-0.017301	686800.000000
97.395833	-0.017281	687000.000000
97.500000	-0.018529	687200.000000
97.604167	-0.019990	687400.000000
97.708333	-0.022009	687600.000000
97.812500	-0.024005	687800.000000
97.916667	-0.025112	688000.000000
98.020833	-0.025619	688200.000000
98.125000	-0.024875	688400.000000
98.229167	-0.023919	688600.000000
98.333333	-0.023489	688800.000000
98.437500	-0.023843	689000.000000
98.541667	-0.025099	689200.000000
98.645833	-0.025596	689400.000000
98.750000	-0.024834	689600.000000
98.854167	-0.022502	689800.000000
98.958333	-0.019863	690000.000000
99.062500	-0.018760	690200.000000
99.166667	-0.019785	690400.000000
99.270833	-0.022934	690600.000000
99.375000	-0.026862	690800.000000
99.479167	-0.029827	691000.000000
99.583333	-0.030359	691200.000000
99.687500	-0.028471	691400.000000
99.791667	-0.024811	691600.000000
99.895833	-0.021441	691800.000000
100.000000	-0.018805	692000.000000
100.104167	-0.017759	692200.000000
100.208333	-0.018792	692400.000000
100.312500	-0.020790	692600.000000
100.416667	-0.022191	692800.000000
100.520833	-0.022823	693000.000000
100.625000	-0.022127	693200.000000
100.729167	-0.020772	693400.000000
100.833333	-0.019945	693600.000000
100.937500	-0.019915	693800.000000
101.041667	-0.020983	694000.000000
101.145833	-0.022727	694200.000000
101.250000	-0.024570	694400.000000
101.354167	-0.024962	694600.000000
101.458333	-0.024327	694800.000000
101.562500	-0.022765	695000.000000
101.666667	-0.021483	695200.000000
101.770833	-0.020629	695400.000000
101.875000	-0.021006	695600.000000
101.979167	-0.022565	695800.000000
102.083333	-0.024376	696000.000000
102.187500	-0.025773	696200.000000
102.291667	-0.025997	696400.000000
102.395833	-0.025136	696600.000000
102.500000	-0.023301	696800.000000
102.604167	-0.021782	697000.000000
102.708333	-0.021105	697200.000000
102.812500	-0.021765	697400.000000
102.916667	-0.023033	697600.000000
103.020833	-0.024769	697800.000000
103.125000	-0.026438	698000.000000
103.229167	-0.027519	698200.000000
103.333333	-0.028469	698400.000000
103.437500	-0.028635	698600.000000
103.541667	-0.028072	698800.000000
103.645833	-0.026576	699000.000000
103.750000	-0.024350	699200.000000
103.854167	-0.021972	699400.000000
103.958333	-0.020517	699600.000000
104.062500	-0.020429	699800.000000
104.166667	-0.021288	700000.000000
104.270833	-0.022539	700200.000000
104.375000	-0.023581	700400.000000
104.479167	-0.024267	700600.000000
104.583333	-0.024291	700800.000000
104.687500	-0.024253	701000.000000
104.791667	-0.024952	701200.000000
104.895833	-0.025750	701400.000000
105.000000	-0.026335	701600.000000
105.104167	-0.026242	701800.000000
105.208333	-0.025019	702000.000000
105.312500	-0.022541	702200.000000
105.416667	-0.019541	702400.000000
105.520833	-0.017724	702600.000000
105.625000	-0.017206	702800.000000
105.729167	-0.017884	703000.000000
105.833333	-0.019122	703200.000000
105.937500	-0.020222	703400.000000
106.041667	-0.021423	703600.000000
106.145833	-0.022319	703800.000000
106.250000	-0.022671	704000.000000
106.354167	-0.022704	704200.000000
106.458333	-0.022364	704400.000000
106.562500	-0.022657	704600.000000
106.666667	-0.023273	704800.000000
106.770833	-0.024601	705000.000000
106.875000	-0.025252	705200.000000
106.979167	-0.024578	705400.000000
107.083333	-0.022878	705600.000000
107.187500	-0.020931	705800.000000
107.291667	-0.019612	706000.000000
107.395833	-0.019119	706200.000000
107.500000	-0.019919	706400.000000
107.604167	-0.021326	706600.000000
107.708333	-0.022348	706800.000000
107.812500	-0.022220	707000.000000
107.916667	-0.020769	707200.000000
108.020833	-0.018524	707400.000000
108.125000	-0.016749	707600.000000
108.229167	-0.016511	707800.000000
108.333333	-0.018416	708000.000000
108.437500	-0.022588	708200.000000
108.541667	-0.026642	708400.000000
108.645833	-0.029059	708600.000000
108.750000	-0.028556	708800.000000
108.854167	-0.025627	709000.000000
108.958333	-0.022230	709200.000000
109.062500	-0.020234	709400.000000
109.166667	-0.020360	709600.000000
109.270833	-0.022299	709800.000000
109.375000	-0.024277	710000.000000
109.479167	-0.026018	710200.000000
109.583333	-0.025720	710400.000000
109.687500	-0.024486	710600.000000
109.791667	-0.023109	710800.000000
109.895833	-0.021983	711000.000000
110.000000	-0.022317	711200.000000
110.104167	-0.023871	711400.000000
110.208333	-0.025956	711600.000000
110.312500	-0.027341	711800.000000
110.416667	-0.027917	712000.000000
110.520833	-0.026348	712200.000000
110.625000	-0.023519	712400.000000
110.729167	-0.020526	712600.000000
110.833333	-0.018255	712800.000000
110.937500	-0.017507	713000.000000
111.041667	-0.018173	713200.000000
111.145833	-0.019806	713400.000000
111.250000	-0.021389	713600.000000
111.354167	-0.022422	713800.000000
111.458333	-0.022759	714000.000000
111.562500	-0.022201	714200.000000
111.666667	-0.021200	714400.000000
111.770833	-0.020379	714600.000000
111.875000	-0.020291	714800.000000
111.979167	-0.021369	715000.000000
112.083333	-0.022466	715200.000000
112.187500	-0.023520	715400.000000
112.291667	-0.023421	715600.000000
112.395833	-0.022748	715800.000000
112.500000	-0.022337	716000.000000
112.604167	-0.022395	716200.000000
112.708333	-0.022538	716400.000000
112.812500	-0.022905	716600.000000
112.916667	-0.022735	716800.000000
113.020833	-0.022136	717000.000000
113.125000	-0.021616	717200.000000
113.229167	-0.021101	717400.000000
113.333333	-0.020513	717600.000000
113.437500	-0.020027	717800.000000
113.541667	-0.020061	718000.000000
113.645833	-0.020180	718200.000000
113.750000	-0.020909	718400.000000
113.854167	-0.021981	718600.000000
113.958333	-0.022866	718800.000000
114.062500	-0.023530	719000.000000
114.166667	-0.023574	719200.000000
114.270833	-0.022617	719400.000000
114.375000	-0.021014	719600.000000
114.479167	-0.018976	719800.000000
114.583333	-0.017939	720000.000000
114.687500	-0.017874	720200.000000
114.791667	-0.018913	720400.000000
114.895833	-0.020460	720600.000000
115.000000	-0.021959	720800.000000
115.104167	-0.022569	721000.000000
115.208333	-0.022689	721200.000000
115.312500	-0.023106	721400.000000
115.416667	-0.023827	721600.000000
115.520833	-0.025213	721800.000000
115.625000	-0.026606	722000.000000
115.729167	-0.027292	722200.000000
115.833333	-0.026809	722400.000000
115.937500	-0.025536	722600.000000
116.041667	-0.023417	722800.000000
116.145833	-0.021670	723000.000000
116.250000	-0.020664	723200.000000
116.354167	-0.020266	723400.000000
116.458333	-0.020849	723600.000000
116.562500	-0.021657	723800.000000
116.666667	-0.022237	724000.000000
116.770833	-0.022147	724200.000000
116.875000	-0.021540	724400.000000
116.979167	-0.020439	724600.000000
117.083333	-0.018776	724800.000000
117.187500	-0.017776	725000.000000
117.291667	-0.017855	725200.000000
117.395833	-0.018570	725400.000000
117.500000	-0.020090	725600.000000
117.604167	-0.021192	725800.000000
117.708333	-0.021665	726000.000000
117.812500	-0.021653	726200.000000
117.916667	-0.021236	726400.000000
118.020833	-0.021103	726600.000000
118.125000	-0.022134	726800.000000
118.229167	-0.023943	727000.000000
118.333333	-0.026510	727200.000000
118.437500	-0.028859	727400.000000
118.541667	-0.029700	727600.000000
118.645833	-0.028952	727800.000000
118.750000	-0.027447	728000.000000
118.854167	-0.025882	728200.000000
118.958333	-0.025305	728400.000000
119.062500	-0.025900	728600.000000
119.166667	-0.027322	728800.000000
119.270833	-0.028689	729000.000000
119.375000	-0.029501	729200.000000
119.479167	-0.029364	729400.000000
119.583333	-0.028214	729600.000000
119.687500	-0.027063	729800.000000
119.791667	-0.025255	730000.000000
119.895833	-0.023687	730200.000000
120.000000	-0.021912	730400.000000
120.104167	-0.020337	730600.000000
120.208333	-0.019227	730800.000000
120.312500	-0.018721	731000.000000
120.416667	-0.019320	731200.000000
120.520833	-0.021065	731400.000000
120.625000	-0.023034	731600.000000
120.729167	-0.023715	731800.000000
120.833333	-0.023867	732000.000000
120.937500	-0.023277	732200.000000
121.041667	-0.022555	732400.000000
121.145833	-0.022271	732600.000000
121.250000	-0.022194	732800.000000
121.354167	-0.022746	733000.000000
121.458333	-0.023763	733200.000000
121.562500	-0.024636	733400.000000
121.666667	-0.024941	733600.000000
121.770833	-0.025046	733800.000000
121.875000	-0.024078	734000.000000
121.979167	-0.022942	734200.000000
122.083333	-0.022619	734400.000000
122.187500	-0.022327	734600.000000
122.291667	-0.022395	734800.000000
122.395833	-0.022744	735000.000000
122.500000	-0.022543	735200.000000
122.604167	-0.021781	735400.000000
122.708333	-0.021349	735600.000000
122.812500	-0.021154	735800.000000
122.916667	-0.021410	736000.000000
123.020833	-0.022359	736200.000000
123.125000	-0.023050	736400.000000
123.229167	-0.023692	736600.000000
123.333333	-0.023314	736800.000000
123.437500	-0.022279	737000.000000
123.541667	-0.021011	737200.000000
123.645833	-0.019745	737400.000000
123.750000	-0.018923	737600.000000
123.854167	-0.018515	737800.000000
123.958333	-0.019361	738000.000000
124.062500	-0.020237	738200.000000
124.166667	-0.021121	738400.000000
124.270833	-0.021529	738600.000000
124.375000	-0.021290	738800.000000
124.479167	-0.021101	739000.000000
124.583333	-0.021644	739200.000000
124.687500	-0.022944	739400.000000
124.791667	-0.024779	739600.000000
124.895833	-0.026330	739800.000000
125.000000	-0.026680	740000.000000
125.104167	-0.025325	740200.000000
125.208333	-0.023446	740400.000000
125.312500	-0.022089	740600.000000
125.416667	-0.021702	740800.000000
125.520833	-0.022511	741000.000000
125.625000	-0.024462	741200.000000
125.729167	-0.026519	741400.000000
125.833333	-0.027913	741600.000000
125.937500	-0.028605	741800.000000
126.041667	-0.028093	742000.000000
126.145833	-0.026800	742200.000000
126.250000	-0.025694	742400.000000
126.354167	-0.025339	742600.000000
126.458333	-0.025514	742800.000000
126.562500	-0.026137	743000.000000
126.666667	-0.026708	743200.000000
126.770833	-0.026331	743400.000000
126.875000	-0.025136	743600.000000
126.979167	-0.023518	743800.000000
127.083333	-0.021680	744000.000000
127.187500	-0.020561	744200.000000
127.291667	-0.020320	744400.000000
127.395833	-0.021259	744600.000000
127.500000	-0.022416	744800.000000
127.604167	-0.023759	745000.000000
127.708333	-0.023900	745200.000000
127.812500	-0.023158	745400.000000
127.916667	-0.021846	745600.000000
128.020833	-0.020529	745800.000000
128.125000	-0.020290	746000.000000
128.229167	-0.021677	746200.000000
128.333333	-0.023157	746400.000000
128.437500	-0.024435	746600.000000
128.541667	-0.024705	746800.000000
128.645833	-0.023842	747000.000000
128.750000	-0.022244	747200.000000
128.854167	-0.020884	747400.000000
128.958333	-0.020050	747600.000000
129.062500	-0.019651	747800.000000
129.166667	-0.020250	748000.000000
129.270833	-0.020813	748200.000000
129.375000	-0.021638	748400.000000
129.479167	-0.022615	748600.000000
129.583333	-0.024009	748800.000000
129.687500	-0.025413	749000.000000
129.791667	-0.026302	749200.000000
129.895833	-0.027379	749400.000000
130.000000	-0.028061	749600.000000
130.104167	-0.028317	749800.000000
130.208333	-0.028528	750000.000000
