0.000000	-0.022041	500000.000000
0.104167	-0.022125	500200.000000
0.208333	-0.022219	500400.000000
0.312500	-0.022195	500600.000000
0.416667	-0.022111	500800.000000
0.520833	-0.022287	501000.000000
0.625000	-0.022139	501200.000000
0.729167	-0.022319	501400.000000
0.833333	-0.022294	501600.000000
0.937500	-0.021949	501800.000000
1.041667	-0.021875	502000.000000
1.145833	-0.021734	502200.000000
1.250000	-0.021852	502400.000000
1.354167	-0.021754	502600.000000
1.458333	-0.021944	502800.000000
1.562500	-0.021952	503000.000000
1.666667	-0.021666	503200.000000
1.770833	-0.021909	503400.000000
1.875000	-0.021973	503600.000000
1.979167	-0.022025	503800.000000
2.083333	-0.021955	504000.000000
2.187500	-0.021952	504200.000000
2.291667	-0.021965	504400.000000
2.395833	-0.022136	504600.000000
2.500000	-0.022485	504800.000000
2.604167	-0.022183	505000.000000
2.708333	-0.022298	505200.000000
2.812500	-0.022232	505400.000000
2.916667	-0.022163	505600.000000
3.020833	-0.022151	505800.000000
3.125000	-0.022049	506000.000000
3.229167	-0.022245	506200.000000
3.333333	-0.022165	506400.000000
3.437500	-0.022177	506600.000000
3.541667	-0.022245	506800.000000
3.645833	-0.022551	507000.000000
3.750000	-0.022311	507200.000000
3.854167	-0.022249	507400.000000
3.958333	-0.022390	507600.000000
4.062500	-0.022159	507800.000000
4.166667	-0.022126	508000.000000
4.270833	-0.022198	508200.000000
4.375000	-0.021980	508400.000000
4.479167	-0.022190	508600.000000
4.583333	-0.022289	508800.000000
4.687500	-0.022325	509000.000000
4.791667	-0.022241	509200.000000
4.895833	-0.022349	509400.000000
5.000000	-0.022135	509600.000000
5.104167	-0.022087	509800.000000
5.208333	-0.022205	510000.000000
5.312500	-0.022145	510200.000000
5.416667	-0.022162	510400.000000
5.520833	-0.022360	510600.000000
5.625000	-0.022260	510800.000000
5.729167	-0.022376	511000.000000
5.833333	-0.022350	511200.000000
5.937500	-0.022450	511400.000000
6.041667	-0.022512	511600.000000
6.145833	-0.022527	511800.000000
6.250000	-0.022354	512000.000000
6.354167	-0.022505	512200.000000
6.458333	-0.022246	512400.000000
6.562500	-0.022252	512600.000000
6.666667	-0.022316	512800.000000
6.770833	-0.022468	513000.000000
6.875000	-0.022282	513200.000000
6.979167	-0.022406	513400.000000
7.083333	-0.022188	513600.000000
7.187500	-0.022362	513800.000000
7.291667	-0.022444	514000.000000
7.395833	-0.022238	514200.000000
7.500000	-0.022189	514400.000000
7.604167	-0.022540	514600.000000
7.708333	-0.022400	514800.000000
7.812500	-0.022253	515000.000000
7.916667	-0.022287	515200.000000
8.020833	-0.022407	515400.000000
8.125000	-0.022275	515600.000000
8.229167	-0.022240	515800.000000
8.333333	-0.022180	516000.000000
8.437500	-0.022127	516200.000000
8.541667	-0.022210	516400.000000
8.645833	-0.022118	516600.000000
8.750000	-0.021966	516800.000000
8.854167	-0.021998	517000.000000
8.958333	-0.021965	517200.000000
9.062500	-0.022201	517400.000000
9.166667	-0.022044	517600.000000
9.270833	-0.022225	517800.000000
9.375000	-0.022213	518000.000000
9.479167	-0.022317	518200.000000
9.583333	-0.022461	518400.000000
9.687500	-0.022625	518600.000000
9.791667	-0.022545	518800.000000
9.895833	-0.022297	519000.000000
10.000000	-0.022377	519200.000000
10.104167	-0.022375	519400.000000
10.208333	-0.022221	519600.000000
10.312500	-0.022288	519800.000000
10.416667	-0.022351	520000.000000
10.520833	-0.022391	520200.000000
10.625000	-0.022410	520400.000000
10.729167	-0.022524	520600.000000
10.833333	-0.022254	520800.000000
10.937500	-0.022427	521000.000000
11.041667	-0.022324	521200.000000
11.145833	-0.022366	521400.000000
11.250000	-0.022478	521600.000000
11.354167	-0.022227	521800.000000
11.458333	-0.022242	522000.000000
11.562500	-0.022426	522200.000000
11.666667	-0.022362	522400.000000
11.770833	-0.022346	522600.000000
11.875000	-0.022382	522800.000000
11.979167	-0.022252	523000.000000
12.083333	-0.022412	523200.000000
12.187500	-0.022477	523400.000000
12.291667	-0.022418	523600.000000
12.395833	-0.022436	523800.000000
12.500000	-0.022373	524000.000000
12.604167	-0.022353	524200.000000
12.708333	-0.022392	524400.000000
12.812500	-0.022314	524600.000000
12.916667	-0.022455	524800.000000
13.020833	-0.022418	525000.000000
13.125000	-0.022594	525200.000000
13.229167	-0.022376	525400.000000
13.333333	-0.022322	525600.000000
13.437500	-0.022454	525800.000000
13.541667	-0.022444	526000.000000
13.645833	-0.022506	526200.000000
13.750000	-0.022486	526400.000000
13.854167	-0.022517	526600.000000
13.958333	-0.022505	526800.000000
14.062500	-0.022526	527000.000000
14.166667	-0.022467	527200.000000
14.270833	-0.022773	527400.000000
14.375000	-0.022462	527600.000000
14.479167	-0.022445	527800.000000
14.583333	-0.022488	528000.000000
14.687500	-0.022366	528200.000000
14.791667	-0.022262	528400.000000
14.895833	-0.022456	528600.000000
15.000000	-0.022496	528800.000000
15.104167	-0.022502	529000.000000
15.208333	-0.022420	529200.000000
15.312500	-0.022589	529400.000000
15.416667	-0.022618	529600.000000
15.520833	-0.022654	529800.000000
15.625000	-0.022428	530000.000000
15.729167	-0.022422	530200.000000
15.833333	-0.022598	530400.000000
15.937500	-0.022416	530600.000000
16.041667	-0.022667	530800.000000
16.145833	-0.022612	531000.000000
16.250000	-0.022592	531200.000000
16.354167	-0.022433	531400.000000
16.458333	-0.022504	531600.000000
16.562500	-0.022463	531800.000000
16.666667	-0.022500	532000.000000
16.770833	-0.022657	532200.000000
16.875000	-0.022455	532400.000000
16.979167	-0.022638	532600.000000
17.083333	-0.022672	532800.000000
17.187500	-0.022402	533000.000000
17.291667	-0.022482	533200.000000
17.395833	-0.022529	533400.000000
17.500000	-0.022755	533600.000000
17.604167	-0.022749	533800.000000
17.708333	-0.022638	534000.000000
17.812500	-0.022578	534200.000000
17.916667	-0.022679	534400.000000
18.020833	-0.022540	534600.000000
18.125000	-0.022578	534800.000000
18.229167	-0.022713	535000.000000
18.333333	-0.022840	535200.000000
18.437500	-0.022747	535400.000000
18.541667	-0.022824	535600.000000
18.645833	-0.022714	535800.000000
18.750000	-0.022926	536000.000000
18.854167	-0.022956	536200.000000
18.958333	-0.022801	536400.000000
19.062500	-0.023081	536600.000000
19.166667	-0.023173	536800.000000
19.270833	-0.023164	537000.000000
19.375000	-0.023242	537200.000000
19.479167	-0.023393	537400.000000
19.583333	-0.023285	537600.000000
19.687500	-0.023516	537800.000000
19.791667	-0.023667	538000.000000
19.895833	-0.023757	538200.000000
20.000000	-0.023749	538400.000000
20.104167	-0.023871	538600.000000
20.208333	-0.023900	538800.000000
20.312500	-0.024106	539000.000000
20.416667	-0.024285	539200.000000
20.520833	-0.024536	539400.000000
20.625000	-0.024745	539600.000000
20.729167	-0.024833	539800.000000
20.833333	-0.025160	540000.000000
20.937500	-0.025487	540200.000000
21.041667	-0.025727	540400.000000
21.145833	-0.025802	540600.000000
21.250000	-0.026028	540800.000000
21.354167	-0.026407	541000.000000
21.458333	-0.026557	541200.000000
21.562500	-0.026785	541400.000000
21.666667	-0.026567	541600.000000
21.770833	-0.025572	541800.000000
21.875000	-0.023197	542000.000000
21.979167	-0.018413	542200.000000
22.083333	-0.009283	542400.000000
22.187500	0.004000	542600.000000
22.291667	0.019824	542800.000000
22.395833	0.031221	543000.000000
22.500000	0.033021	543200.000000
22.604167	0.022648	543400.000000
22.708333	0.005177	543600.000000
22.812500	-0.014250	543800.000000
22.916667	-0.030393	544000.000000
23.020833	-0.040670	544200.000000
23.125000	-0.045641	544400.000000
23.229167	-0.046919	544600.000000
23.333333	-0.046018	544800.000000
23.437500	-0.043603	545000.000000
23.541667	-0.041488	545200.000000
23.645833	-0.038708	545400.000000
23.750000	-0.036816	545600.000000
23.854167	-0.035435	545800.000000
23.958333	-0.036065	546000.000000
24.062500	-0.038063	546200.000000
24.166667	-0.039916	546400.000000
24.270833	-0.039420	546600.000000
24.375000	-0.035853	546800.000000
24.479167	-0.030324	547000.000000
24.583333	-0.026029	547200.000000
24.687500	-0.023186	547400.000000
24.791667	-0.022757	547600.000000
24.895833	-0.022981	547800.000000
25.000000	-0.023084	548000.000000
25.104167	-0.023117	548200.000000
25.208333	-0.023113	548400.000000
25.312500	-0.022266	548600.000000
25.416667	-0.020911	548800.000000
25.520833	-0.019179	549000.000000
25.625000	-0.017800	549200.000000
25.729167	-0.018008	549400.000000
25.833333	-0.019493	549600.000000
25.937500	-0.021389	549800.000000
26.041667	-0.022251	550000.000000
26.145833	-0.021694	550200.000000
26.250000	-0.019928	550400.000000
26.354167	-0.018338	550600.000000
26.458333	-0.018518	550800.000000
26.562500	-0.019727	551000.000000
26.666667	-0.021117	551200.000000
26.770833	-0.021371	551400.000000
26.875000	-0.020386	551600.000000
26.979167	-0.019521	551800.000000
27.083333	-0.019226	552000.000000
27.187500	-0.019807	552200.000000
27.291667	-0.021023	552400.000000
27.395833	-0.022413	552600.000000
27.500000	-0.023492	552800.000000
27.604167	-0.024383	553000.000000
27.708333	-0.024820	553200.000000
27.812500	-0.024879	553400.000000
27.916667	-0.024874	553600.000000
28.020833	-0.024361	553800.000000
28.125000	-0.023388	554000.000000
28.229167	-0.022397	554200.000000
28.333333	-0.021043	554400.000000
28.437500	-0.020271	554600.000000
28.541667	-0.020098	554800.000000
28.645833	-0.020655	555000.000000
28.750000	-0.021535	555200.000000
28.854167	-0.022462	555400.000000
28.958333	-0.022458	555600.000000
29.062500	-0.022077	555800.000000
29.166667	-0.021743	556000.000000
29.270833	-0.021882	556200.000000
29.375000	-0.022168	556400.000000
29.479167	-0.022544	556600.000000
29.583333	-0.023145	556800.000000
29.687500	-0.023250	557000.000000
29.791667	-0.023211	557200.000000
29.895833	-0.022891	557400.000000
30.000000	-0.022252	557600.000000
30.104167	-0.021876	557800.000000
30.208333	-0.021738	558000.000000
30.312500	-0.021769	558200.000000
30.416667	-0.022026	558400.000000
30.520833	-0.021901	558600.000000
30.625000	-0.021821	558800.000000
30.729167	-0.021973	559000.000000
30.833333	-0.022413	559200.000000
30.937500	-0.022645	559400.000000
31.041667	-0.022472	559600.000000
31.145833	-0.022391	559800.000000
31.250000	-0.022669	560000.000000
31.354167	-0.023790	560200.000000
31.458333	-0.024961	560400.000000
31.562500	-0.026230	560600.000000
31.666667	-0.026866	560800.000000
31.770833	-0.026003	561000.000000
31.875000	-0.024475	561200.000000
31.979167	-0.022937	561400.000000
32.083333	-0.021692	561600.000000
32.187500	-0.021613	561800.000000
32.291667	-0.021927	562000.000000
32.395833	-0.022570	562200.000000
32.500000	-0.023111	562400.000000
32.604167	-0.023592	562600.000000
32.708333	-0.023784	562800.000000
32.812500	-0.024026	563000.000000
32.916667	-0.023740	563200.000000
33.020833	-0.023456	563400.000000
33.125000	-0.023303	563600.000000
33.229167	-0.023246	563800.000000
33.333333	-0.022772	564000.000000
33.437500	-0.022691	564200.000000
33.541667	-0.022419	564400.000000
33.645833	-0.022016	564600.000000
33.750000	-0.021810	564800.000000
33.854167	-0.021247	565000.000000
33.958333	-0.020555	565200.000000
34.062500	-0.020330	565400.000000
34.166667	-0.020934	565600.000000
34.270833	-0.021848	565800.000000
34.375000	-0.023131	566000.000000
34.479167	-0.024205	566200.000000
34.583333	-0.023953	566400.000000
34.687500	-0.023001	566600.000000
34.791667	-0.021498	566800.000000
34.895833	-0.021009	567000.000000
35.000000	-0.021111	567200.000000
35.104167	-0.022298	567400.000000
35.208333	-0.023653	567600.000000
35.312500	-0.024112	567800.000000
35.416667	-0.023394	568000.000000
35.520833	-0.022274	568200.000000
35.625000	-0.021613	568400.000000
35.729167	-0.021227	568600.000000
35.833333	-0.021384	568800.000000
35.937500	-0.021583	569000.000000
36.041667	-0.021880	569200.000000
36.145833	-0.022449	569400.000000
36.250000	-0.022621	569600.000000
36.354167	-0.022604	569800.000000
36.458333	-0.021792	570000.000000
36.562500	-0.021427	570200.000000
36.666667	-0.021428	570400.000000
36.770833	-0.022321	570600.000000
36.875000	-0.023566	570800.000000
36.979167	-0.024369	571000.000000
37.083333	-0.024411	571200.000000
37.187500	-0.023420	571400.000000
37.291667	-0.022293	571600.000000
37.395833	-0.021542	571800.000000
37.500000	-0.020687	572000.000000
37.604167	-0.020319	572200.000000
37.708333	-0.020525	572400.000000
37.812500	-0.021583	572600.000000
37.916667	-0.023106	572800.000000
38.020833	-0.023974	573000.000000
38.125000	-0.023928	573200.000000
38.229167	-0.023322	573400.000000
38.333333	-0.022695	573600.000000
38.437500	-0.022848	573800.000000
38.541667	-0.024105	574000.000000
38.645833	-0.025025	574200.000000
38.750000	-0.025155	574400.000000
38.854167	-0.024715	574600.000000
38.958333	-0.023173	574800.000000
39.062500	-0.021552	575000.000000
39.166667	-0.020344	575200.000000
39.270833	-0.019981	575400.000000
39.375000	-0.020572	575600.000000
39.479167	-0.021837	575800.000000
39.583333	-0.023383	576000.000000
39.687500	-0.023843	576200.000000
39.791667	-0.023826	576400.000000
39.895833	-0.023171	576600.000000
40.000000	-0.022655	576800.000000
40.104167	-0.022594	577000.000000
40.208333	-0.022556	577200.000000
40.312500	-0.022628	577400.000000
40.416667	-0.023417	577600.000000
40.520833	-0.023927	577800.000000
40.625000	-0.024335	578000.000000
40.729167	-0.024333	578200.000000
40.833333	-0.023565	578400.000000
40.937500	-0.022640	578600.000000
41.041667	-0.022393	578800.000000
41.145833	-0.021955	579000.000000
41.250000	-0.022393	579200.000000
41.354167	-0.022464	579400.000000
41.458333	-0.022679	579600.000000
41.562500	-0.023106	579800.000000
41.666667	-0.022924	580000.000000
41.770833	-0.022717	580200.000000
41.875000	-0.022536	580400.000000
41.979167	-0.022850	580600.000000
42.083333	-0.023633	580800.000000
42.187500	-0.024508	581000.000000
42.291667	-0.024668	581200.000000
42.395833	-0.024208	581400.000000
42.500000	-0.023745	581600.000000
42.604167	-0.023176	581800.000000
42.708333	-0.022580	582000.000000
42.812500	-0.022179	582200.000000
42.916667	-0.021987	582400.000000
43.020833	-0.022048	582600.000000
43.125000	-0.022222	582800.000000
43.229167	-0.022105	583000.000000
43.333333	-0.022018	583200.000000
43.437500	-0.022150	583400.000000
43.541667	-0.022769	583600.000000
43.645833	-0.023531	583800.000000
43.750000	-0.024148	584000.000000
43.854167	-0.024081	584200.000000
43.958333	-0.023720	584400.000000
44.062500	-0.023128	584600.000000
44.166667	-0.022691	584800.000000
44.270833	-0.022606	585000.000000
44.375000	-0.022717	585200.000000
44.479167	-0.022670	585400.000000
44.583333	-0.022461	585600.000000
44.687500	-0.022436	585800.000000
44.791667	-0.022271	586000.000000
44.895833	-0.022583	586200.000000
45.000000	-0.022811	586400.000000
45.104167	-0.022688	586600.000000
45.208333	-0.022490	586800.000000
45.312500	-0.022371	587000.000000
45.416667	-0.022566	587200.000000
45.520833	-0.023042	587400.000000
45.625000	-0.023651	587600.000000
45.729167	-0.023771	587800.000000
45.833333	-0.023340	588000.000000
45.937500	-0.023408	588200.000000
46.041667	-0.022957	588400.000000
46.145833	-0.022940	588600.000000
46.250000	-0.023078	588800.000000
46.354167	-0.022961	589000.000000
46.458333	-0.023229	589200.000000
46.562500	-0.022788	589400.000000
46.666667	-0.022669	589600.000000
46.770833	-0.022228	589800.000000
46.875000	-0.022204	590000.000000
46.979167	-0.022061	590200.000000
47.083333	-0.022475	590400.000000
47.187500	-0.022842	590600.000000
47.291667	-0.023501	590800.000000
47.395833	-0.024211	591000.000000
47.500000	-0.024356	591200.000000
47.604167	-0.023850	591400.000000
47.708333	-0.023495	591600.000000
47.812500	-0.023522	591800.000000
47.916667	-0.023805	592000.000000
48.020833	-0.023820	592200.000000
48.125000	-0.023296	592400.000000
48.229167	-0.022522	592600.000000
48.333333	-0.022183	592800.000000
48.437500	-0.021848	593000.000000
48.541667	-0.022284	593200.000000
48.645833	-0.022672	593400.000000
48.750000	-0.023149	593600.000000
48.854167	-0.023521	593800.000000
48.958333	-0.024010	594000.000000
49.062500	-0.024248	594200.000000
49.166667	-0.024352	594400.000000
49.270833	-0.023911	594600.000000
49.375000	-0.023295	594800.000000
49.479167	-0.022749	595000.000000
49.583333	-0.022575	595200.000000
49.687500	-0.022771	595400.000000
49.791667	-0.023067	595600.000000
49.895833	-0.023206	595800.000000
50.000000	-0.023069	596000.000000
50.104167	-0.022676	596200.000000
50.208333	-0.022182	596400.000000
50.312500	-0.021793	596600.000000
50.416667	-0.021962	596800.000000
50.520833	-0.022255	597000.000000
50.625000	-0.022856	597200.000000
50.729167	-0.023572	597400.000000
50.833333	-0.023705	597600.000000
50.937500	-0.023340	597800.000000
51.041667	-0.023025	598000.000000
51.145833	-0.022813	598200.000000
51.250000	-0.022580	598400.000000
51.354167	-0.022804	598600.000000
51.458333	-0.023503	598800.000000
51.562500	-0.023255	599000.000000
51.666667	-0.023369	599200.000000
51.770833	-0.023353	599400.000000
51.875000	-0.022673	599600.000000
51.979167	-0.022155	599800.000000
52.083333	-0.021828	600000.000000
52.187500	-0.021785	600200.000000
52.291667	-0.022112	600400.000000
52.395833	-0.022352	600600.000000
52.500000	-0.022506	600800.000000
52.604167	-0.022912	601000.000000
52.708333	-0.023135	601200.000000
52.812500	-0.023647	601400.000000
52.916667	-0.023864	601600.000000
53.020833	-0.023793	601800.000000
53.125000	-0.023596	602000.000000
53.229167	-0.023356	602200.000000
53.333333	-0.022920	602400.000000
53.437500	-0.022403	602600.000000
53.541667	-0.022660	602800.000000
53.645833	-0.022378	603000.000000
53.750000	-0.022107	603200.000000
53.854167	-0.021950	603400.000000
53.958333	-0.022201	603600.000000
54.062500	-0.022617	603800.000000
54.166667	-0.022800	604000.000000
54.270833	-0.023023	604200.000000
54.375000	-0.023381	604400.000000
54.479167	-0.023429	604600.000000
54.583333	-0.023475	604800.000000
54.687500	-0.023705	605000.000000
54.791667	-0.023770	605200.000000
54.895833	-0.023356	605400.000000
55.000000	-0.023078	605600.000000
55.104167	-0.022803	605800.000000
55.208333	-0.022656	606000.000000
55.312500	-0.022664	606200.000000
55.416667	-0.022648	606400.000000
55.520833	-0.022740	606600.000000
55.625000	-0.023286	606800.000000
55.729167	-0.023543	607000.000000
55.833333	-0.023226	607200.000000
55.937500	-0.022759	607400.000000
56.041667	-0.022637	607600.000000
56.145833	-0.022644	607800.000000
56.250000	-0.023301	608000.000000
56.354167	-0.023492	608200.000000
56.458333	-0.023861	608400.000000
56.562500	-0.023777	608600.000000
56.666667	-0.023474	608800.000000
56.770833	-0.023254	609000.000000
56.875000	-0.023390	609200.000000
56.979167	-0.023426	609400.000000
57.083333	-0.023449	609600.000000
57.187500	-0.023406	609800.000000
57.291667	-0.023209	610000.000000
57.395833	-0.022837	610200.000000
57.500000	-0.022674	610400.000000
57.604167	-0.022337	610600.000000
57.708333	-0.022337	610800.000000
57.812500	-0.022559	611000.000000
57.916667	-0.023241	611200.000000
58.020833	-0.023979	611400.000000
58.125000	-0.024451	611600.000000
58.229167	-0.024167	611800.000000
58.333333	-0.023874	612000.000000
58.437500	-0.023288	612200.000000
58.541667	-0.023287	612400.000000
58.645833	-0.023235	612600.000000
58.750000	-0.023220	612800.000000
58.854167	-0.023264	613000.000000
58.958333	-0.023006	613200.000000
59.062500	-0.022764	613400.000000
59.166667	-0.022717	613600.000000
59.270833	-0.022924	613800.000000
59.375000	-0.022850	614000.000000
59.479167	-0.022743	614200.000000
59.583333	-0.022931	614400.000000
59.687500	-0.023415	614600.000000
59.791667	-0.023793	614800.000000
59.895833	-0.024022	615000.000000
60.000000	-0.023707	615200.000000
60.104167	-0.023436	615400.000000
60.208333	-0.022982	615600.000000
60.312500	-0.022781	615800.000000
60.416667	-0.022925	616000.000000
60.520833	-0.023207	616200.000000
60.625000	-0.023182	616400.000000
60.729167	-0.023129	616600.000000
60.833333	-0.023272	616800.000000
60.937500	-0.023129	617000.000000
61.041667	-0.023137	617200.000000
61.145833	-0.023019	617400.000000
61.250000	-0.022710	617600.000000
61.354167	-0.022548	617800.000000
61.458333	-0.022726	618000.000000
61.562500	-0.022794	618200.000000
61.666667	-0.023073	618400.000000
61.770833	-0.023227	618600.000000
61.875000	-0.023154	618800.000000
61.979167	-0.023399	619000.000000
62.083333	-0.023703	619200.000000
62.187500	-0.023418	619400.000000
62.291667	-0.023145	619600.000000
62.395833	-0.022723	619800.000000
62.500000	-0.022646	620000.000000
62.604167	-0.022716	620200.000000
62.708333	-0.022491	620400.000000
62.812500	-0.022457	620600.000000
62.916667	-0.022705	620800.000000
63.020833	-0.022676	621000.000000
63.125000	-0.022640	621200.000000
63.229167	-0.022601	621400.000000
63.333333	-0.022596	621600.000000
63.437500	-0.022812	621800.000000
63.541667	-0.023326	622000.000000
63.645833	-0.023440	622200.000000
63.750000	-0.023325	622400.000000
63.854167	-0.023263	622600.000000
63.958333	-0.022997	622800.000000
64.062500	-0.022689	623000.000000
64.166667	-0.022396	623200.000000
64.270833	-0.022139	623400.000000
64.375000	-0.022312	623600.000000
64.479167	-0.022769	623800.000000
64.583333	-0.022917	624000.000000
64.687500	-0.022968	624200.000000
64.791667	-0.022979	624400.000000
64.895833	-0.023014	624600.000000
65.000000	-0.023064	624800.000000
65.104167	-0.023375	625000.000000
65.208333	-0.023607	625200.000000
65.312500	-0.023825	625400.000000
65.416667	-0.023895	625600.000000
65.520833	-0.023722	625800.000000
65.625000	-0.023690	626000.000000
65.729167	-0.023549	626200.000000
65.833333	-0.023225	626400.000000
65.937500	-0.023083	626600.000000
66.041667	-0.023194	626800.000000
66.145833	-0.023591	627000.000000
66.250000	-0.023711	627200.000000
66.354167	-0.023573	627400.000000
66.458333	-0.023105	627600.000000
66.562500	-0.022770	627800.000000
66.666667	-0.022596	628000.000000
66.770833	-0.022758	628200.000000
66.875000	-0.023167	628400.000000
66.979167	-0.023622	628600.000000
67.083333	-0.023706	628800.000000
67.187500	-0.023945	629000.000000
67.291667	-0.023674	629200.000000
67.395833	-0.023325	629400.000000
67.500000	-0.023210	629600.000000
67.604167	-0.023198	629800.000000
67.708333	-0.023362	630000.000000
67.812500	-0.023177	630200.000000
67.916667	-0.023373	630400.000000
68.020833	-0.023258	630600.000000
68.125000	-0.022848	630800.000000
68.229167	-0.022638	631000.000000
68.333333	-0.022253	631200.000000
68.437500	-0.022270	631400.000000
68.541667	-0.022630	631600.000000
68.645833	-0.023172	631800.000000
68.750000	-0.023388	632000.000000
68.854167	-0.023573	632200.000000
68.958333	-0.023455	632400.000000
69.062500	-0.023500	632600.000000
69.166667	-0.023155	632800.000000
69.270833	-0.023041	633000.000000
69.375000	-0.022781	633200.000000
69.479167	-0.022532	633400.000000
69.583333	-0.022378	633600.000000
69.687500	-0.022172	633800.000000
69.791667	-0.022429	634000.000000
69.895833	-0.022330	634200.000000
70.000000	-0.022578	634400.000000
70.104167	-0.022621	634600.000000
70.208333	-0.022962	634800.000000
70.312500	-0.023046	635000.000000
70.416667	-0.023037	635200.000000
70.520833	-0.023187	635400.000000
70.625000	-0.023032	635600.000000
70.729167	-0.022910	635800.000000
70.833333	-0.023230	636000.000000
70.937500	-0.023328	636200.000000
71.041667	-0.023686	636400.000000
71.145833	-0.023915	636600.000000
71.250000	-0.023715	636800.000000
71.354167	-0.023624	637000.000000
71.458333	-0.023446	637200.000000
71.562500	-0.023622	637400.000000
71.666667	-0.023840	637600.000000
71.770833	-0.024002	637800.000000
71.875000	-0.024115	638000.000000
71.979167	-0.024147	638200.000000
72.083333	-0.023951	638400.000000
72.187500	-0.023816	638600.000000
72.291667	-0.023738	638800.000000
72.395833	-0.023658	639000.000000
72.500000	-0.023689	639200.000000
72.604167	-0.023964	639400.000000
72.708333	-0.024150	639600.000000
72.812500	-0.024262	639800.000000
72.916667	-0.024255	640000.000000
73.020833	-0.023906	640200.000000
73.125000	-0.023483	640400.000000
73.229167	-0.023049	640600.000000
73.333333	-0.022814	640800.000000
73.437500	-0.022870	641000.000000
73.541667	-0.022927	641200.000000
73.645833	-0.022995	641400.000000
73.750000	-0.022901	641600.000000
73.854167	-0.022938	641800.000000
73.958333	-0.022932	642000.000000
74.062500	-0.023053	642200.000000
74.166667	-0.023277	642400.000000
74.270833	-0.023589	642600.000000
74.375000	-0.023557	642800.000000
74.479167	-0.023816	643000.000000
74.583333	-0.023612	643200.000000
74.687500	-0.023255	643400.000000
74.791667	-0.023017	643600.000000
74.895833	-0.022962	643800.000000
75.000000	-0.022746	644000.000000
75.104167	-0.023056	644200.000000
75.208333	-0.023164	644400.000000
75.312500	-0.023406	644600.000000
75.416667	-0.023476	644800.000000
75.520833	-0.023257	645000.000000
75.625000	-0.022999	645200.000000
75.729167	-0.022986	645400.000000
75.833333	-0.023114	645600.000000
75.937500	-0.023138	645800.000000
76.041667	-0.023254	646000.000000
76.145833	-0.023448	646200.000000
76.250000	-0.023514	646400.000000
76.354167	-0.023295	646600.000000
76.458333	-0.022662	646800.000000
76.562500	-0.022724	647000.000000
76.666667	-0.022856	647200.000000
76.770833	-0.023003	647400.000000
76.875000	-0.023491	647600.000000
76.979167	-0.023545	647800.000000
77.083333	-0.023509	648000.000000
77.187500	-0.023524	648200.000000
77.291667	-0.023205	648400.000000
77.395833	-0.023412	648600.000000
77.500000	-0.023199	648800.000000
77.604167	-0.023426	649000.000000
77.708333	-0.023378	649200.000000
77.812500	-0.023870	649400.000000
77.916667	-0.024320	649600.000000
78.020833	-0.024427	649800.000000
78.125000	-0.024410	650000.000000
78.229167	-0.024118	650200.000000
78.333333	-0.023874	650400.000000
78.437500	-0.024022	650600.000000
78.541667	-0.023899	650800.000000
78.645833	-0.023853	651000.000000
78.750000	-0.023665	651200.000000
78.854167	-0.023643	651400.000000
78.958333	-0.023361	651600.000000
79.062500	-0.023576	651800.000000
79.166667	-0.023829	652000.000000
79.270833	-0.023788	652200.000000
79.375000	-0.023911	652400.000000
79.479167	-0.023891	652600.000000
79.583333	-0.024026	652800.000000
79.687500	-0.024033	653000.000000
79.791667	-0.023814	653200.000000
79.895833	-0.023918	653400.000000
80.000000	-0.023885	653600.000000
80.104167	-0.023569	653800.000000
80.208333	-0.023564	654000.000000
80.312500	-0.023439	654200.000000
80.416667	-0.023258	654400.000000
80.520833	-0.023306	654600.000000
80.625000	-0.023275	654800.000000
80.729167	-0.023416	655000.000000
80.833333	-0.023473	655200.000000
80.937500	-0.023329	655400.000000
81.041667	-0.023250	655600.000000
81.145833	-0.023356	655800.000000
81.250000	-0.023388	656000.000000
81.354167	-0.023262	656200.000000
81.458333	-0.023170	656400.000000
81.562500	-0.023137	656600.000000
81.666667	-0.023043	656800.000000
81.770833	-0.023172	657000.000000
81.875000	-0.023257	657200.000000
81.979167	-0.023249	657400.000000
82.083333	-0.023289	657600.000000
82.187500	-0.023122	657800.000000
82.291667	-0.023144	658000.000000
82.395833	-0.023292	658200.000000
82.500000	-0.023002	658400.000000
82.604167	-0.022953	658600.000000
82.708333	-0.022825	658800.000000
82.812500	-0.022749	659000.000000
82.916667	-0.022831	659200.000000
83.020833	-0.023216	659400.000000
83.125000	-0.023414	659600.000000
83.229167	-0.023386	659800.000000
83.333333	-0.023603	660000.000000
83.437500	-0.023476	660200.000000
83.541667	-0.023365	660400.000000
83.645833	-0.023409	660600.000000
83.750000	-0.023309	660800.000000
83.854167	-0.023172	661000.000000
83.958333	-0.022979	661200.000000
84.062500	-0.022965	661400.000000
84.166667	-0.023128	661600.000000
84.270833	-0.023172	661800.000000
84.375000	-0.023277	662000.000000
84.479167	-0.023156	662200.000000
84.583333	-0.023270	662400.000000
84.687500	-0.022986	662600.000000
84.791667	-0.023403	662800.000000
84.895833	-0.023510	663000.000000
85.000000	-0.023593	663200.000000
85.104167	-0.023718	663400.000000
85.208333	-0.023536	663600.000000
85.312500	-0.023605	663800.000000
85.416667	-0.023284	664000.000000
85.520833	-0.023153	664200.000000
85.625000	-0.023040	664400.000000
85.729167	-0.023227	664600.000000
85.833333	-0.023036	664800.000000
85.937500	-0.023276	665000.000000
86.041667	-0.023682	665200.000000
86.145833	-0.023405	665400.000000
86.250000	-0.023292	665600.000000
86.354167	-0.023344	665800.000000
86.458333	-0.023354	666000.000000
86.562500	-0.023475	666200.000000
86.666667	-0.023578	666400.000000
86.770833	-0.023400	666600.000000
86.875000	-0.023497	666800.000000
86.979167	-0.023541	667000.000000
87.083333	-0.023519	667200.000000
87.187500	-0.023454	667400.000000
87.291667	-0.023367	667600.000000
87.395833	-0.023284	667800.000000
87.500000	-0.023303	668000.000000
87.604167	-0.023180	668200.000000
87.708333	-0.022934	668400.000000
87.812500	-0.022831	668600.000000
87.916667	-0.022981	668800.000000
88.020833	-0.023024	669000.000000
88.125000	-0.022936	669200.000000
88.229167	-0.022894	669400.000000
88.333333	-0.022991	669600.000000
88.437500	-0.023195	669800.000000
88.541667	-0.023533	670000.000000
88.645833	-0.023301	670200.000000
88.750000	-0.023625	670400.000000
88.854167	-0.023487	670600.000000
88.958333	-0.023390	670800.000000
89.062500	-0.023602	671000.000000
89.166667	-0.023344	671200.000000
89.270833	-0.023274	671400.000000
89.375000	-0.023288	671600.000000
89.479167	-0.023142	671800.000000
89.583333	-0.023053	672000.000000
89.687500	-0.023121	672200.000000
89.791667	-0.023195	672400.000000
89.895833	-0.023362	672600.000000
90.000000	-0.023577	672800.000000
90.104167	-0.023579	673000.000000
90.208333	-0.023680	673200.000000
90.312500	-0.023931	673400.000000
90.416667	-0.023872	673600.000000
90.520833	-0.023871	673800.000000
90.625000	-0.023805	674000.000000
90.729167	-0.023911	674200.000000
90.833333	-0.023787	674400.000000
90.937500	-0.023892	674600.000000
91.041667	-0.023700	674800.000000
91.145833	-0.023889	675000.000000
91.250000	-0.023891	675200.000000
91.354167	-0.023979	675400.000000
91.458333	-0.023895	675600.000000
91.562500	-0.023933	675800.000000
91.666667	-0.023760	676000.000000
91.770833	-0.023580	676200.000000
91.875000	-0.023619	676400.000000
91.979167	-0.023460	676600.000000
92.083333	-0.023645	676800.000000
92.187500	-0.023951	677000.000000
92.291667	-0.023768	677200.000000
92.395833	-0.023990	677400.000000
92.500000	-0.023829	677600.000000
92.604167	-0.023595	677800.000000
92.708333	-0.023611	678000.000000
92.812500	-0.023248	678200.000000
92.916667	-0.023239	678400.000000
93.020833	-0.023478	678600.000000
93.125000	-0.023246	678800.000000
93.229167	-0.023460	679000.000000
93.333333	-0.023476	679200.000000
93.437500	-0.023298	679400.000000
93.541667	-0.023487	679600.000000
93.645833	-0.023499	679800.000000
93.750000	-0.023344	680000.000000
93.854167	-0.023479	680200.000000
93.958333	-0.023555	680400.000000
94.062500	-0.023671	680600.000000
94.166667	-0.023879	680800.000000
94.270833	-0.023930	681000.000000
94.375000	-0.023523	681200.000000
94.479167	-0.023471	681400.000000
94.583333	-0.023240	681600.000000
94.687500	-0.023175	681800.000000
94.791667	-0.023058	682000.000000
94.895833	-0.023292	682200.000000
95.000000	-0.023410	682400.000000
95.104167	-0.023515	682600.000000
95.208333	-0.023301	682800.000000
95.312500	-0.023374	683000.000000
95.416667	-0.023421	683200.000000
95.520833	-0.023648	683400.000000
95.625000	-0.023462	683600.000000
95.729167	-0.023552	683800.000000
95.833333	-0.023875	684000.000000
95.937500	-0.023728	684200.000000
96.041667	-0.023644	684400.000000
96.145833	-0.023516	684600.000000
96.250000	-0.023341	684800.000000
96.354167	-0.023292	685000.000000
96.458333	-0.023433	685200.000000
96.562500	-0.023335	685400.000000
96.666667	-0.023439	685600.000000
96.770833	-0.023316	685800.000000
96.875000	-0.023223	686000.000000
96.979167	-0.023321	686200.000000
97.083333	-0.023407	686400.000000
97.187500	-0.023489	686600.000000
97.291667	-0.023424	686800.000000
97.395833	-0.023406	687000.000000
97.500000	-0.023301	687200.000000
97.604167	-0.023614	687400.000000
97.708333	-0.023619	687600.000000
97.812500	-0.023844	687800.000000
97.916667	-0.023683	688000.000000
98.020833	-0.023691	688200.000000
98.125000	-0.023757	688400.000000
98.229167	-0.023740	688600.000000
98.333333	-0.023727	688800.000000
98.437500	-0.023670	689000.000000
98.541667	-0.023711	689200.000000
98.645833	-0.023675	689400.000000
98.750000	-0.023575	689600.000000
98.854167	-0.023386	689800.000000
98.958333	-0.023475	690000.000000
99.062500	-0.023366	690200.000000
99.166667	-0.023572	690400.000000
99.270833	-0.023528	690600.000000
99.375000	-0.023889	690800.000000
99.479167	-0.023892	691000.000000
99.583333	-0.023657	691200.000000
99.687500	-0.023843	691400.000000
99.791667	-0.023603	691600.000000
99.895833	-0.023295	691800.000000
100.000000	-0.023376	692000.000000
100.104167	-0.023310	692200.000000
100.208333	-0.023431	692400.000000
100.312500	-0.023633	692600.000000
100.416667	-0.023371	692800.000000
100.520833	-0.023484	693000.000000
100.625000	-0.023616	693200.000000
100.729167	-0.023392	693400.000000
100.833333	-0.023266	693600.000000
100.937500	-0.023460	693800.000000
101.041667	-0.023476	694000.000000
101.145833	-0.023729	694200.000000
101.250000	-0.023511	694400.000000
101.354167	-0.023528	694600.000000
101.458333	-0.023600	694800.000000
101.562500	-0.023621	695000.000000
101.666667	-0.023333	695200.000000
101.770833	-0.023557	695400.000000
101.875000	-0.023572	695600.000000
101.979167	-0.023747	695800.000000
102.083333	-0.023970	696000.000000
102.187500	-0.023754	696200.000000
102.291667	-0.024007	696400.000000
102.395833	-0.023777	696600.000000
102.500000	-0.023687	696800.000000
102.604167	-0.023485	697000.000000
102.708333	-0.023585	697200.000000
102.812500	-0.023802	697400.000000
102.916667	-0.023628	697600.000000
103.020833	-0.024060	697800.000000
103.125000	-0.024008	698000.000000
103.229167	-0.024179	698200.000000
103.333333	-0.024148	698400.000000
103.437500	-0.024001	698600.000000
103.541667	-0.024142	698800.000000
103.645833	-0.023750	699000.000000
103.750000	-0.023762	699200.000000
103.854167	-0.023758	699400.000000
103.958333	-0.023579	699600.000000
104.062500	-0.023574	699800.000000
104.166667	-0.023768	700000.000000
104.270833	-0.023771	700200.000000
104.375000	-0.023760	700400.000000
104.479167	-0.023662	700600.000000
104.583333	-0.023812	700800.000000
104.687500	-0.023769	701000.000000
104.791667	-0.023682	701200.000000
104.895833	-0.023650	701400.000000
105.000000	-0.023628	701600.000000
105.104167	-0.023743	701800.000000
105.208333	-0.023809	702000.000000
105.312500	-0.023421	702200.000000
105.416667	-0.023314	702400.000000
105.520833	-0.023357	702600.000000
105.625000	-0.023424	702800.000000
105.729167	-0.023502	703000.000000
105.833333	-0.023518	703200.000000
105.937500	-0.023475	703400.000000
106.041667	-0.023618	703600.000000
106.145833	-0.023792	703800.000000
106.250000	-0.023881	704000.000000
106.354167	-0.023687	704200.000000
106.458333	-0.023712	704400.000000
106.562500	-0.023750	704600.000000
106.666667	-0.023792	704800.000000
106.770833	-0.023791	705000.000000
106.875000	-0.023983	705200.000000
106.979167	-0.023856	705400.000000
107.083333	-0.023877	705600.000000
107.187500	-0.023521	705800.000000
107.291667	-0.023584	706000.000000
107.395833	-0.023665	706200.000000
107.500000	-0.023653	706400.000000
107.604167	-0.023745	706600.000000
107.708333	-0.023614	706800.000000
107.812500	-0.023753	707000.000000
107.916667	-0.023540	707200.000000
108.020833	-0.023426	707400.000000
108.125000	-0.023167	707600.000000
108.229167	-0.023459	707800.000000
108.333333	-0.023586	708000.000000
108.437500	-0.023590	708200.000000
108.541667	-0.023758	708400.000000
108.645833	-0.023958	708600.000000
108.750000	-0.023803	708800.000000
108.854167	-0.023685	709000.000000
108.958333	-0.023398	709200.000000
109.062500	-0.023541	709400.000000
109.166667	-0.023545	709600.000000
109.270833	-0.023652	709800.000000
109.375000	-0.023915	710000.000000
109.479167	-0.023901	710200.000000
109.583333	-0.023659	710400.000000
109.687500	-0.023530	710600.000000
109.791667	-0.023644	710800.000000
109.895833	-0.023619	711000.000000
110.000000	-0.023842	711200.000000
110.104167	-0.023755	711400.000000
110.208333	-0.023896	711600.000000
110.312500	-0.024078	711800.000000
110.416667	-0.023752	712000.000000
110.520833	-0.023622	712200.000000
110.625000	-0.023622	712400.000000
110.729167	-0.023639	712600.000000
110.833333	-0.023527	712800.000000
110.937500	-0.023584	713000.000000
111.041667	-0.023667	713200.000000
111.145833	-0.023484	713400.000000
111.250000	-0.023702	713600.000000
111.354167	-0.023717	713800.000000
111.458333	-0.023602	714000.000000
111.562500	-0.023633	714200.000000
111.666667	-0.023570	714400.000000
111.770833	-0.023567	714600.000000
111.875000	-0.023709	714800.000000
111.979167	-0.023442	715000.000000
112.083333	-0.023824	715200.000000
112.187500	-0.023492	715400.000000
112.291667	-0.023236	715600.000000
112.395833	-0.023518	715800.000000
112.500000	-0.023650	716000.000000
112.604167	-0.023575	716200.000000
112.708333	-0.023545	716400.000000
112.812500	-0.023638	716600.000000
112.916667	-0.023606	716800.000000
113.020833	-0.023613	717000.000000
113.125000	-0.023484	717200.000000
113.229167	-0.023453	717400.000000
113.333333	-0.023425	717600.000000
113.437500	-0.023534	717800.000000
113.541667	-0.023477	718000.000000
113.645833	-0.023501	718200.000000
113.750000	-0.023479	718400.000000
113.854167	-0.023542	718600.000000
113.958333	-0.023595	718800.000000
114.062500	-0.023619	719000.000000
114.166667	-0.023316	719200.000000
114.270833	-0.023309	719400.000000
114.375000	-0.023273	719600.000000
114.479167	-0.023159	719800.000000
114.583333	-0.023168	720000.000000
114.687500	-0.023075	720200.000000
114.791667	-0.023241	720400.000000
114.895833	-0.023468	720600.000000
115.000000	-0.023281	720800.000000
115.104167	-0.023503	721000.000000
115.208333	-0.023422	721200.000000
115.312500	-0.023372	721400.000000
115.416667	-0.023529	721600.000000
115.520833	-0.023687	721800.000000
115.625000	-0.023538	722000.000000
115.729167	-0.023721	722200.000000
115.833333	-0.023682	722400.000000
115.937500	-0.023808	722600.000000
116.041667	-0.023737	722800.000000
116.145833	-0.023444	723000.000000
116.250000	-0.023615	723200.000000
116.354167	-0.023718	723400.000000
116.458333	-0.023662	723600.000000
116.562500	-0.023703	723800.000000
116.666667	-0.023482	724000.000000
116.770833	-0.023757	724200.000000
116.875000	-0.023453	724400.000000
116.979167	-0.023389	724600.000000
117.083333	-0.023361	724800.000000
117.187500	-0.023270	725000.000000
117.291667	-0.023475	725200.000000
117.395833	-0.023485	725400.000000
117.500000	-0.023374	725600.000000
117.604167	-0.023307	725800.000000
117.708333	-0.023454	726000.000000
117.812500	-0.023396	726200.000000
117.916667	-0.023589	726400.000000
118.020833	-0.023539	726600.000000
118.125000	-0.023648	726800.000000
118.229167	-0.023814	727000.000000
118.333333	-0.024106	727200.000000
118.437500	-0.024100	727400.000000
118.541667	-0.024031	727600.000000
118.645833	-0.024245	727800.000000
118.750000	-0.023767	728000.000000
118.854167	-0.023659	728200.000000
118.958333	-0.023832	728400.000000
119.062500	-0.024003	728600.000000
119.166667	-0.023918	728800.000000
119.270833	-0.024051	729000.000000
119.375000	-0.024113	729200.000000
119.479167	-0.024142	729400.000000
119.583333	-0.023964	729600.000000
119.687500	-0.024026	729800.000000
119.791667	-0.023966	730000.000000
119.895833	-0.023580	730200.000000
120.000000	-0.023747	730400.000000
120.104167	-0.023793	730600.000000
120.208333	-0.023734	730800.000000
120.312500	-0.023609	731000.000000
120.416667	-0.023692	731200.000000
120.520833	-0.023662	731400.000000
120.625000	-0.023720	731600.000000
120.729167	-0.023676	731800.000000
120.833333	-0.023635	732000.000000
120.937500	-0.023481	732200.000000
121.041667	-0.023413	732400.000000
121.145833	-0.023241	732600.000000
121.250000	-0.023519	732800.000000
121.354167	-0.023652	733000.000000
121.458333	-0.023586	733200.000000
121.562500	-0.023533	733400.000000
121.666667	-0.023552	733600.000000
121.770833	-0.023638	733800.000000
121.875000	-0.023703	734000.000000
121.979167	-0.023651	734200.000000
122.083333	-0.023724	734400.000000
122.187500	-0.023718	734600.000000
122.291667	-0.023732	734800.000000
122.395833	-0.023802	735000.000000
122.500000	-0.023919	735200.000000
122.604167	-0.023828	735400.000000
122.708333	-0.023770	735600.000000
122.812500	-0.023974	735800.000000
122.916667	-0.024064	736000.000000
123.020833	-0.024062	736200.000000
123.125000	-0.024168	736400.000000
123.229167	-0.024138	736600.000000
123.333333	-0.024190	736800.000000
123.437500	-0.024133	737000.000000
123.541667	-0.024159	737200.000000
123.645833	-0.023964	737400.000000
123.750000	-0.023936	737600.000000
123.854167	-0.023641	737800.000000
123.958333	-0.023892	738000.000000
124.062500	-0.024047	738200.000000
124.166667	-0.023913	738400.000000
124.270833	-0.023786	738600.000000
124.375000	-0.023737	738800.000000
124.479167	-0.023787	739000.000000
124.583333	-0.024092	739200.000000
124.687500	-0.023904	739400.000000
124.791667	-0.023818	739600.000000
124.895833	-0.024014	739800.000000
125.000000	-0.023995	740000.000000
125.104167	-0.023816	740200.000000
125.208333	-0.023687	740400.000000
125.312500	-0.023600	740600.000000
125.416667	-0.023735	740800.000000
125.520833	-0.023749	741000.000000
125.625000	-0.023893	741200.000000
125.729167	-0.023760	741400.000000
125.833333	-0.023752	741600.000000
125.937500	-0.023780	741800.000000
126.041667	-0.023760	742000.000000
126.145833	-0.023918	742200.000000
126.250000	-0.023752	742400.000000
126.354167	-0.023667	742600.000000
126.458333	-0.023874	742800.000000
126.562500	-0.023824	743000.000000
126.666667	-0.023769	743200.000000
126.770833	-0.023649	743400.000000
126.875000	-0.023583	743600.000000
126.979167	-0.023721	743800.000000
127.083333	-0.023728	744000.000000
127.187500	-0.023728	744200.000000
127.291667	-0.023797	744400.000000
127.395833	-0.024010	744600.000000
127.500000	-0.023989	744800.000000
127.604167	-0.023763	745000.000000
127.708333	-0.023711	745200.000000
127.812500	-0.023822	745400.000000
127.916667	-0.023494	745600.000000
128.020833	-0.023474	745800.000000
128.125000	-0.023423	746000.000000
128.229167	-0.023613	746200.000000
128.333333	-0.023876	746400.000000
128.437500	-0.023586	746600.000000
128.541667	-0.023652	746800.000000
128.645833	-0.023719	747000.000000
128.750000	-0.023845	747200.000000
128.854167	-0.023892	747400.000000
128.958333	-0.023720	747600.000000
129.062500	-0.023805	747800.000000
129.166667	-0.023853	748000.000000
129.270833	-0.024145	748200.000000
129.375000	-0.024153	748400.000000
129.479167	-0.024163	748600.000000
129.583333	-0.024281	748800.000000
129.687500	-0.024246	749000.000000
129.791667	-0.024452	749200.000000
129.895833	-0.024472	749400.000000
130.000000	-0.024391	749600.000000
130.104167	-0.024320	749800.000000
130.208333	-0.024205	750000.000000
