0.000000	-0.021922	500000.000000
0.104167	-0.022010	500200.000000
0.208333	-0.021893	500400.000000
0.312500	-0.021947	500600.000000
0.416667	-0.021889	500800.000000
0.520833	-0.022009	501000.000000
0.625000	-0.021808	501200.000000
0.729167	-0.021716	501400.000000
0.833333	-0.021949	501600.000000
0.937500	-0.021957	501800.000000
1.041667	-0.021907	502000.000000
1.145833	-0.021842	502200.000000
1.250000	-0.021711	502400.000000
1.354167	-0.021800	502600.000000
1.458333	-0.021777	502800.000000
1.562500	-0.021641	503000.000000
1.666667	-0.021767	503200.000000
1.770833	-0.022112	503400.000000
1.875000	-0.021702	503600.000000
1.979167	-0.021896	503800.000000
2.083333	-0.021738	504000.000000
2.187500	-0.021719	504200.000000
2.291667	-0.021854	504400.000000
2.395833	-0.022045	504600.000000
2.500000	-0.022016	504800.000000
2.604167	-0.021990	505000.000000
2.708333	-0.022019	505200.000000
2.812500	-0.021916	505400.000000
2.916667	-0.021945	505600.000000
3.020833	-0.022093	505800.000000
3.125000	-0.022010	506000.000000
3.229167	-0.022005	506200.000000
3.333333	-0.021853	506400.000000
3.437500	-0.022082	506600.000000
3.541667	-0.021881	506800.000000
3.645833	-0.021892	507000.000000
3.750000	-0.021917	507200.000000
3.854167	-0.021746	507400.000000
3.958333	-0.021797	507600.000000
4.062500	-0.021866	507800.000000
4.166667	-0.022030	508000.000000
4.270833	-0.022043	508200.000000
4.375000	-0.021792	508400.000000
4.479167	-0.021699	508600.000000
4.583333	-0.021814	508800.000000
4.687500	-0.021787	509000.000000
4.791667	-0.021942	509200.000000
4.895833	-0.021878	509400.000000
5.000000	-0.021889	509600.000000
5.104167	-0.021842	509800.000000
5.208333	-0.022054	510000.000000
5.312500	-0.021883	510200.000000
5.416667	-0.021875	510400.000000
5.520833	-0.021922	510600.000000
5.625000	-0.021877	510800.000000
5.729167	-0.021861	511000.000000
5.833333	-0.021827	511200.000000
5.937500	-0.021842	511400.000000
6.041667	-0.021838	511600.000000
6.145833	-0.021850	511800.000000
6.250000	-0.021819	512000.000000
6.354167	-0.021981	512200.000000
6.458333	-0.022101	512400.000000
6.562500	-0.022015	512600.000000
6.666667	-0.022110	512800.000000
6.770833	-0.022027	513000.000000
6.875000	-0.022044	513200.000000
6.979167	-0.022155	513400.000000
7.083333	-0.021903	513600.000000
7.187500	-0.022002	513800.000000
7.291667	-0.022051	514000.000000
7.395833	-0.021880	514200.000000
7.500000	-0.021879	514400.000000
7.604167	-0.021921	514600.000000
7.708333	-0.022056	514800.000000
7.812500	-0.021889	515000.000000
7.916667	-0.021924	515200.000000
8.020833	-0.021949	515400.000000
8.125000	-0.021862	515600.000000
8.229167	-0.022074	515800.000000
8.333333	-0.022163	516000.000000
8.437500	-0.022159	516200.000000
8.541667	-0.021925	516400.000000
8.645833	-0.021975	516600.000000
8.750000	-0.022071	516800.000000
8.854167	-0.021796	517000.000000
8.958333	-0.021791	517200.000000
9.062500	-0.022189	517400.000000
9.166667	-0.022023	517600.000000
9.270833	-0.021896	517800.000000
9.375000	-0.022013	518000.000000
9.479167	-0.022061	518200.000000
9.583333	-0.021956	518400.000000
9.687500	-0.021912	518600.000000
9.791667	-0.021912	518800.000000
9.895833	-0.021939	519000.000000
10.000000	-0.021943	519200.000000
10.104167	-0.022153	519400.000000
10.208333	-0.021944	519600.000000
10.312500	-0.022081	519800.000000
10.416667	-0.022048	520000.000000
10.520833	-0.022019	520200.000000
10.625000	-0.022019	520400.000000
10.729167	-0.021834	520600.000000
10.833333	-0.022149	520800.000000
10.937500	-0.021831	521000.000000
11.041667	-0.021882	521200.000000
11.145833	-0.021884	521400.000000
11.250000	-0.021907	521600.000000
11.354167	-0.022023	521800.000000
11.458333	-0.022137	522000.000000
11.562500	-0.022056	522200.000000
11.666667	-0.021937	522400.000000
11.770833	-0.021998	522600.000000
11.875000	-0.022228	522800.000000
11.979167	-0.022049	523000.000000
12.083333	-0.021883	523200.000000
12.187500	-0.021864	523400.000000
12.291667	-0.021926	523600.000000
12.395833	-0.022124	523800.000000
12.500000	-0.021962	524000.000000
12.604167	-0.021900	524200.000000
12.708333	-0.021907	524400.000000
12.812500	-0.021904	524600.000000
12.916667	-0.021836	524800.000000
13.020833	-0.022052	525000.000000
13.125000	-0.021897	525200.000000
13.229167	-0.021889	525400.000000
13.333333	-0.022028	525600.000000
13.437500	-0.022026	525800.000000
13.541667	-0.021924	526000.000000
13.645833	-0.022227	526200.000000
13.750000	-0.021892	526400.000000
13.854167	-0.022145	526600.000000
13.958333	-0.022148	526800.000000
14.062500	-0.022232	527000.000000
14.166667	-0.022356	527200.000000
14.270833	-0.022248	527400.000000
14.375000	-0.022186	527600.000000
14.479167	-0.022302	527800.000000
14.583333	-0.022362	528000.000000
14.687500	-0.022088	528200.000000
14.791667	-0.022253	528400.000000
14.895833	-0.022289	528600.000000
15.000000	-0.022243	528800.000000
15.104167	-0.022242	529000.000000
15.208333	-0.022352	529200.000000
15.312500	-0.022134	529400.000000
15.416667	-0.022319	529600.000000
15.520833	-0.022224	529800.000000
15.625000	-0.022237	530000.000000
15.729167	-0.022247	530200.000000
15.833333	-0.022263	530400.000000
15.937500	-0.022123	530600.000000
16.041667	-0.022366	530800.000000
16.145833	-0.022309	531000.000000
16.250000	-0.022492	531200.000000
16.354167	-0.022575	531400.000000
16.458333	-0.022497	531600.000000
16.562500	-0.022635	531800.000000
16.666667	-0.022778	532000.000000
16.770833	-0.022790	532200.000000
16.875000	-0.022606	532400.000000
16.979167	-0.022821	532600.000000
17.083333	-0.023053	532800.000000
17.187500	-0.023029	533000.000000
17.291667	-0.023136	533200.000000
17.395833	-0.023160	533400.000000
17.500000	-0.023335	533600.000000
17.604167	-0.023454	533800.000000
17.708333	-0.023592	534000.000000
17.812500	-0.023899	534200.000000
17.916667	-0.024212	534400.000000
18.020833	-0.024182	534600.000000
18.125000	-0.024627	534800.000000
18.229167	-0.024804	535000.000000
18.333333	-0.024852	535200.000000
18.437500	-0.025324	535400.000000
18.541667	-0.025551	535600.000000
18.645833	-0.025989	535800.000000
18.750000	-0.026527	536000.000000
18.854167	-0.026772	536200.000000
18.958333	-0.027141	536400.000000
19.062500	-0.027564	536600.000000
19.166667	-0.028253	536800.000000
19.270833	-0.029007	537000.000000
19.375000	-0.029762	537200.000000
19.479167	-0.030601	537400.000000
19.583333	-0.031667	537600.000000
19.687500	-0.032563	537800.000000
19.791667	-0.033813	538000.000000
19.895833	-0.035340	538200.000000
20.000000	-0.036878	538400.000000
20.104167	-0.038883	538600.000000
20.208333	-0.041128	538800.000000
20.312500	-0.043426	539000.000000
20.416667	-0.046440	539200.000000
20.520833	-0.049641	539400.000000
20.625000	-0.052806	539600.000000
20.729167	-0.056774	539800.000000
20.833333	-0.061054	540000.000000
20.937500	-0.065402	540200.000000
21.041667	-0.070325	540400.000000
21.145833	-0.075783	540600.000000
21.250000	-0.081355	540800.000000
21.354167	-0.086999	541000.000000
21.458333	-0.092555	541200.000000
21.562500	-0.097402	541400.000000
21.666667	-0.101118	541600.000000
21.770833	-0.102674	541800.000000
21.875000	-0.100107	542000.000000
21.979167	-0.088565	542200.000000
22.083333	-0.056664	542400.000000
22.187500	0.013529	542600.000000
22.291667	0.149756	542800.000000
22.395833	0.367365	543000.000000
22.500000	0.637122	543200.000000
22.604167	0.895795	543400.000000
22.708333	1.034276	543600.000000
22.812500	0.978649	543800.000000
22.916667	0.716580	544000.000000
23.020833	0.332408	544200.000000
23.125000	-0.069333	544400.000000
23.229167	-0.365411	544600.000000
23.333333	-0.517502	544800.000000
23.437500	-0.550027	545000.000000
23.541667	-0.512462	545200.000000
23.645833	-0.453276	545400.000000
23.750000	-0.397603	545600.000000
23.854167	-0.349477	545800.000000
23.958333	-0.304804	546000.000000
24.062500	-0.271396	546200.000000
24.166667	-0.259299	546400.000000
24.270833	-0.274156	546600.000000
24.375000	-0.300135	546800.000000
24.479167	-0.308069	547000.000000
24.583333	-0.272721	547200.000000
24.687500	-0.192591	547400.000000
24.791667	-0.098274	547600.000000
24.895833	-0.027051	547800.000000
25.000000	-0.000606	548000.000000
25.104167	-0.014992	548200.000000
25.208333	-0.045995	548400.000000
25.312500	-0.068194	548600.000000
25.416667	-0.068646	548800.000000
25.520833	-0.048278	549000.000000
25.625000	-0.017605	549200.000000
25.729167	0.013934	549400.000000
25.833333	0.037663	549600.000000
25.937500	0.042432	549800.000000
26.041667	0.024303	550000.000000
26.145833	-0.009675	550200.000000
26.250000	-0.040757	550400.000000
26.354167	-0.047967	550600.000000
26.458333	-0.025141	550800.000000
26.562500	0.014857	551000.000000
26.666667	0.047763	551200.000000
26.770833	0.056555	551400.000000
26.875000	0.043675	551600.000000
26.979167	0.026867	551800.000000
27.083333	0.023745	552000.000000
27.187500	0.038162	552200.000000
27.291667	0.057783	552400.000000
27.395833	0.066499	552600.000000
27.500000	0.054391	552800.000000
27.604167	0.026560	553000.000000
27.708333	-0.003940	553200.000000
27.812500	-0.026783	553400.000000
27.916667	-0.039746	553600.000000
28.020833	-0.044839	553800.000000
28.125000	-0.044790	554000.000000
28.229167	-0.040661	554200.000000
28.333333	-0.030807	554400.000000
28.437500	-0.014039	554600.000000
28.541667	0.006596	554800.000000
28.645833	0.024076	555000.000000
28.750000	0.030681	555200.000000
28.854167	0.022660	555400.000000
28.958333	0.002985	555600.000000
29.062500	-0.018151	555800.000000
29.166667	-0.030282	556000.000000
29.270833	-0.031108	556200.000000
29.375000	-0.024169	556400.000000
29.479167	-0.017167	556600.000000
29.583333	-0.016792	556800.000000
29.687500	-0.023818	557000.000000
29.791667	-0.034388	557200.000000
29.895833	-0.041459	557400.000000
30.000000	-0.041001	557600.000000
30.104167	-0.031657	557800.000000
30.208333	-0.016901	558000.000000
30.312500	-0.002435	558200.000000
30.416667	0.006723	558400.000000
30.520833	0.008959	558600.000000
30.625000	0.007281	558800.000000
30.729167	0.004531	559000.000000
30.833333	0.002097	559200.000000
30.937500	-0.000842	559400.000000
31.041667	-0.004120	559600.000000
31.145833	-0.006726	559800.000000
31.250000	-0.007350	560000.000000
31.354167	-0.006961	560200.000000
31.458333	-0.010475	560400.000000
31.562500	-0.022153	560600.000000
31.666667	-0.045010	560800.000000
31.770833	-0.073893	561000.000000
31.875000	-0.095485	561200.000000
31.979167	-0.097859	561400.000000
32.083333	-0.077614	561600.000000
32.187500	-0.043196	561800.000000
32.291667	-0.009919	562000.000000
32.395833	0.008764	562200.000000
32.500000	0.010083	562400.000000
32.604167	-0.002007	562600.000000
32.708333	-0.018755	562800.000000
32.812500	-0.031095	563000.000000
32.916667	-0.036080	563200.000000
33.020833	-0.036278	563400.000000
33.125000	-0.034319	563600.000000
33.229167	-0.032720	563800.000000
33.333333	-0.032111	564000.000000
33.437500	-0.031876	564200.000000
33.541667	-0.032348	564400.000000
33.645833	-0.032154	564600.000000
33.750000	-0.029535	564800.000000
33.854167	-0.023197	565000.000000
33.958333	-0.012914	565200.000000
34.062500	0.001832	565400.000000
34.166667	0.017740	565600.000000
34.270833	0.028893	565800.000000
34.375000	0.029125	566000.000000
34.479167	0.014160	566200.000000
34.583333	-0.012496	566400.000000
34.687500	-0.039933	566600.000000
34.791667	-0.054490	566800.000000
34.895833	-0.048534	567000.000000
35.000000	-0.024643	567200.000000
35.104167	0.001672	567400.000000
35.208333	0.014223	567600.000000
35.312500	0.005407	567800.000000
35.416667	-0.018240	568000.000000
35.520833	-0.039163	568200.000000
35.625000	-0.043999	568400.000000
35.729167	-0.029880	568600.000000
35.833333	-0.006577	568800.000000
35.937500	0.012866	569000.000000
36.041667	0.020209	569200.000000
36.145833	0.016036	569400.000000
36.250000	0.005126	569600.000000
36.354167	-0.008023	569800.000000
36.458333	-0.018558	570000.000000
36.562500	-0.023159	570200.000000
36.666667	-0.020303	570400.000000
36.770833	-0.012388	570600.000000
36.875000	-0.007829	570800.000000
36.979167	-0.013794	571000.000000
37.083333	-0.030944	571200.000000
37.187500	-0.050540	571400.000000
37.291667	-0.061624	571600.000000
37.395833	-0.056421	571800.000000
37.500000	-0.036560	572000.000000
37.604167	-0.010781	572200.000000
37.708333	0.012186	572400.000000
37.812500	0.025436	572600.000000
37.916667	0.023884	572800.000000
38.020833	0.007371	573000.000000
38.125000	-0.019268	573200.000000
38.229167	-0.044828	573400.000000
38.333333	-0.058689	573600.000000
38.437500	-0.056369	573800.000000
38.541667	-0.043339	574000.000000
38.645833	-0.032202	574200.000000
38.750000	-0.034503	574400.000000
38.854167	-0.049988	574600.000000
38.958333	-0.066367	574800.000000
39.062500	-0.070243	575000.000000
39.166667	-0.054354	575200.000000
39.270833	-0.024439	575400.000000
39.375000	0.008597	575600.000000
39.479167	0.028673	575800.000000
39.583333	0.027614	576000.000000
39.687500	0.006869	576200.000000
39.791667	-0.022281	576400.000000
39.895833	-0.043379	576600.000000
40.000000	-0.050641	576800.000000
40.104167	-0.044102	577000.000000
40.208333	-0.030941	577200.000000
40.312500	-0.018936	577400.000000
40.416667	-0.013508	577600.000000
40.520833	-0.016645	577800.000000
40.625000	-0.026502	578000.000000
40.729167	-0.040157	578200.000000
40.833333	-0.050937	578400.000000
40.937500	-0.053851	578600.000000
41.041667	-0.046522	578800.000000
41.145833	-0.031185	579000.000000
41.250000	-0.014123	579200.000000
41.354167	-0.003480	579400.000000
41.458333	-0.002657	579600.000000
41.562500	-0.009749	579800.000000
41.666667	-0.018823	580000.000000
41.770833	-0.025002	580200.000000
41.875000	-0.025672	580400.000000
41.979167	-0.022162	580600.000000
42.083333	-0.019081	580800.000000
42.187500	-0.020568	581000.000000
42.291667	-0.028614	581200.000000
42.395833	-0.041263	581400.000000
42.500000	-0.052740	581600.000000
42.604167	-0.056781	581800.000000
42.708333	-0.051743	582000.000000
42.812500	-0.039050	582200.000000
42.916667	-0.023397	582400.000000
43.020833	-0.010818	582600.000000
43.125000	-0.003953	582800.000000
43.229167	-0.003311	583000.000000
43.333333	-0.005989	583200.000000
43.437500	-0.008938	583400.000000
43.541667	-0.010895	583600.000000
43.645833	-0.014055	583800.000000
43.750000	-0.021144	584000.000000
43.854167	-0.033436	584200.000000
43.958333	-0.047280	584400.000000
44.062500	-0.055309	584600.000000
44.166667	-0.053227	584800.000000
44.270833	-0.041738	585000.000000
44.375000	-0.027667	585200.000000
44.479167	-0.017841	585400.000000
44.583333	-0.014863	585600.000000
44.687500	-0.015065	585800.000000
44.791667	-0.014693	586000.000000
44.895833	-0.012292	586200.000000
45.000000	-0.010128	586400.000000
45.104167	-0.011315	586600.000000
45.208333	-0.015411	586800.000000
45.312500	-0.019602	587000.000000
45.416667	-0.020988	587200.000000
45.520833	-0.019659	587400.000000
45.625000	-0.019026	587600.000000
45.729167	-0.022348	587800.000000
45.833333	-0.029107	588000.000000
45.937500	-0.035388	588200.000000
46.041667	-0.036914	588400.000000
46.145833	-0.032729	588600.000000
46.250000	-0.025766	588800.000000
46.354167	-0.020244	589000.000000
46.458333	-0.018972	589200.000000
46.562500	-0.021173	589400.000000
46.666667	-0.023677	589600.000000
46.770833	-0.023133	589800.000000
46.875000	-0.018994	590000.000000
46.979167	-0.012792	590200.000000
47.083333	-0.006931	590400.000000
47.187500	-0.004063	590600.000000
47.291667	-0.005828	590800.000000
47.395833	-0.013197	591000.000000
47.500000	-0.025244	591200.000000
47.604167	-0.036971	591400.000000
47.708333	-0.043600	591600.000000
47.812500	-0.042192	591800.000000
47.916667	-0.035196	592000.000000
48.020833	-0.029072	592200.000000
48.125000	-0.026901	592400.000000
48.229167	-0.027065	592600.000000
48.333333	-0.024653	592800.000000
48.437500	-0.016862	593000.000000
48.541667	-0.005417	593200.000000
48.645833	0.003645	593400.000000
48.750000	0.005876	593600.000000
48.854167	-0.000189	593800.000000
48.958333	-0.011893	594000.000000
49.062500	-0.024635	594200.000000
49.166667	-0.034036	594400.000000
49.270833	-0.039766	594600.000000
49.375000	-0.041673	594800.000000
49.479167	-0.039231	595000.000000
49.583333	-0.032348	595200.000000
49.687500	-0.023542	595400.000000
49.791667	-0.016106	595600.000000
49.895833	-0.013802	595800.000000
50.000000	-0.016028	596000.000000
50.104167	-0.020317	596200.000000
50.208333	-0.022601	596400.000000
50.312500	-0.020317	596600.000000
50.416667	-0.013894	596800.000000
50.520833	-0.006180	597000.000000
50.625000	-0.002289	597200.000000
50.729167	-0.005269	597400.000000
50.833333	-0.014487	597600.000000
50.937500	-0.025629	597800.000000
51.041667	-0.032887	598000.000000
51.145833	-0.033422	598200.000000
51.250000	-0.028537	598400.000000
51.354167	-0.021383	598600.000000
51.458333	-0.016608	598800.000000
51.562500	-0.016994	599000.000000
51.666667	-0.021421	599200.000000
51.770833	-0.027395	599400.000000
51.875000	-0.030629	599600.000000
51.979167	-0.029145	599800.000000
52.083333	-0.023064	600000.000000
52.187500	-0.013389	600200.000000
52.291667	-0.004259	600400.000000
52.395833	0.000420	600600.000000
52.500000	-0.000622	600800.000000
52.604167	-0.006144	601000.000000
52.708333	-0.013740	601200.000000
52.812500	-0.021371	601400.000000
52.916667	-0.028522	601600.000000
53.020833	-0.035950	601800.000000
53.125000	-0.041560	602000.000000
53.229167	-0.043717	602200.000000
53.333333	-0.040178	602400.000000
53.437500	-0.032225	602600.000000
53.541667	-0.022528	602800.000000
53.645833	-0.015245	603000.000000
53.750000	-0.011629	603200.000000
53.854167	-0.010333	603400.000000
53.958333	-0.009987	603600.000000
54.062500	-0.010026	603800.000000
54.166667	-0.010822	604000.000000
54.270833	-0.013153	604200.000000
54.375000	-0.017021	604400.000000
54.479167	-0.021227	604600.000000
54.583333	-0.025045	604800.000000
54.687500	-0.028636	605000.000000
54.791667	-0.032158	605200.000000
54.895833	-0.035376	605400.000000
55.000000	-0.035687	605600.000000
55.104167	-0.032490	605800.000000
55.208333	-0.026753	606000.000000
55.312500	-0.020825	606200.000000
55.416667	-0.016455	606400.000000
55.520833	-0.014083	606600.000000
55.625000	-0.014187	606800.000000
55.729167	-0.017834	607000.000000
55.833333	-0.023828	607200.000000
55.937500	-0.028644	607400.000000
56.041667	-0.029110	607600.000000
56.145833	-0.024552	607800.000000
56.250000	-0.018459	608000.000000
56.354167	-0.015716	608200.000000
56.458333	-0.019444	608400.000000
56.562500	-0.028046	608600.000000
56.666667	-0.036049	608800.000000
56.770833	-0.039218	609000.000000
56.875000	-0.036341	609200.000000
56.979167	-0.030650	609400.000000
57.083333	-0.026362	609600.000000
57.187500	-0.025268	609800.000000
57.291667	-0.026491	610000.000000
57.395833	-0.026973	610200.000000
57.500000	-0.024998	610400.000000
57.604167	-0.020457	610600.000000
57.708333	-0.014392	610800.000000
57.812500	-0.008770	611000.000000
57.916667	-0.006595	611200.000000
58.020833	-0.009613	611400.000000
58.125000	-0.018468	611600.000000
58.229167	-0.030567	611800.000000
58.333333	-0.041528	612000.000000
58.437500	-0.046510	612200.000000
58.541667	-0.043218	612400.000000
58.645833	-0.034421	612600.000000
58.750000	-0.026170	612800.000000
58.854167	-0.021604	613000.000000
58.958333	-0.020845	613200.000000
59.062500	-0.021645	613400.000000
59.166667	-0.021065	613600.000000
59.270833	-0.018489	613800.000000
59.375000	-0.015242	614000.000000
59.479167	-0.013134	614200.000000
59.583333	-0.012776	614400.000000
59.687500	-0.014110	614600.000000
59.791667	-0.017541	614800.000000
59.895833	-0.023590	615000.000000
60.000000	-0.031156	615200.000000
60.104167	-0.037720	615400.000000
60.208333	-0.039781	615600.000000
60.312500	-0.035235	615800.000000
60.416667	-0.026596	616000.000000
60.520833	-0.017555	616200.000000
60.625000	-0.013084	616400.000000
60.729167	-0.014044	616600.000000
60.833333	-0.018427	616800.000000
60.937500	-0.022671	617000.000000
61.041667	-0.024344	617200.000000
61.145833	-0.023095	617400.000000
61.250000	-0.020196	617600.000000
61.354167	-0.017234	617800.000000
61.458333	-0.014452	618000.000000
61.562500	-0.012927	618200.000000
61.666667	-0.012319	618400.000000
61.770833	-0.013246	618600.000000
61.875000	-0.016118	618800.000000
61.979167	-0.020252	619000.000000
62.083333	-0.025303	619200.000000
62.187500	-0.029200	619400.000000
62.291667	-0.030735	619600.000000
62.395833	-0.029609	619800.000000
62.500000	-0.026194	620000.000000
62.604167	-0.021239	620200.000000
62.708333	-0.016729	620400.000000
62.812500	-0.013446	620600.000000
62.916667	-0.012212	620800.000000
63.020833	-0.013099	621000.000000
63.125000	-0.014714	621200.000000
63.229167	-0.016158	621400.000000
63.333333	-0.015642	621600.000000
63.437500	-0.014633	621800.000000
63.541667	-0.014675	622000.000000
63.645833	-0.017736	622200.000000
63.750000	-0.023326	622400.000000
63.854167	-0.029419	622600.000000
63.958333	-0.033082	622800.000000
64.062500	-0.032412	623000.000000
64.166667	-0.026748	623200.000000
64.270833	-0.018764	623400.000000
64.375000	-0.010867	623600.000000
64.479167	-0.005733	623800.000000
64.583333	-0.005249	624000.000000
64.687500	-0.008615	624200.000000
64.791667	-0.014361	624400.000000
64.895833	-0.019895	624600.000000
65.000000	-0.023571	624800.000000
65.104167	-0.025394	625000.000000
65.208333	-0.026208	625200.000000
65.312500	-0.026991	625400.000000
65.416667	-0.028775	625600.000000
65.520833	-0.031490	625800.000000
65.625000	-0.034126	626000.000000
65.729167	-0.035370	626200.000000
65.833333	-0.033973	626400.000000
65.937500	-0.030475	626600.000000
66.041667	-0.026011	626800.000000
66.145833	-0.022610	627000.000000
66.250000	-0.022351	627200.000000
66.354167	-0.025475	627400.000000
66.458333	-0.029211	627600.000000
66.562500	-0.030104	627800.000000
66.666667	-0.026416	628000.000000
66.770833	-0.019317	628200.000000
66.875000	-0.012440	628400.000000
66.979167	-0.010588	628600.000000
67.083333	-0.014428	628800.000000
67.187500	-0.022306	629000.000000
67.291667	-0.029731	629200.000000
67.395833	-0.034029	629400.000000
67.500000	-0.034208	629600.000000
67.604167	-0.031241	629800.000000
67.708333	-0.027256	630000.000000
67.812500	-0.024021	630200.000000
67.916667	-0.022415	630400.000000
68.020833	-0.022709	630600.000000
68.125000	-0.023782	630800.000000
68.229167	-0.023818	631000.000000
68.333333	-0.021066	631200.000000
68.437500	-0.015514	631400.000000
68.541667	-0.009940	631600.000000
68.645833	-0.007690	631800.000000
68.750000	-0.010705	632000.000000
68.854167	-0.017318	632200.000000
68.958333	-0.025319	632400.000000
69.062500	-0.031404	632600.000000
69.166667	-0.032898	632800.000000
69.270833	-0.031404	633000.000000
69.375000	-0.028023	633200.000000
69.479167	-0.024357	633400.000000
69.583333	-0.020310	633600.000000
69.687500	-0.015422	633800.000000
69.791667	-0.010342	634000.000000
69.895833	-0.006778	634200.000000
70.000000	-0.005853	634400.000000
70.104167	-0.006968	634600.000000
70.208333	-0.009342	634800.000000
70.312500	-0.012419	635000.000000
70.416667	-0.015071	635200.000000
70.520833	-0.017201	635400.000000
70.625000	-0.018974	635600.000000
70.729167	-0.019721	635800.000000
70.833333	-0.019944	636000.000000
70.937500	-0.020071	636200.000000
71.041667	-0.021668	636400.000000
71.145833	-0.025724	636600.000000
71.250000	-0.031165	636800.000000
71.354167	-0.035331	637000.000000
71.458333	-0.036142	637200.000000
71.562500	-0.033714	637400.000000
71.666667	-0.030176	637600.000000
71.770833	-0.027571	637800.000000
71.875000	-0.028467	638000.000000
71.979167	-0.031532	638200.000000
72.083333	-0.035946	638400.000000
72.187500	-0.038481	638600.000000
72.291667	-0.038136	638800.000000
72.395833	-0.034906	639000.000000
72.500000	-0.030520	639200.000000
72.604167	-0.027141	639400.000000
72.708333	-0.026087	639600.000000
72.812500	-0.027800	639800.000000
72.916667	-0.032052	640000.000000
73.020833	-0.035885	640200.000000
73.125000	-0.036763	640400.000000
73.229167	-0.032841	640600.000000
73.333333	-0.025118	640800.000000
73.437500	-0.016335	641000.000000
73.541667	-0.009149	641200.000000
73.645833	-0.006615	641400.000000
73.750000	-0.007655	641600.000000
73.854167	-0.010508	641800.000000
73.958333	-0.012749	642000.000000
74.062500	-0.013878	642200.000000
74.166667	-0.013968	642400.000000
74.270833	-0.014748	642600.000000
74.375000	-0.016995	642800.000000
74.479167	-0.020882	643000.000000
74.583333	-0.025912	643200.000000
74.687500	-0.029674	643400.000000
74.791667	-0.030285	643600.000000
74.895833	-0.026926	643800.000000
75.000000	-0.021020	644000.000000
75.104167	-0.015776	644200.000000
75.208333	-0.013755	644400.000000
75.312500	-0.015659	644600.000000
75.416667	-0.020543	644800.000000
75.520833	-0.026040	645000.000000
75.625000	-0.028532	645200.000000
75.729167	-0.027896	645400.000000
75.833333	-0.024950	645600.000000
75.937500	-0.021642	645800.000000
76.041667	-0.020157	646000.000000
76.145833	-0.021384	646200.000000
76.250000	-0.024502	646400.000000
76.354167	-0.027855	646600.000000
76.458333	-0.028860	646800.000000
76.562500	-0.026031	647000.000000
76.666667	-0.020493	647200.000000
76.770833	-0.014460	647400.000000
76.875000	-0.011497	647600.000000
76.979167	-0.013017	647800.000000
77.083333	-0.017943	648000.000000
77.187500	-0.023416	648200.000000
77.291667	-0.026971	648400.000000
77.395833	-0.026856	648600.000000
77.500000	-0.023845	648800.000000
77.604167	-0.019978	649000.000000
77.708333	-0.017576	649200.000000
77.812500	-0.017786	649400.000000
77.916667	-0.021456	649600.000000
78.020833	-0.026971	649800.000000
78.125000	-0.032793	650000.000000
78.229167	-0.037020	650200.000000
78.333333	-0.037915	650400.000000
78.437500	-0.035941	650600.000000
78.541667	-0.032197	650800.000000
78.645833	-0.027647	651000.000000
78.750000	-0.024482	651200.000000
78.854167	-0.022183	651400.000000
78.958333	-0.020486	651600.000000
79.062500	-0.019329	651800.000000
79.166667	-0.018601	652000.000000
79.270833	-0.018278	652200.000000
79.375000	-0.019043	652400.000000
79.479167	-0.021219	652600.000000
79.583333	-0.023688	652800.000000
79.687500	-0.026096	653000.000000
79.791667	-0.027542	653200.000000
79.895833	-0.028032	653400.000000
80.000000	-0.027643	653600.000000
80.104167	-0.027238	653800.000000
80.208333	-0.026683	654000.000000
80.312500	-0.026250	654200.000000
80.416667	-0.025580	654400.000000
80.520833	-0.023978	654600.000000
80.625000	-0.022609	654800.000000
80.729167	-0.021072	655000.000000
80.833333	-0.020445	655200.000000
80.937500	-0.020955	655400.000000
81.041667	-0.021847	655600.000000
81.145833	-0.022545	655800.000000
81.250000	-0.023838	656000.000000
81.354167	-0.024569	656200.000000
81.458333	-0.025090	656400.000000
81.562500	-0.024925	656600.000000
81.666667	-0.023910	656800.000000
81.770833	-0.022708	657000.000000
81.875000	-0.021780	657200.000000
81.979167	-0.021936	657400.000000
82.083333	-0.022971	657600.000000
82.187500	-0.023730	657800.000000
82.291667	-0.023889	658000.000000
82.395833	-0.023354	658200.000000
82.500000	-0.022142	658400.000000
82.604167	-0.020783	658600.000000
82.708333	-0.018699	658800.000000
82.812500	-0.015995	659000.000000
82.916667	-0.013062	659200.000000
83.020833	-0.011384	659400.000000
83.125000	-0.011625	659600.000000
83.229167	-0.014462	659800.000000
83.333333	-0.018424	660000.000000
83.437500	-0.021855	660200.000000
83.541667	-0.023879	660400.000000
83.645833	-0.024616	660600.000000
83.750000	-0.023985	660800.000000
83.854167	-0.022453	661000.000000
83.958333	-0.019830	661200.000000
84.062500	-0.017115	661400.000000
84.166667	-0.014666	661600.000000
84.270833	-0.013780	661800.000000
84.375000	-0.014705	662000.000000
84.479167	-0.016047	662200.000000
84.583333	-0.016883	662400.000000
84.687500	-0.016411	662600.000000
84.791667	-0.015552	662800.000000
84.895833	-0.015657	663000.000000
85.000000	-0.018118	663200.000000
85.104167	-0.021905	663400.000000
85.208333	-0.025769	663600.000000
85.312500	-0.028089	663800.000000
85.416667	-0.028251	664000.000000
85.520833	-0.026069	664200.000000
85.625000	-0.022768	664400.000000
85.729167	-0.019426	664600.000000
85.833333	-0.016883	664800.000000
85.937500	-0.016195	665000.000000
86.041667	-0.017360	665200.000000
86.145833	-0.019996	665400.000000
86.250000	-0.022305	665600.000000
86.354167	-0.023409	665800.000000
86.458333	-0.023327	666000.000000
86.562500	-0.022311	666200.000000
86.666667	-0.021714	666400.000000
86.770833	-0.021868	666600.000000
86.875000	-0.022725	666800.000000
86.979167	-0.023907	667000.000000
87.083333	-0.024754	667200.000000
87.187500	-0.025089	667400.000000
87.291667	-0.025301	667600.000000
87.395833	-0.025827	667800.000000
87.500000	-0.026468	668000.000000
87.604167	-0.026865	668200.000000
87.708333	-0.026218	668400.000000
87.812500	-0.024466	668600.000000
87.916667	-0.022240	668800.000000
88.020833	-0.020096	669000.000000
88.125000	-0.018978	669200.000000
88.229167	-0.018539	669400.000000
88.333333	-0.018694	669600.000000
88.437500	-0.019437	669800.000000
88.541667	-0.020634	670000.000000
88.645833	-0.022659	670200.000000
88.750000	-0.024794	670400.000000
88.854167	-0.026912	670600.000000
88.958333	-0.028065	670800.000000
89.062500	-0.028409	671000.000000
89.166667	-0.027912	671200.000000
89.270833	-0.027034	671400.000000
89.375000	-0.026004	671600.000000
89.479167	-0.024664	671800.000000
89.583333	-0.022611	672000.000000
89.687500	-0.020681	672200.000000
89.791667	-0.019042	672400.000000
89.895833	-0.018183	672600.000000
90.000000	-0.018402	672800.000000
90.104167	-0.019799	673000.000000
90.208333	-0.021521	673200.000000
90.312500	-0.024005	673400.000000
90.416667	-0.026209	673600.000000
90.520833	-0.027723	673800.000000
90.625000	-0.028878	674000.000000
90.729167	-0.028322	674200.000000
90.833333	-0.026823	674400.000000
90.937500	-0.024761	674600.000000
91.041667	-0.022675	674800.000000
91.145833	-0.021409	675000.000000
91.250000	-0.020883	675200.000000
91.354167	-0.021691	675400.000000
91.458333	-0.023060	675600.000000
91.562500	-0.024534	675800.000000
91.666667	-0.025536	676000.000000
91.770833	-0.025532	676200.000000
91.875000	-0.024393	676400.000000
91.979167	-0.022541	676600.000000
92.083333	-0.021351	676800.000000
92.187500	-0.021113	677000.000000
92.291667	-0.022230	677200.000000
92.395833	-0.024220	677400.000000
92.500000	-0.026238	677600.000000
92.604167	-0.027302	677800.000000
92.708333	-0.026859	678000.000000
92.812500	-0.025188	678200.000000
92.916667	-0.023069	678400.000000
93.020833	-0.021233	678600.000000
93.125000	-0.020151	678800.000000
93.229167	-0.019850	679000.000000
93.333333	-0.020246	679200.000000
93.437500	-0.020552	679400.000000
93.541667	-0.020266	679600.000000
93.645833	-0.019819	679800.000000
93.750000	-0.018599	680000.000000
93.854167	-0.018213	680200.000000
93.958333	-0.019015	680400.000000
94.062500	-0.020866	680600.000000
94.166667	-0.023733	680800.000000
94.270833	-0.027128	681000.000000
94.375000	-0.029992	681200.000000
94.479167	-0.031229	681400.000000
94.583333	-0.030639	681600.000000
94.687500	-0.027586	681800.000000
94.791667	-0.023564	682000.000000
94.895833	-0.019908	682200.000000
95.000000	-0.017955	682400.000000
95.104167	-0.018249	682600.000000
95.208333	-0.019921	682800.000000
95.312500	-0.021993	683000.000000
95.416667	-0.023232	683200.000000
95.520833	-0.023704	683400.000000
95.625000	-0.023403	683600.000000
95.729167	-0.023691	683800.000000
95.833333	-0.024655	684000.000000
95.937500	-0.025817	684200.000000
96.041667	-0.026760	684400.000000
96.145833	-0.026993	684600.000000
96.250000	-0.026611	684800.000000
96.354167	-0.025545	685000.000000
96.458333	-0.024216	685200.000000
96.562500	-0.023106	685400.000000
96.666667	-0.022461	685600.000000
96.770833	-0.022558	685800.000000
96.875000	-0.022694	686000.000000
96.979167	-0.023115	686200.000000
97.083333	-0.022631	686400.000000
97.187500	-0.021779	686600.000000
97.291667	-0.020483	686800.000000
97.395833	-0.019151	687000.000000
97.500000	-0.018241	687200.000000
97.604167	-0.018479	687400.000000
97.708333	-0.019226	687600.000000
97.812500	-0.020910	687800.000000
97.916667	-0.022375	688000.000000
98.020833	-0.023857	688200.000000
98.125000	-0.024769	688400.000000
98.229167	-0.024681	688600.000000
98.333333	-0.023784	688800.000000
98.437500	-0.023096	689000.000000
98.541667	-0.023020	689200.000000
98.645833	-0.023321	689400.000000
98.750000	-0.024242	689600.000000
98.854167	-0.024485	689800.000000
98.958333	-0.023633	690000.000000
99.062500	-0.021642	690200.000000
99.166667	-0.019339	690400.000000
99.270833	-0.018592	690600.000000
99.375000	-0.020020	690800.000000
99.479167	-0.023475	691000.000000
99.583333	-0.026902	691200.000000
99.687500	-0.029334	691400.000000
99.791667	-0.029406	691600.000000
99.895833	-0.027359	691800.000000
100.000000	-0.024108	692000.000000
100.104167	-0.021102	692200.000000
100.208333	-0.019097	692400.000000
100.312500	-0.018913	692600.000000
100.416667	-0.019989	692800.000000
100.520833	-0.021616	693000.000000
100.625000	-0.023222	693200.000000
100.729167	-0.023694	693400.000000
100.833333	-0.022883	693600.000000
100.937500	-0.021606	693800.000000
101.041667	-0.020668	694000.000000
101.145833	-0.020307	694200.000000
101.250000	-0.021234	694400.000000
101.354167	-0.022398	694600.000000
101.458333	-0.023497	694800.000000
101.562500	-0.023877	695000.000000
101.666667	-0.023226	695200.000000
101.770833	-0.021794	695400.000000
101.875000	-0.020572	695600.000000
101.979167	-0.020033	695800.000000
102.083333	-0.020789	696000.000000
102.187500	-0.022266	696200.000000
102.291667	-0.023805	696400.000000
102.395833	-0.024885	696600.000000
102.500000	-0.025144	696800.000000
102.604167	-0.024318	697000.000000
102.708333	-0.022747	697200.000000
102.812500	-0.021438	697400.000000
102.916667	-0.020984	697600.000000
103.020833	-0.021582	697800.000000
103.125000	-0.023093	698000.000000
103.229167	-0.024665	698200.000000
103.333333	-0.026556	698400.000000
103.437500	-0.027783	698600.000000
103.541667	-0.028514	698800.000000
103.645833	-0.028706	699000.000000
103.750000	-0.027969	699200.000000
103.854167	-0.026318	699400.000000
103.958333	-0.024192	699600.000000
104.062500	-0.022148	699800.000000
104.166667	-0.021119	700000.000000
104.270833	-0.020856	700200.000000
104.375000	-0.021795	700400.000000
104.479167	-0.022618	700600.000000
104.583333	-0.023565	700800.000000
104.687500	-0.023973	701000.000000
104.791667	-0.023721	701200.000000
104.895833	-0.023928	701400.000000
105.000000	-0.024338	701600.000000
105.104167	-0.025541	701800.000000
105.208333	-0.026046	702000.000000
105.312500	-0.026027	702200.000000
105.416667	-0.024787	702400.000000
105.520833	-0.022424	702600.000000
105.625000	-0.020355	702800.000000
105.729167	-0.019274	703000.000000
105.833333	-0.019159	703200.000000
105.937500	-0.019743	703400.000000
106.041667	-0.021217	703600.000000
106.145833	-0.022351	703800.000000
106.250000	-0.023025	704000.000000
106.354167	-0.023625	704200.000000
106.458333	-0.023727	704400.000000
106.562500	-0.023608	704600.000000
106.666667	-0.023284	704800.000000
106.770833	-0.023280	705000.000000
106.875000	-0.024030	705200.000000
106.979167	-0.025134	705400.000000
107.083333	-0.025369	705600.000000
107.187500	-0.024622	705800.000000
107.291667	-0.023311	706000.000000
107.395833	-0.021891	706200.000000
107.500000	-0.020634	706400.000000
107.604167	-0.020630	706600.000000
107.708333	-0.021506	706800.000000
107.812500	-0.022507	707000.000000
107.916667	-0.023214	707200.000000
108.020833	-0.022806	707400.000000
108.125000	-0.021548	707600.000000
108.229167	-0.019392	707800.000000
108.333333	-0.017579	708000.000000
108.437500	-0.017500	708200.000000
108.541667	-0.019770	708400.000000
108.645833	-0.023583	708600.000000
108.750000	-0.027085	708800.000000
108.854167	-0.028757	709000.000000
108.958333	-0.027821	709200.000000
109.062500	-0.025138	709400.000000
109.166667	-0.022255	709600.000000
109.270833	-0.020396	709800.000000
109.375000	-0.020948	710000.000000
109.479167	-0.022997	710200.000000
109.583333	-0.025038	710400.000000
109.687500	-0.025952	710600.000000
109.791667	-0.026081	710800.000000
109.895833	-0.025003	711000.000000
110.000000	-0.024046	711200.000000
110.104167	-0.023382	711400.000000
110.208333	-0.023694	711600.000000
110.312500	-0.025200	711800.000000
110.416667	-0.026892	712000.000000
110.520833	-0.028285	712200.000000
110.625000	-0.028119	712400.000000
110.729167	-0.026407	712600.000000
110.833333	-0.023425	712800.000000
110.937500	-0.020437	713000.000000
111.041667	-0.018192	713200.000000
111.145833	-0.017599	713400.000000
111.250000	-0.017878	713600.000000
111.354167	-0.019279	713800.000000
111.458333	-0.020660	714000.000000
111.562500	-0.021319	714200.000000
111.666667	-0.021325	714400.000000
111.770833	-0.020545	714600.000000
111.875000	-0.019325	714800.000000
111.979167	-0.018290	715000.000000
112.083333	-0.018049	715200.000000
112.187500	-0.018920	715400.000000
112.291667	-0.019891	715600.000000
112.395833	-0.020275	715800.000000
112.500000	-0.020310	716000.000000
112.604167	-0.019431	716200.000000
112.708333	-0.018838	716400.000000
112.812500	-0.018772	716600.000000
112.916667	-0.018702	716800.000000
113.020833	-0.018846	717000.000000
113.125000	-0.018487	717200.000000
113.229167	-0.017788	717400.000000
113.333333	-0.016400	717600.000000
113.437500	-0.015283	717800.000000
113.541667	-0.013332	718000.000000
113.645833	-0.011635	718200.000000
113.750000	-0.010308	718400.000000
113.854167	-0.010256	718600.000000
113.958333	-0.012145	718800.000000
114.062500	-0.016642	719000.000000
114.166667	-0.022734	719200.000000
114.270833	-0.029453	719400.000000
114.375000	-0.035710	719600.000000
114.479167	-0.040232	719800.000000
114.583333	-0.042943	720000.000000
114.687500	-0.043881	720200.000000
114.791667	-0.043627	720400.000000
114.895833	-0.042827	720600.000000
115.000000	-0.041899	720800.000000
115.104167	-0.039892	721000.000000
115.208333	-0.036289	721200.000000
115.312500	-0.031359	721400.000000
115.416667	-0.025660	721600.000000
115.520833	-0.020500	721800.000000
115.625000	-0.016831	722000.000000
115.729167	-0.014924	722200.000000
115.833333	-0.014258	722400.000000
115.937500	-0.014220	722600.000000
116.041667	-0.013920	722800.000000
116.145833	-0.013905	723000.000000
116.250000	-0.013437	723200.000000
116.354167	-0.013395	723400.000000
116.458333	-0.014028	723600.000000
116.562500	-0.015115	723800.000000
116.666667	-0.016444	724000.000000
116.770833	-0.017932	724200.000000
116.875000	-0.018786	724400.000000
116.979167	-0.019215	724600.000000
117.083333	-0.019636	724800.000000
117.187500	-0.019424	725000.000000
117.291667	-0.019308	725200.000000
117.395833	-0.019490	725400.000000
117.500000	-0.020057	725600.000000
117.604167	-0.021092	725800.000000
117.708333	-0.021934	726000.000000
117.812500	-0.022562	726200.000000
117.916667	-0.022627	726400.000000
118.020833	-0.022407	726600.000000
118.125000	-0.022148	726800.000000
118.229167	-0.022481	727000.000000
118.333333	-0.023595	727200.000000
118.437500	-0.025370	727400.000000
118.541667	-0.027432	727600.000000
118.645833	-0.028885	727800.000000
118.750000	-0.029551	728000.000000
118.854167	-0.029103	728200.000000
118.958333	-0.027892	728400.000000
119.062500	-0.027043	728600.000000
119.166667	-0.026682	728800.000000
119.270833	-0.027317	729000.000000
119.375000	-0.028287	729200.000000
119.479167	-0.029446	729400.000000
119.583333	-0.030014	729600.000000
119.687500	-0.029829	729800.000000
119.791667	-0.028950	730000.000000
119.895833	-0.027489	730200.000000
120.000000	-0.025800	730400.000000
120.104167	-0.024113	730600.000000
120.208333	-0.022679	730800.000000
120.312500	-0.021354	731000.000000
120.416667	-0.020564	731200.000000
120.520833	-0.020838	731400.000000
120.625000	-0.022177	731600.000000
120.729167	-0.024020	731800.000000
120.833333	-0.025561	732000.000000
120.937500	-0.026345	732200.000000
121.041667	-0.026324	732400.000000
121.145833	-0.025132	732600.000000
121.250000	-0.023929	732800.000000
121.354167	-0.022695	733000.000000
121.458333	-0.022101	733200.000000
121.562500	-0.022154	733400.000000
121.666667	-0.022616	733600.000000
121.770833	-0.023407	733800.000000
121.875000	-0.023848	734000.000000
121.979167	-0.023932	734200.000000
122.083333	-0.023436	734400.000000
122.187500	-0.023248	734600.000000
122.291667	-0.022973	734800.000000
122.395833	-0.023284	735000.000000
122.500000	-0.023742	735200.000000
122.604167	-0.024105	735400.000000
122.708333	-0.023787	735600.000000
122.812500	-0.023465	735800.000000
122.916667	-0.022781	736000.000000
123.020833	-0.022365	736200.000000
123.125000	-0.022625	736400.000000
123.229167	-0.023067	736600.000000
123.333333	-0.023249	736800.000000
123.437500	-0.023143	737000.000000
123.541667	-0.022474	737200.000000
123.645833	-0.021275	737400.000000
123.750000	-0.020143	737600.000000
123.854167	-0.019046	737800.000000
123.958333	-0.018653	738000.000000
124.062500	-0.019019	738200.000000
124.166667	-0.019611	738400.000000
124.270833	-0.020708	738600.000000
124.375000	-0.021552	738800.000000
124.479167	-0.021683	739000.000000
124.583333	-0.021771	739200.000000
124.687500	-0.021894	739400.000000
124.791667	-0.022408	739600.000000
124.895833	-0.023304	739800.000000
125.000000	-0.024445	740000.000000
125.104167	-0.025130	740200.000000
125.208333	-0.024509	740400.000000
125.312500	-0.022781	740600.000000
125.416667	-0.020539	740800.000000
125.520833	-0.019229	741000.000000
125.625000	-0.018991	741200.000000
125.729167	-0.020268	741400.000000
125.833333	-0.022441	741600.000000
125.937500	-0.024475	741800.000000
126.041667	-0.025847	742000.000000
126.145833	-0.026405	742200.000000
126.250000	-0.026037	742400.000000
126.354167	-0.025049	742600.000000
126.458333	-0.024002	742800.000000
126.562500	-0.023896	743000.000000
126.666667	-0.024530	743200.000000
126.770833	-0.025523	743400.000000
126.875000	-0.026084	743600.000000
126.979167	-0.026089	743800.000000
127.083333	-0.025044	744000.000000
127.187500	-0.023167	744200.000000
127.291667	-0.021663	744400.000000
127.395833	-0.021153	744600.000000
127.500000	-0.021353	744800.000000
127.604167	-0.022511	745000.000000
127.708333	-0.023794	745200.000000
127.812500	-0.024654	745400.000000
127.916667	-0.024667	745600.000000
128.020833	-0.023794	745800.000000
128.125000	-0.022432	746000.000000
128.229167	-0.021316	746200.000000
128.333333	-0.021493	746400.000000
128.437500	-0.022567	746600.000000
128.541667	-0.024374	746800.000000
128.645833	-0.025465	747000.000000
128.750000	-0.025144	747200.000000
128.854167	-0.023895	747400.000000
128.958333	-0.021985	747600.000000
129.062500	-0.020433	747800.000000
129.166667	-0.019593	748000.000000
129.270833	-0.019169	748200.000000
129.375000	-0.019541	748400.000000
129.479167	-0.020186	748600.000000
129.583333	-0.020704	748800.000000
129.687500	-0.021406	749000.000000
129.791667	-0.022790	749200.000000
129.895833	-0.023993	749400.000000
130.000000	-0.024830	749600.000000
130.104167	-0.026050	749800.000000
130.208333	-0.026915	750000.000000
