0.000000	-0.021206	500000.000000
0.104167	-0.021055	500200.000000
0.208333	-0.020943	500400.000000
0.312500	-0.021219	500600.000000
0.416667	-0.021307	500800.000000
0.520833	-0.021175	501000.000000
0.625000	-0.021029	501200.000000
0.729167	-0.021075	501400.000000
0.833333	-0.020936	501600.000000
0.937500	-0.021149	501800.000000
1.041667	-0.021029	502000.000000
1.145833	-0.021067	502200.000000
1.250000	-0.021185	502400.000000
1.354167	-0.020984	502600.000000
1.458333	-0.021068	502800.000000
1.562500	-0.021207	503000.000000
1.666667	-0.021090	503200.000000
1.770833	-0.021136	503400.000000
1.875000	-0.021022	503600.000000
1.979167	-0.021028	503800.000000
2.083333	-0.021102	504000.000000
2.187500	-0.021177	504200.000000
2.291667	-0.020913	504400.000000
2.395833	-0.020849	504600.000000
2.500000	-0.021138	504800.000000
2.604167	-0.021048	505000.000000
2.708333	-0.021106	505200.000000
2.812500	-0.021134	505400.000000
2.916667	-0.021006	505600.000000
3.020833	-0.021280	505800.000000
3.125000	-0.021120	506000.000000
3.229167	-0.020853	506200.000000
3.333333	-0.020811	506400.000000
3.437500	-0.020938	506600.000000
3.541667	-0.020955	506800.000000
3.645833	-0.021060	507000.000000
3.750000	-0.021022	507200.000000
3.854167	-0.020837	507400.000000
3.958333	-0.020997	507600.000000
4.062500	-0.021011	507800.000000
4.166667	-0.021206	508000.000000
4.270833	-0.021049	508200.000000
4.375000	-0.021020	508400.000000
4.479167	-0.020947	508600.000000
4.583333	-0.021060	508800.000000
4.687500	-0.021018	509000.000000
4.791667	-0.021097	509200.000000
4.895833	-0.021052	509400.000000
5.000000	-0.021036	509600.000000
5.104167	-0.021115	509800.000000
5.208333	-0.021171	510000.000000
5.312500	-0.021119	510200.000000
5.416667	-0.021081	510400.000000
5.520833	-0.021386	510600.000000
5.625000	-0.021331	510800.000000
5.729167	-0.021386	511000.000000
5.833333	-0.021342	511200.000000
5.937500	-0.021324	511400.000000
6.041667	-0.021357	511600.000000
6.145833	-0.021348	511800.000000
6.250000	-0.021262	512000.000000
6.354167	-0.021147	512200.000000
6.458333	-0.021242	512400.000000
6.562500	-0.021035	512600.000000
6.666667	-0.021234	512800.000000
6.770833	-0.021356	513000.000000
6.875000	-0.021001	513200.000000
6.979167	-0.021078	513400.000000
7.083333	-0.021195	513600.000000
7.187500	-0.021158	513800.000000
7.291667	-0.021165	514000.000000
7.395833	-0.021048	514200.000000
7.500000	-0.021080	514400.000000
7.604167	-0.021206	514600.000000
7.708333	-0.021264	514800.000000
7.812500	-0.021383	515000.000000
7.916667	-0.021414	515200.000000
8.020833	-0.021127	515400.000000
8.125000	-0.021491	515600.000000
8.229167	-0.021556	515800.000000
8.333333	-0.021171	516000.000000
8.437500	-0.021311	516200.000000
8.541667	-0.021328	516400.000000
8.645833	-0.021162	516600.000000
8.750000	-0.021157	516800.000000
8.854167	-0.021303	517000.000000
8.958333	-0.021245	517200.000000
9.062500	-0.021295	517400.000000
9.166667	-0.021198	517600.000000
9.270833	-0.020968	517800.000000
9.375000	-0.021079	518000.000000
9.479167	-0.021267	518200.000000
9.583333	-0.021117	518400.000000
9.687500	-0.021171	518600.000000
9.791667	-0.021020	518800.000000
9.895833	-0.021078	519000.000000
10.000000	-0.021259	519200.000000
10.104167	-0.021360	519400.000000
10.208333	-0.021187	519600.000000
10.312500	-0.021133	519800.000000
10.416667	-0.021120	520000.000000
10.520833	-0.021419	520200.000000
10.625000	-0.021337	520400.000000
10.729167	-0.021255	520600.000000
10.833333	-0.021216	520800.000000
10.937500	-0.021043	521000.000000
11.041667	-0.021158	521200.000000
11.145833	-0.021243	521400.000000
11.250000	-0.021129	521600.000000
11.354167	-0.021056	521800.000000
11.458333	-0.021145	522000.000000
11.562500	-0.021129	522200.000000
11.666667	-0.021206	522400.000000
11.770833	-0.021195	522600.000000
11.875000	-0.021194	522800.000000
11.979167	-0.021230	523000.000000
12.083333	-0.021153	523200.000000
12.187500	-0.021122	523400.000000
12.291667	-0.021157	523600.000000
12.395833	-0.021107	523800.000000
12.500000	-0.021205	524000.000000
12.604167	-0.021271	524200.000000
12.708333	-0.021212	524400.000000
12.812500	-0.021315	524600.000000
12.916667	-0.021447	524800.000000
13.020833	-0.021276	525000.000000
13.125000	-0.021171	525200.000000
13.229167	-0.021406	525400.000000
13.333333	-0.021402	525600.000000
13.437500	-0.021574	525800.000000
13.541667	-0.021581	526000.000000
13.645833	-0.021360	526200.000000
13.750000	-0.021479	526400.000000
13.854167	-0.021449	526600.000000
13.958333	-0.021548	526800.000000
14.062500	-0.021566	527000.000000
14.166667	-0.021471	527200.000000
14.270833	-0.021596	527400.000000
14.375000	-0.021578	527600.000000
14.479167	-0.021673	527800.000000
14.583333	-0.021761	528000.000000
14.687500	-0.021717	528200.000000
14.791667	-0.021590	528400.000000
14.895833	-0.021760	528600.000000
15.000000	-0.021837	528800.000000
15.104167	-0.021611	529000.000000
15.208333	-0.021797	529200.000000
15.312500	-0.021874	529400.000000
15.416667	-0.021793	529600.000000
15.520833	-0.021813	529800.000000
15.625000	-0.021900	530000.000000
15.729167	-0.021568	530200.000000
15.833333	-0.021851	530400.000000
15.937500	-0.021964	530600.000000
16.041667	-0.021935	530800.000000
16.145833	-0.022036	531000.000000
16.250000	-0.021855	531200.000000
16.354167	-0.022043	531400.000000
16.458333	-0.022159	531600.000000
16.562500	-0.022301	531800.000000
16.666667	-0.022359	532000.000000
16.770833	-0.022450	532200.000000
16.875000	-0.022475	532400.000000
16.979167	-0.022783	532600.000000
17.083333	-0.022944	532800.000000
17.187500	-0.023070	533000.000000
17.291667	-0.023227	533200.000000
17.395833	-0.023371	533400.000000
17.500000	-0.023586	533600.000000
17.604167	-0.023933	533800.000000
17.708333	-0.024141	534000.000000
17.812500	-0.024560	534200.000000
17.916667	-0.024779	534400.000000
18.020833	-0.024998	534600.000000
18.125000	-0.025178	534800.000000
18.229167	-0.025729	535000.000000
18.333333	-0.026209	535200.000000
18.437500	-0.026509	535400.000000
18.541667	-0.027169	535600.000000
18.645833	-0.027898	535800.000000
18.750000	-0.028561	536000.000000
18.854167	-0.029287	536200.000000
18.958333	-0.030168	536400.000000
19.062500	-0.031273	536600.000000
19.166667	-0.032492	536800.000000
19.270833	-0.033539	537000.000000
19.375000	-0.034983	537200.000000
19.479167	-0.036664	537400.000000
19.583333	-0.038331	537600.000000
19.687500	-0.040233	537800.000000
19.791667	-0.042738	538000.000000
19.895833	-0.045046	538200.000000
20.000000	-0.047792	538400.000000
20.104167	-0.050609	538600.000000
20.208333	-0.053688	538800.000000
20.312500	-0.057554	539000.000000
20.416667	-0.061179	539200.000000
20.520833	-0.065136	539400.000000
20.625000	-0.069172	539600.000000
20.729167	-0.073156	539800.000000
20.833333	-0.077185	540000.000000
20.937500	-0.081038	540200.000000
21.041667	-0.084316	540400.000000
21.145833	-0.086886	540600.000000
21.250000	-0.088814	540800.000000
21.354167	-0.089548	541000.000000
21.458333	-0.088331	541200.000000
21.562500	-0.084227	541400.000000
21.666667	-0.076362	541600.000000
21.770833	-0.059165	541800.000000
21.875000	-0.023509	542000.000000
21.979167	0.048449	542200.000000
22.083333	0.185211	542400.000000
22.187500	0.410172	542600.000000
22.291667	0.710134	542800.000000
22.395833	1.007212	543000.000000
22.500000	1.178086	543200.000000
22.604167	1.131038	543400.000000
22.708333	0.849276	543600.000000
22.812500	0.407695	543800.000000
22.916667	-0.062979	544000.000000
23.020833	-0.422474	544200.000000
23.125000	-0.630546	544400.000000
23.229167	-0.687733	544600.000000
23.333333	-0.653121	544800.000000
23.437500	-0.587712	545000.000000
23.541667	-0.524178	545200.000000
23.645833	-0.463745	545400.000000
23.750000	-0.400865	545600.000000
23.854167	-0.340132	545800.000000
23.958333	-0.296299	546000.000000
24.062500	-0.283287	546200.000000
24.166667	-0.292313	546400.000000
24.270833	-0.292239	546600.000000
24.375000	-0.253276	546800.000000
24.479167	-0.165719	547000.000000
24.583333	-0.061705	547200.000000
24.687500	0.021250	547400.000000
24.791667	0.055216	547600.000000
24.895833	0.042208	547800.000000
25.000000	0.005210	548000.000000
25.104167	-0.026658	548200.000000
25.208333	-0.036603	548400.000000
25.312500	-0.024378	548600.000000
25.416667	0.000288	548800.000000
25.520833	0.027695	549000.000000
25.625000	0.046046	549200.000000
25.729167	0.046158	549400.000000
25.833333	0.021896	549600.000000
25.937500	-0.019562	549800.000000
26.041667	-0.059550	550000.000000
26.145833	-0.073147	550200.000000
26.250000	-0.051694	550400.000000
26.354167	-0.008242	550600.000000
26.458333	0.027614	550800.000000
26.562500	0.036758	551000.000000
26.666667	0.021335	551200.000000
26.770833	0.000938	551400.000000
26.875000	-0.003851	551600.000000
26.979167	0.013230	551800.000000
27.083333	0.040538	552000.000000
27.187500	0.058187	552200.000000
27.291667	0.053413	552400.000000
27.395833	0.028038	552600.000000
27.500000	-0.003500	552800.000000
27.604167	-0.028628	553000.000000
27.708333	-0.043024	553200.000000
27.812500	-0.047543	553400.000000
27.916667	-0.046061	553600.000000
28.020833	-0.039906	553800.000000
28.125000	-0.028234	554000.000000
28.229167	-0.010215	554200.000000
28.333333	0.011849	554400.000000
28.437500	0.033147	554600.000000
28.541667	0.044568	554800.000000
28.645833	0.039811	555000.000000
28.750000	0.021044	555200.000000
28.854167	-0.001138	555400.000000
28.958333	-0.016567	555600.000000
29.062500	-0.019572	555800.000000
29.166667	-0.013948	556000.000000
29.270833	-0.007378	556200.000000
29.375000	-0.007877	556400.000000
29.479167	-0.017014	556600.000000
29.583333	-0.030255	556800.000000
29.687500	-0.040582	557000.000000
29.791667	-0.042513	557200.000000
29.895833	-0.034200	557400.000000
30.000000	-0.018874	557600.000000
30.104167	-0.003388	557800.000000
30.208333	0.005465	558000.000000
30.312500	0.007255	558200.000000
30.416667	0.004244	558400.000000
30.520833	0.001130	558600.000000
30.625000	-0.000606	558800.000000
30.729167	-0.002564	559000.000000
30.833333	-0.005240	559200.000000
30.937500	-0.007330	559400.000000
31.041667	-0.007484	559600.000000
31.145833	-0.007087	559800.000000
31.250000	-0.009929	560000.000000
31.354167	-0.021109	560200.000000
31.458333	-0.044260	560400.000000
31.562500	-0.073945	560600.000000
31.666667	-0.098145	560800.000000
31.770833	-0.102586	561000.000000
31.875000	-0.081772	561200.000000
31.979167	-0.044078	561400.000000
32.083333	-0.007823	561600.000000
32.187500	0.013963	561800.000000
32.291667	0.016631	562000.000000
32.395833	0.003692	562200.000000
32.500000	-0.014766	562400.000000
32.604167	-0.028834	562600.000000
32.708333	-0.035453	562800.000000
32.812500	-0.035684	563000.000000
32.916667	-0.033351	563200.000000
33.020833	-0.031417	563400.000000
33.125000	-0.031221	563600.000000
33.229167	-0.032021	563800.000000
33.333333	-0.033649	564000.000000
33.437500	-0.034399	564200.000000
33.541667	-0.032452	564400.000000
33.645833	-0.026672	564600.000000
33.750000	-0.016559	564800.000000
33.854167	-0.002186	565000.000000
33.958333	0.013693	565200.000000
34.062500	0.025813	565400.000000
34.166667	0.027035	565600.000000
34.270833	0.012404	565800.000000
34.375000	-0.015530	566000.000000
34.479167	-0.045963	566200.000000
34.583333	-0.064102	566400.000000
34.687500	-0.058894	566600.000000
34.791667	-0.034037	566800.000000
34.895833	-0.003232	567000.000000
35.000000	0.012463	567200.000000
35.104167	0.005133	567400.000000
35.208333	-0.018446	567600.000000
35.312500	-0.040679	567800.000000
35.416667	-0.045373	568000.000000
35.520833	-0.029175	568200.000000
35.625000	-0.001929	568400.000000
35.729167	0.021856	568600.000000
35.833333	0.032302	568800.000000
35.937500	0.029269	569000.000000
36.041667	0.017998	569200.000000
36.145833	0.003488	569400.000000
36.250000	-0.009100	569600.000000
36.354167	-0.014666	569800.000000
36.458333	-0.011800	570000.000000
36.562500	-0.003282	570200.000000
36.666667	0.002742	570400.000000
36.770833	-0.003430	570600.000000
36.875000	-0.022800	570800.000000
36.979167	-0.047164	571000.000000
37.083333	-0.061604	571200.000000
37.187500	-0.058468	571400.000000
37.291667	-0.037988	571600.000000
37.395833	-0.010450	571800.000000
37.500000	0.016513	572000.000000
37.604167	0.033319	572200.000000
37.708333	0.032778	572400.000000
37.812500	0.014953	572600.000000
37.916667	-0.014122	572800.000000
38.020833	-0.043523	573000.000000
38.125000	-0.060565	573200.000000
38.229167	-0.059087	573400.000000
38.333333	-0.044414	573600.000000
38.437500	-0.031593	573800.000000
38.541667	-0.032797	574000.000000
38.645833	-0.048920	574200.000000
38.750000	-0.068494	574400.000000
38.854167	-0.074819	574600.000000
38.958333	-0.059025	574800.000000
39.062500	-0.025209	575000.000000
39.166667	0.012591	575200.000000
39.270833	0.036884	575400.000000
39.375000	0.038147	575600.000000
39.479167	0.016444	575800.000000
39.583333	-0.015566	576000.000000
39.687500	-0.042326	576200.000000
39.791667	-0.052380	576400.000000
39.895833	-0.046137	576600.000000
40.000000	-0.031379	576800.000000
40.104167	-0.017560	577000.000000
40.208333	-0.010336	577200.000000
40.312500	-0.013467	577400.000000
40.416667	-0.024810	577600.000000
40.520833	-0.039721	577800.000000
40.625000	-0.052070	578000.000000
40.729167	-0.055397	578200.000000
40.833333	-0.047194	578400.000000
40.937500	-0.029831	578600.000000
41.041667	-0.011174	578800.000000
41.145833	0.000571	579000.000000
41.250000	0.000977	579200.000000
41.354167	-0.006429	579400.000000
41.458333	-0.017234	579600.000000
41.562500	-0.025612	579800.000000
41.666667	-0.027189	580000.000000
41.770833	-0.023345	580200.000000
41.875000	-0.018693	580400.000000
41.979167	-0.019199	580600.000000
42.083333	-0.028096	580800.000000
42.187500	-0.042134	581000.000000
42.291667	-0.055912	581200.000000
42.395833	-0.061463	581400.000000
42.500000	-0.055863	581600.000000
42.604167	-0.040501	581800.000000
42.708333	-0.022547	582000.000000
42.812500	-0.007766	582200.000000
42.916667	0.000020	582400.000000
43.020833	-0.000133	582600.000000
43.125000	-0.003988	582800.000000
43.229167	-0.007852	583000.000000
43.333333	-0.009997	583200.000000
43.437500	-0.012531	583400.000000
43.541667	-0.019247	583600.000000
43.645833	-0.032154	583800.000000
43.750000	-0.047505	584000.000000
43.854167	-0.057770	584200.000000
43.958333	-0.057233	584400.000000
44.062500	-0.046118	584600.000000
44.166667	-0.030610	584800.000000
44.270833	-0.019152	585000.000000
44.375000	-0.014662	585200.000000
44.479167	-0.014452	585400.000000
44.583333	-0.013774	585600.000000
44.687500	-0.010735	585800.000000
44.791667	-0.008010	586000.000000
44.895833	-0.008201	586200.000000
45.000000	-0.012337	586400.000000
45.104167	-0.017255	586600.000000
45.208333	-0.019658	586800.000000
45.312500	-0.019278	587000.000000
45.416667	-0.018722	587200.000000
45.520833	-0.022261	587400.000000
45.625000	-0.028904	587600.000000
45.729167	-0.035965	587800.000000
45.833333	-0.038786	588000.000000
45.937500	-0.034953	588200.000000
46.041667	-0.027457	588400.000000
46.145833	-0.021225	588600.000000
46.250000	-0.019177	588800.000000
46.354167	-0.021143	589000.000000
46.458333	-0.023905	589200.000000
46.562500	-0.023642	589400.000000
46.666667	-0.019237	589600.000000
46.770833	-0.011985	589800.000000
46.875000	-0.004811	590000.000000
46.979167	-0.001103	590200.000000
47.083333	-0.002737	590400.000000
47.187500	-0.010868	590600.000000
47.291667	-0.024041	590800.000000
47.395833	-0.038173	591000.000000
47.500000	-0.046448	591200.000000
47.604167	-0.045209	591400.000000
47.708333	-0.037153	591600.000000
47.812500	-0.029467	591800.000000
47.916667	-0.026971	592000.000000
48.020833	-0.027518	592200.000000
48.125000	-0.025264	592400.000000
48.229167	-0.016462	592600.000000
48.333333	-0.004066	592800.000000
48.437500	0.006619	593000.000000
48.541667	0.009847	593200.000000
48.645833	0.003499	593400.000000
48.750000	-0.009874	593600.000000
48.854167	-0.024259	593800.000000
48.958333	-0.035809	594000.000000
49.062500	-0.043345	594200.000000
49.166667	-0.045576	594400.000000
49.270833	-0.042665	594600.000000
49.375000	-0.035239	594800.000000
49.479167	-0.025439	595000.000000
49.583333	-0.017165	595200.000000
49.687500	-0.013570	595400.000000
49.791667	-0.015905	595600.000000
49.895833	-0.020222	595800.000000
50.000000	-0.022769	596000.000000
50.104167	-0.019984	596200.000000
50.208333	-0.012867	596400.000000
50.312500	-0.004064	596600.000000
50.416667	0.001156	596800.000000
50.520833	-0.001523	597000.000000
50.625000	-0.012261	597200.000000
50.729167	-0.025305	597400.000000
50.833333	-0.034765	597600.000000
50.937500	-0.036153	597800.000000
51.041667	-0.030104	598000.000000
51.145833	-0.021225	598200.000000
51.250000	-0.015084	598400.000000
51.354167	-0.014758	598600.000000
51.458333	-0.019931	598800.000000
51.562500	-0.027156	599000.000000
51.666667	-0.031886	599200.000000
51.770833	-0.030086	599400.000000
51.875000	-0.022446	599600.000000
51.979167	-0.010908	599800.000000
52.083333	-0.000480	600000.000000
52.187500	0.005251	600200.000000
52.291667	0.003864	600400.000000
52.395833	-0.002588	600600.000000
52.500000	-0.011975	600800.000000
52.604167	-0.020369	601000.000000
52.708333	-0.028028	601200.000000
52.812500	-0.035368	601400.000000
52.916667	-0.041362	601600.000000
53.020833	-0.044028	601800.000000
53.125000	-0.041054	602000.000000
53.229167	-0.033311	602200.000000
53.333333	-0.023431	602400.000000
53.437500	-0.015320	602600.000000
53.541667	-0.010362	602800.000000
53.645833	-0.008078	603000.000000
53.750000	-0.006794	603200.000000
53.854167	-0.006156	603400.000000
53.958333	-0.006666	603600.000000
54.062500	-0.009488	603800.000000
54.166667	-0.014265	604000.000000
54.270833	-0.019962	604200.000000
54.375000	-0.025125	604400.000000
54.479167	-0.029340	604600.000000
54.583333	-0.033235	604800.000000
54.687500	-0.036156	605000.000000
54.791667	-0.036244	605200.000000
54.895833	-0.032971	605400.000000
55.000000	-0.027372	605600.000000
55.104167	-0.021357	605800.000000
55.208333	-0.016140	606000.000000
55.312500	-0.012759	606200.000000
55.416667	-0.011607	606400.000000
55.520833	-0.014109	606600.000000
55.625000	-0.019992	606800.000000
55.729167	-0.026366	607000.000000
55.833333	-0.028162	607200.000000
55.937500	-0.023705	607400.000000
56.041667	-0.017299	607600.000000
56.145833	-0.013941	607800.000000
56.250000	-0.017690	608000.000000
56.354167	-0.026587	608200.000000
56.458333	-0.035873	608400.000000
56.562500	-0.040409	608600.000000
56.666667	-0.037877	608800.000000
56.770833	-0.031600	609000.000000
56.875000	-0.026429	609200.000000
56.979167	-0.025311	609400.000000
57.083333	-0.026404	609600.000000
57.187500	-0.027293	609800.000000
57.291667	-0.025577	610000.000000
57.395833	-0.020643	610200.000000
57.500000	-0.013891	610400.000000
57.604167	-0.007328	610600.000000
57.708333	-0.004335	610800.000000
57.812500	-0.007574	611000.000000
57.916667	-0.017293	611200.000000
58.020833	-0.030963	611400.000000
58.125000	-0.043424	611600.000000
58.229167	-0.049539	611800.000000
58.333333	-0.047040	612000.000000
58.437500	-0.038120	612200.000000
58.541667	-0.028275	612400.000000
58.645833	-0.022244	612600.000000
58.750000	-0.021259	612800.000000
58.854167	-0.021721	613000.000000
58.958333	-0.020662	613200.000000
59.062500	-0.017282	613400.000000
59.166667	-0.013613	613600.000000
59.270833	-0.011058	613800.000000
59.375000	-0.010529	614000.000000
59.479167	-0.012015	614200.000000
59.583333	-0.015768	614400.000000
59.687500	-0.022560	614600.000000
59.791667	-0.030749	614800.000000
59.895833	-0.038294	615000.000000
60.000000	-0.041652	615200.000000
60.104167	-0.037626	615400.000000
60.208333	-0.027691	615600.000000
60.312500	-0.017510	615800.000000
60.416667	-0.011250	616000.000000
60.520833	-0.011738	616200.000000
60.625000	-0.016327	616400.000000
60.729167	-0.021082	616600.000000
60.833333	-0.022898	616800.000000
60.937500	-0.021775	617000.000000
61.041667	-0.018607	617200.000000
61.145833	-0.015012	617400.000000
61.250000	-0.012062	617600.000000
61.354167	-0.010212	617800.000000
61.458333	-0.010085	618000.000000
61.562500	-0.011301	618200.000000
61.666667	-0.013929	618400.000000
61.770833	-0.018180	618600.000000
61.875000	-0.023178	618800.000000
61.979167	-0.027335	619000.000000
62.083333	-0.029349	619200.000000
62.187500	-0.028213	619400.000000
62.291667	-0.024458	619600.000000
62.395833	-0.019271	619800.000000
62.500000	-0.014239	620000.000000
62.604167	-0.010380	620200.000000
62.708333	-0.008763	620400.000000
62.812500	-0.009451	620600.000000
62.916667	-0.011551	620800.000000
63.020833	-0.013061	621000.000000
63.125000	-0.012831	621200.000000
63.229167	-0.011468	621400.000000
63.333333	-0.011367	621600.000000
63.437500	-0.014659	621800.000000
63.541667	-0.021032	622000.000000
63.645833	-0.028290	622200.000000
63.750000	-0.032214	622400.000000
63.854167	-0.031110	622600.000000
63.958333	-0.024548	622800.000000
64.062500	-0.015193	623000.000000
64.166667	-0.006135	623200.000000
64.270833	-0.000374	623400.000000
64.375000	0.000595	623600.000000
64.479167	-0.002911	623800.000000
64.583333	-0.008732	624000.000000
64.687500	-0.014924	624200.000000
64.791667	-0.019509	624400.000000
64.895833	-0.021525	624600.000000
65.000000	-0.022445	624800.000000
65.104167	-0.023755	625000.000000
65.208333	-0.026412	625200.000000
65.312500	-0.029729	625400.000000
65.416667	-0.033287	625600.000000
65.520833	-0.034963	625800.000000
65.625000	-0.033993	626000.000000
65.729167	-0.029796	626200.000000
65.833333	-0.023761	626400.000000
65.937500	-0.019315	626600.000000
66.041667	-0.018578	626800.000000
66.145833	-0.021990	627000.000000
66.250000	-0.026767	627200.000000
66.354167	-0.029207	627400.000000
66.458333	-0.026028	627600.000000
66.562500	-0.018191	627800.000000
66.666667	-0.010006	628000.000000
66.770833	-0.007006	628200.000000
66.875000	-0.010959	628400.000000
66.979167	-0.019548	628600.000000
67.083333	-0.029056	628800.000000
67.187500	-0.035391	629000.000000
67.291667	-0.036132	629200.000000
67.395833	-0.032386	629400.000000
67.500000	-0.027545	629600.000000
67.604167	-0.023351	629800.000000
67.708333	-0.021488	630000.000000
67.812500	-0.022387	630200.000000
67.916667	-0.024339	630400.000000
68.020833	-0.024942	630600.000000
68.125000	-0.022423	630800.000000
68.229167	-0.015920	631000.000000
68.333333	-0.009244	631200.000000
68.437500	-0.006058	631400.000000
68.541667	-0.008830	631600.000000
68.645833	-0.016658	631800.000000
68.750000	-0.026273	632000.000000
68.854167	-0.033315	632200.000000
68.958333	-0.035981	632400.000000
69.062500	-0.034223	632600.000000
69.166667	-0.030107	632800.000000
69.270833	-0.025344	633000.000000
69.375000	-0.020120	633200.000000
69.479167	-0.014242	633400.000000
69.583333	-0.008797	633600.000000
69.687500	-0.005386	633800.000000
69.791667	-0.004246	634000.000000
69.895833	-0.005415	634200.000000
70.000000	-0.008013	634400.000000
70.104167	-0.010817	634600.000000
70.208333	-0.013842	634800.000000
70.312500	-0.016738	635000.000000
70.416667	-0.019081	635200.000000
70.520833	-0.020558	635400.000000
70.625000	-0.021298	635600.000000
70.729167	-0.022010	635800.000000
70.833333	-0.024012	636000.000000
70.937500	-0.027821	636200.000000
71.041667	-0.033134	636400.000000
71.145833	-0.037618	636600.000000
71.250000	-0.038875	636800.000000
71.354167	-0.036674	637000.000000
71.458333	-0.032921	637200.000000
71.562500	-0.029929	637400.000000
71.666667	-0.029730	637600.000000
71.770833	-0.032953	637800.000000
71.875000	-0.037385	638000.000000
71.979167	-0.040357	638200.000000
72.083333	-0.040201	638400.000000
72.187500	-0.036726	638600.000000
72.291667	-0.031763	638800.000000
72.395833	-0.027580	639000.000000
72.500000	-0.025853	639200.000000
72.604167	-0.027661	639400.000000
72.708333	-0.032241	639600.000000
72.812500	-0.036222	639800.000000
72.916667	-0.037126	640000.000000
73.020833	-0.033069	640200.000000
73.125000	-0.024194	640400.000000
73.229167	-0.014217	640600.000000
73.333333	-0.006467	640800.000000
73.437500	-0.003182	641000.000000
73.541667	-0.004653	641200.000000
73.645833	-0.008037	641400.000000
73.750000	-0.010865	641600.000000
73.854167	-0.012463	641800.000000
73.958333	-0.012956	642000.000000
74.062500	-0.013390	642200.000000
74.166667	-0.015447	642400.000000
74.270833	-0.019914	642600.000000
74.375000	-0.025712	642800.000000
74.479167	-0.030402	643000.000000
74.583333	-0.031416	643200.000000
74.687500	-0.027689	643400.000000
74.791667	-0.021110	643600.000000
74.895833	-0.014266	643800.000000
75.000000	-0.011021	644000.000000
75.104167	-0.012328	644200.000000
75.208333	-0.017747	644400.000000
75.312500	-0.023416	644600.000000
75.416667	-0.026819	644800.000000
75.520833	-0.026307	645000.000000
75.625000	-0.023280	645200.000000
75.729167	-0.019573	645400.000000
75.833333	-0.017552	645600.000000
75.937500	-0.018434	645800.000000
76.041667	-0.022194	646000.000000
76.145833	-0.026433	646200.000000
76.250000	-0.028625	646400.000000
76.354167	-0.026289	646600.000000
76.458333	-0.020286	646800.000000
76.562500	-0.013573	647000.000000
76.666667	-0.009272	647200.000000
76.770833	-0.009964	647400.000000
76.875000	-0.015025	647600.000000
76.979167	-0.021716	647800.000000
77.083333	-0.025965	648000.000000
77.187500	-0.026210	648200.000000
77.291667	-0.022950	648400.000000
77.395833	-0.018539	648600.000000
77.500000	-0.015327	648800.000000
77.604167	-0.015378	649000.000000
77.708333	-0.019313	649200.000000
77.812500	-0.025779	649400.000000
77.916667	-0.032557	649600.000000
78.020833	-0.037786	649800.000000
78.125000	-0.039579	650000.000000
78.229167	-0.037716	650200.000000
78.333333	-0.033406	650400.000000
78.437500	-0.028625	650600.000000
78.541667	-0.024540	650800.000000
78.645833	-0.022353	651000.000000
78.750000	-0.020813	651200.000000
78.854167	-0.019339	651400.000000
78.958333	-0.018643	651600.000000
79.062500	-0.018825	651800.000000
79.166667	-0.020126	652000.000000
79.270833	-0.022649	652200.000000
79.375000	-0.025446	652400.000000
79.479167	-0.027841	652600.000000
79.583333	-0.029776	652800.000000
79.687500	-0.030694	653000.000000
79.791667	-0.030674	653200.000000
79.895833	-0.030441	653400.000000
80.000000	-0.029523	653600.000000
80.104167	-0.028600	653800.000000
80.208333	-0.026935	654000.000000
80.312500	-0.024643	654200.000000
80.416667	-0.022038	654400.000000
80.520833	-0.020188	654600.000000
80.625000	-0.019201	654800.000000
80.729167	-0.019481	655000.000000
80.833333	-0.020495	655200.000000
80.937500	-0.021456	655400.000000
81.041667	-0.022445	655600.000000
81.145833	-0.023362	655800.000000
81.250000	-0.023761	656000.000000
81.354167	-0.023807	656200.000000
81.458333	-0.022778	656400.000000
81.562500	-0.021741	656600.000000
81.666667	-0.021156	656800.000000
81.770833	-0.021570	657000.000000
81.875000	-0.022728	657200.000000
81.979167	-0.023659	657400.000000
82.083333	-0.023748	657600.000000
82.187500	-0.022415	657800.000000
82.291667	-0.021000	658000.000000
82.395833	-0.019531	658200.000000
82.500000	-0.017910	658400.000000
82.604167	-0.015748	658600.000000
82.708333	-0.012801	658800.000000
82.812500	-0.010883	659000.000000
82.916667	-0.010948	659200.000000
83.020833	-0.012962	659400.000000
83.125000	-0.016798	659600.000000
83.229167	-0.020769	659800.000000
83.333333	-0.022999	660000.000000
83.437500	-0.023751	660200.000000
83.541667	-0.023270	660400.000000
83.645833	-0.021304	660600.000000
83.750000	-0.017904	660800.000000
83.854167	-0.014291	661000.000000
83.958333	-0.011071	661200.000000
84.062500	-0.009726	661400.000000
84.166667	-0.010499	661600.000000
84.270833	-0.012252	661800.000000
84.375000	-0.013389	662000.000000
84.479167	-0.013208	662200.000000
84.583333	-0.012365	662400.000000
84.687500	-0.012506	662600.000000
84.791667	-0.014947	662800.000000
84.895833	-0.019185	663000.000000
85.000000	-0.023949	663200.000000
85.104167	-0.026913	663400.000000
85.208333	-0.027418	663600.000000
85.312500	-0.025449	663800.000000
85.416667	-0.021871	664000.000000
85.520833	-0.018200	664200.000000
85.625000	-0.015039	664400.000000
85.729167	-0.013707	664600.000000
85.833333	-0.014697	664800.000000
85.937500	-0.017436	665000.000000
86.041667	-0.020256	665200.000000
86.145833	-0.021827	665400.000000
86.250000	-0.022062	665600.000000
86.354167	-0.020524	665800.000000
86.458333	-0.019698	666000.000000
86.562500	-0.019702	666200.000000
86.666667	-0.020510	666400.000000
86.770833	-0.021737	666600.000000
86.875000	-0.023145	666800.000000
86.979167	-0.023668	667000.000000
87.083333	-0.023731	667200.000000
87.187500	-0.024018	667400.000000
87.291667	-0.024583	667600.000000
87.395833	-0.025147	667800.000000
87.500000	-0.024417	668000.000000
87.604167	-0.022575	668200.000000
87.708333	-0.019999	668400.000000
87.812500	-0.017859	668600.000000
87.916667	-0.016302	668800.000000
88.020833	-0.015537	669000.000000
88.125000	-0.015810	669200.000000
88.229167	-0.016584	669400.000000
88.333333	-0.018078	669600.000000
88.437500	-0.020409	669800.000000
88.541667	-0.023111	670000.000000
88.645833	-0.025207	670200.000000
88.750000	-0.026671	670400.000000
88.854167	-0.027168	670600.000000
88.958333	-0.026869	670800.000000
89.062500	-0.026103	671000.000000
89.166667	-0.025058	671200.000000
89.270833	-0.023177	671400.000000
89.375000	-0.020760	671600.000000
89.479167	-0.018288	671800.000000
89.583333	-0.016180	672000.000000
89.687500	-0.015523	672200.000000
89.791667	-0.015707	672400.000000
89.895833	-0.017310	672600.000000
90.000000	-0.019529	672800.000000
90.104167	-0.022492	673000.000000
90.208333	-0.025008	673200.000000
90.312500	-0.027267	673400.000000
90.416667	-0.028280	673600.000000
90.520833	-0.028252	673800.000000
90.625000	-0.026882	674000.000000
90.729167	-0.024978	674200.000000
90.833333	-0.023066	674400.000000
90.937500	-0.021660	674600.000000
91.041667	-0.021403	674800.000000
91.145833	-0.021827	675000.000000
91.250000	-0.022727	675200.000000
91.354167	-0.024138	675400.000000
91.458333	-0.025472	675600.000000
91.562500	-0.025277	675800.000000
91.666667	-0.023941	676000.000000
91.770833	-0.022253	676200.000000
91.875000	-0.021001	676400.000000
91.979167	-0.020820	676600.000000
92.083333	-0.021534	676800.000000
92.187500	-0.023516	677000.000000
92.291667	-0.025735	677200.000000
92.395833	-0.026798	677400.000000
92.500000	-0.026729	677600.000000
92.604167	-0.025339	677800.000000
92.708333	-0.023340	678000.000000
92.812500	-0.021279	678200.000000
92.916667	-0.020161	678400.000000
93.020833	-0.019283	678600.000000
93.125000	-0.019570	678800.000000
93.229167	-0.020253	679000.000000
93.333333	-0.020065	679200.000000
93.437500	-0.019559	679400.000000
93.541667	-0.018774	679600.000000
93.645833	-0.018022	679800.000000
93.750000	-0.018905	680000.000000
93.854167	-0.020777	680200.000000
93.958333	-0.023719	680400.000000
94.062500	-0.027450	680600.000000
94.166667	-0.030541	680800.000000
94.270833	-0.032104	681000.000000
94.375000	-0.031631	681200.000000
94.479167	-0.028400	681400.000000
94.583333	-0.023552	681600.000000
94.687500	-0.018962	681800.000000
94.791667	-0.016069	682000.000000
94.895833	-0.015973	682200.000000
95.000000	-0.017943	682400.000000
95.104167	-0.020283	682600.000000
95.208333	-0.021985	682800.000000
95.312500	-0.022634	683000.000000
95.416667	-0.022749	683200.000000
95.520833	-0.023164	683400.000000
95.625000	-0.024046	683600.000000
95.729167	-0.024802	683800.000000
95.833333	-0.026093	684000.000000
95.937500	-0.026505	684200.000000
96.041667	-0.026272	684400.000000
96.145833	-0.025041	684600.000000
96.250000	-0.023706	684800.000000
96.354167	-0.022351	685000.000000
96.458333	-0.021057	685200.000000
96.562500	-0.020459	685400.000000
96.666667	-0.020581	685600.000000
96.770833	-0.020983	685800.000000
96.875000	-0.020972	686000.000000
96.979167	-0.019954	686200.000000
97.083333	-0.018721	686400.000000
97.187500	-0.017378	686600.000000
97.291667	-0.016858	686800.000000
97.395833	-0.017049	687000.000000
97.500000	-0.018122	687200.000000
97.604167	-0.019976	687400.000000
97.708333	-0.021956	687600.000000
97.812500	-0.023830	687800.000000
97.916667	-0.024845	688000.000000
98.020833	-0.025202	688200.000000
98.125000	-0.024469	688400.000000
98.229167	-0.023371	688600.000000
98.333333	-0.022652	688800.000000
98.437500	-0.023123	689000.000000
98.541667	-0.024173	689200.000000
98.645833	-0.024770	689400.000000
98.750000	-0.023896	689600.000000
98.854167	-0.021698	689800.000000
98.958333	-0.019336	690000.000000
99.062500	-0.018221	690200.000000
99.166667	-0.019300	690400.000000
99.270833	-0.022657	690600.000000
99.375000	-0.026834	690800.000000
99.479167	-0.029631	691000.000000
99.583333	-0.029859	691200.000000
99.687500	-0.027814	691400.000000
99.791667	-0.024180	691600.000000
99.895833	-0.020626	691800.000000
100.000000	-0.017830	692000.000000
100.104167	-0.017237	692200.000000
100.208333	-0.017925	692400.000000
100.312500	-0.019823	692600.000000
100.416667	-0.021766	692800.000000
100.520833	-0.022176	693000.000000
100.625000	-0.021456	693200.000000
100.729167	-0.020242	693400.000000
100.833333	-0.019349	693600.000000
100.937500	-0.019157	693800.000000
101.041667	-0.020358	694000.000000
101.145833	-0.022155	694200.000000
101.250000	-0.023894	694400.000000
101.354167	-0.024482	694600.000000
101.458333	-0.023566	694800.000000
101.562500	-0.021936	695000.000000
101.666667	-0.020149	695200.000000
101.770833	-0.019701	695400.000000
101.875000	-0.020394	695600.000000
101.979167	-0.021893	695800.000000
102.083333	-0.023834	696000.000000
102.187500	-0.024941	696200.000000
102.291667	-0.025530	696400.000000
102.395833	-0.024313	696600.000000
102.500000	-0.022525	696800.000000
102.604167	-0.021270	697000.000000
102.708333	-0.020726	697200.000000
102.812500	-0.021219	697400.000000
102.916667	-0.022626	697600.000000
103.020833	-0.024613	697800.000000
103.125000	-0.026292	698000.000000
103.229167	-0.027395	698200.000000
103.333333	-0.027997	698400.000000
103.437500	-0.028231	698600.000000
103.541667	-0.027824	698800.000000
103.645833	-0.026213	699000.000000
103.750000	-0.023761	699200.000000
103.854167	-0.021766	699400.000000
103.958333	-0.020202	699600.000000
104.062500	-0.019941	699800.000000
104.166667	-0.020681	700000.000000
104.270833	-0.021897	700200.000000
104.375000	-0.022995	700400.000000
104.479167	-0.023696	700600.000000
104.583333	-0.023923	700800.000000
104.687500	-0.024195	701000.000000
104.791667	-0.024563	701200.000000
104.895833	-0.025569	701400.000000
105.000000	-0.026125	701600.000000
105.104167	-0.025566	701800.000000
105.208333	-0.024247	702000.000000
105.312500	-0.021636	702200.000000
105.416667	-0.019220	702400.000000
105.520833	-0.017600	702600.000000
105.625000	-0.016958	702800.000000
105.729167	-0.017362	703000.000000
105.833333	-0.018768	703200.000000
105.937500	-0.019942	703400.000000
106.041667	-0.021207	703600.000000
106.145833	-0.021981	703800.000000
106.250000	-0.022168	704000.000000
106.354167	-0.021743	704200.000000
106.458333	-0.021711	704400.000000
106.562500	-0.021980	704600.000000
106.666667	-0.022789	704800.000000
106.770833	-0.023648	705000.000000
106.875000	-0.024156	705200.000000
106.979167	-0.023346	705400.000000
107.083333	-0.021899	705600.000000
107.187500	-0.019879	705800.000000
107.291667	-0.018503	706000.000000
107.395833	-0.018139	706200.000000
107.500000	-0.018865	706400.000000
107.604167	-0.020409	706600.000000
107.708333	-0.021407	706800.000000
107.812500	-0.021019	707000.000000
107.916667	-0.019429	707200.000000
108.020833	-0.017232	707400.000000
108.125000	-0.015572	707600.000000
108.229167	-0.015611	707800.000000
108.333333	-0.018011	708000.000000
108.437500	-0.021930	708200.000000
108.541667	-0.026253	708400.000000
108.645833	-0.028441	708600.000000
108.750000	-0.027350	708800.000000
108.854167	-0.024488	709000.000000
108.958333	-0.021410	709200.000000
109.062500	-0.019474	709400.000000
109.166667	-0.020036	709600.000000
109.270833	-0.021627	709800.000000
109.375000	-0.023805	710000.000000
109.479167	-0.025018	710200.000000
109.583333	-0.025092	710400.000000
109.687500	-0.023791	710600.000000
109.791667	-0.022157	710800.000000
109.895833	-0.021337	711000.000000
110.000000	-0.021848	711200.000000
110.104167	-0.023601	711400.000000
110.208333	-0.025775	711600.000000
110.312500	-0.027246	711800.000000
110.416667	-0.027295	712000.000000
110.520833	-0.025491	712200.000000
110.625000	-0.022574	712400.000000
110.729167	-0.019195	712600.000000
110.833333	-0.016878	712800.000000
110.937500	-0.016389	713000.000000
111.041667	-0.017438	713200.000000
111.145833	-0.018894	713400.000000
111.250000	-0.020717	713600.000000
111.354167	-0.021869	713800.000000
111.458333	-0.022253	714000.000000
111.562500	-0.021871	714200.000000
111.666667	-0.020942	714400.000000
111.770833	-0.020152	714600.000000
111.875000	-0.020353	714800.000000
111.979167	-0.021453	715000.000000
112.083333	-0.022619	715200.000000
112.187500	-0.023235	715400.000000
112.291667	-0.023037	715600.000000
112.395833	-0.022227	715800.000000
112.500000	-0.021632	716000.000000
112.604167	-0.021279	716200.000000
112.708333	-0.021422	716400.000000
112.812500	-0.021457	716600.000000
112.916667	-0.021187	716800.000000
113.020833	-0.020707	717000.000000
113.125000	-0.020121	717200.000000
113.229167	-0.019487	717400.000000
113.333333	-0.018895	717600.000000
113.437500	-0.018611	717800.000000
113.541667	-0.018511	718000.000000
113.645833	-0.019013	718200.000000
113.750000	-0.019807	718400.000000
113.854167	-0.020871	718600.000000
113.958333	-0.022034	718800.000000
114.062500	-0.022926	719000.000000
114.166667	-0.022951	719200.000000
114.270833	-0.021928	719400.000000
114.375000	-0.020253	719600.000000
114.479167	-0.018385	719800.000000
114.583333	-0.017122	720000.000000
114.687500	-0.016830	720200.000000
114.791667	-0.018085	720400.000000
114.895833	-0.019913	720600.000000
115.000000	-0.021421	720800.000000
115.104167	-0.021844	721000.000000
115.208333	-0.022045	721200.000000
115.312500	-0.022589	721400.000000
115.416667	-0.023461	721600.000000
115.520833	-0.024938	721800.000000
115.625000	-0.026336	722000.000000
115.729167	-0.026882	722200.000000
115.833333	-0.026457	722400.000000
115.937500	-0.024872	722600.000000
116.041667	-0.022895	722800.000000
116.145833	-0.021078	723000.000000
116.250000	-0.019910	723200.000000
116.354167	-0.019531	723400.000000
116.458333	-0.020068	723600.000000
116.562500	-0.021060	723800.000000
116.666667	-0.021662	724000.000000
116.770833	-0.021734	724200.000000
116.875000	-0.020892	724400.000000
116.979167	-0.019372	724600.000000
117.083333	-0.017902	724800.000000
117.187500	-0.016757	725000.000000
117.291667	-0.016800	725200.000000
117.395833	-0.017740	725400.000000
117.500000	-0.019230	725600.000000
117.604167	-0.020673	725800.000000
117.708333	-0.021187	726000.000000
117.812500	-0.021015	726200.000000
117.916667	-0.020500	726400.000000
118.020833	-0.020581	726600.000000
118.125000	-0.021503	726800.000000
118.229167	-0.023634	727000.000000
118.333333	-0.026288	727200.000000
118.437500	-0.028520	727400.000000
118.541667	-0.029545	727600.000000
118.645833	-0.028739	727800.000000
118.750000	-0.027196	728000.000000
118.854167	-0.025531	728200.000000
118.958333	-0.025028	728400.000000
119.062500	-0.025488	728600.000000
119.166667	-0.026574	728800.000000
119.270833	-0.028013	729000.000000
119.375000	-0.029042	729200.000000
119.479167	-0.028731	729400.000000
119.583333	-0.027723	729600.000000
119.687500	-0.026329	729800.000000
119.791667	-0.024402	730000.000000
119.895833	-0.022751	730200.000000
120.000000	-0.021247	730400.000000
120.104167	-0.019923	730600.000000
120.208333	-0.018823	730800.000000
120.312500	-0.018635	731000.000000
120.416667	-0.019262	731200.000000
120.520833	-0.021071	731400.000000
120.625000	-0.022896	731600.000000
120.729167	-0.023814	731800.000000
120.833333	-0.023925	732000.000000
120.937500	-0.023564	732200.000000
121.041667	-0.022637	732400.000000
121.145833	-0.022212	732600.000000
121.250000	-0.022249	732800.000000
121.354167	-0.022769	733000.000000
121.458333	-0.023579	733200.000000
121.562500	-0.024433	733400.000000
121.666667	-0.024644	733600.000000
121.770833	-0.024327	733800.000000
121.875000	-0.023520	734000.000000
121.979167	-0.022574	734200.000000
122.083333	-0.022046	734400.000000
122.187500	-0.021770	734600.000000
122.291667	-0.021743	734800.000000
122.395833	-0.022003	735000.000000
122.500000	-0.021567	735200.000000
122.604167	-0.020982	735400.000000
122.708333	-0.020294	735600.000000
122.812500	-0.020452	735800.000000
122.916667	-0.020601	736000.000000
123.020833	-0.021608	736200.000000
123.125000	-0.022352	736400.000000
123.229167	-0.022943	736600.000000
123.333333	-0.022463	736800.000000
123.437500	-0.021389	737000.000000
123.541667	-0.019988	737200.000000
123.645833	-0.019100	737400.000000
123.750000	-0.018141	737600.000000
123.854167	-0.018019	737800.000000
123.958333	-0.018766	738000.000000
124.062500	-0.019824	738200.000000
124.166667	-0.020796	738400.000000
124.270833	-0.021314	738600.000000
124.375000	-0.021009	738800.000000
124.479167	-0.020767	739000.000000
124.583333	-0.021406	739200.000000
124.687500	-0.022716	739400.000000
124.791667	-0.024558	739600.000000
124.895833	-0.025976	739800.000000
125.000000	-0.025878	740000.000000
125.104167	-0.024924	740200.000000
125.208333	-0.022925	740400.000000
125.312500	-0.021462	740600.000000
125.416667	-0.021115	740800.000000
125.520833	-0.022191	741000.000000
125.625000	-0.024099	741200.000000
125.729167	-0.026450	741400.000000
125.833333	-0.027772	741600.000000
125.937500	-0.028186	741800.000000
126.041667	-0.027481	742000.000000
126.145833	-0.026482	742200.000000
126.250000	-0.025019	742400.000000
126.354167	-0.024646	742600.000000
126.458333	-0.024964	742800.000000
126.562500	-0.025797	743000.000000
126.666667	-0.026278	743200.000000
126.770833	-0.026211	743400.000000
126.875000	-0.024846	743600.000000
126.979167	-0.022752	743800.000000
127.083333	-0.021045	744000.000000
127.187500	-0.019987	744200.000000
127.291667	-0.020139	744400.000000
127.395833	-0.020814	744600.000000
127.500000	-0.022134	744800.000000
127.604167	-0.023290	745000.000000
127.708333	-0.023215	745200.000000
127.812500	-0.022667	745400.000000
127.916667	-0.020931	745600.000000
128.020833	-0.019842	745800.000000
128.125000	-0.019811	746000.000000
128.229167	-0.020881	746200.000000
128.333333	-0.022818	746400.000000
128.437500	-0.024404	746600.000000
128.541667	-0.024392	746800.000000
128.645833	-0.023288	747000.000000
128.750000	-0.021721	747200.000000
128.854167	-0.020302	747400.000000
128.958333	-0.019365	747600.000000
129.062500	-0.019153	747800.000000
129.166667	-0.019497	748000.000000
129.270833	-0.020194	748200.000000
129.375000	-0.021134	748400.000000
129.479167	-0.022205	748600.000000
129.583333	-0.023575	748800.000000
129.687500	-0.024980	749000.000000
129.791667	-0.026029	749200.000000
129.895833	-0.026866	749400.000000
130.000000	-0.027636	749600.000000
130.104167	-0.028044	749800.000000
130.208333	-0.028152	750000.000000
