0.000000	-0.022641	500000.000000
0.104167	-0.022691	500200.000000
0.208333	-0.022557	500400.000000
0.312500	-0.022526	500600.000000
0.416667	-0.022715	500800.000000
0.520833	-0.022768	501000.000000
0.625000	-0.022622	501200.000000
0.729167	-0.022560	501400.000000
0.833333	-0.022550	501600.000000
0.937500	-0.022677	501800.000000
1.041667	-0.022475	502000.000000
1.145833	-0.022768	502200.000000
1.250000	-0.022599	502400.000000
1.354167	-0.022804	502600.000000
1.458333	-0.022793	502800.000000
1.562500	-0.022788	503000.000000
1.666667	-0.022623	503200.000000
1.770833	-0.022685	503400.000000
1.875000	-0.022775	503600.000000
1.979167	-0.022729	503800.000000
2.083333	-0.022688	504000.000000
2.187500	-0.022784	504200.000000
2.291667	-0.022781	504400.000000
2.395833	-0.022797	504600.000000
2.500000	-0.022895	504800.000000
2.604167	-0.022835	505000.000000
2.708333	-0.022723	505200.000000
2.812500	-0.022609	505400.000000
2.916667	-0.022767	505600.000000
3.020833	-0.022608	505800.000000
3.125000	-0.022761	506000.000000
3.229167	-0.022567	506200.000000
3.333333	-0.022541	506400.000000
3.437500	-0.022621	506600.000000
3.541667	-0.022705	506800.000000
3.645833	-0.022595	507000.000000
3.750000	-0.022692	507200.000000
3.854167	-0.022683	507400.000000
3.958333	-0.022636	507600.000000
4.062500	-0.022684	507800.000000
4.166667	-0.022563	508000.000000
4.270833	-0.022606	508200.000000
4.375000	-0.022531	508400.000000
4.479167	-0.022647	508600.000000
4.583333	-0.022863	508800.000000
4.687500	-0.022837	509000.000000
4.791667	-0.022770	509200.000000
4.895833	-0.022923	509400.000000
5.000000	-0.022917	509600.000000
5.104167	-0.022984	509800.000000
5.208333	-0.022930	510000.000000
5.312500	-0.022829	510200.000000
5.416667	-0.022921	510400.000000
5.520833	-0.022979	510600.000000
5.625000	-0.022806	510800.000000
5.729167	-0.022881	511000.000000
5.833333	-0.022847	511200.000000
5.937500	-0.022982	511400.000000
6.041667	-0.022758	511600.000000
6.145833	-0.022899	511800.000000
6.250000	-0.022796	512000.000000
6.354167	-0.022801	512200.000000
6.458333	-0.022797	512400.000000
6.562500	-0.022698	512600.000000
6.666667	-0.022737	512800.000000
6.770833	-0.022944	513000.000000
6.875000	-0.022848	513200.000000
6.979167	-0.022974	513400.000000
7.083333	-0.022946	513600.000000
7.187500	-0.022797	513800.000000
7.291667	-0.022934	514000.000000
7.395833	-0.022794	514200.000000
7.500000	-0.022897	514400.000000
7.604167	-0.022863	514600.000000
7.708333	-0.022796	514800.000000
7.812500	-0.022721	515000.000000
7.916667	-0.022752	515200.000000
8.020833	-0.022783	515400.000000
8.125000	-0.022939	515600.000000
8.229167	-0.022785	515800.000000
8.333333	-0.022856	516000.000000
8.437500	-0.023003	516200.000000
8.541667	-0.022852	516400.000000
8.645833	-0.022862	516600.000000
8.750000	-0.023017	516800.000000
8.854167	-0.022871	517000.000000
8.958333	-0.023013	517200.000000
9.062500	-0.023140	517400.000000
9.166667	-0.022914	517600.000000
9.270833	-0.022949	517800.000000
9.375000	-0.022864	518000.000000
9.479167	-0.022929	518200.000000
9.583333	-0.022888	518400.000000
9.687500	-0.022806	518600.000000
9.791667	-0.022819	518800.000000
9.895833	-0.022779	519000.000000
10.000000	-0.022676	519200.000000
10.104167	-0.022908	519400.000000
10.208333	-0.022779	519600.000000
10.312500	-0.022734	519800.000000
10.416667	-0.022735	520000.000000
10.520833	-0.022726	520200.000000
10.625000	-0.022809	520400.000000
10.729167	-0.022825	520600.000000
10.833333	-0.022819	520800.000000
10.937500	-0.022785	521000.000000
11.041667	-0.022623	521200.000000
11.145833	-0.022493	521400.000000
11.250000	-0.022769	521600.000000
11.354167	-0.022606	521800.000000
11.458333	-0.022489	522000.000000
11.562500	-0.022616	522200.000000
11.666667	-0.022896	522400.000000
11.770833	-0.022747	522600.000000
11.875000	-0.022797	522800.000000
11.979167	-0.022969	523000.000000
12.083333	-0.022897	523200.000000
12.187500	-0.022650	523400.000000
12.291667	-0.022726	523600.000000
12.395833	-0.022814	523800.000000
12.500000	-0.022938	524000.000000
12.604167	-0.022935	524200.000000
12.708333	-0.022995	524400.000000
12.812500	-0.023150	524600.000000
12.916667	-0.023352	524800.000000
13.020833	-0.023113	525000.000000
13.125000	-0.022989	525200.000000
13.229167	-0.023142	525400.000000
13.333333	-0.023186	525600.000000
13.437500	-0.023217	525800.000000
13.541667	-0.023061	526000.000000
13.645833	-0.023263	526200.000000
13.750000	-0.023181	526400.000000
13.854167	-0.023041	526600.000000
13.958333	-0.023127	526800.000000
14.062500	-0.023100	527000.000000
14.166667	-0.023099	527200.000000
14.270833	-0.022956	527400.000000
14.375000	-0.022912	527600.000000
14.479167	-0.023067	527800.000000
14.583333	-0.023110	528000.000000
14.687500	-0.023043	528200.000000
14.791667	-0.023171	528400.000000
14.895833	-0.023067	528600.000000
15.000000	-0.022939	528800.000000
15.104167	-0.023012	529000.000000
15.208333	-0.023117	529200.000000
15.312500	-0.023037	529400.000000
15.416667	-0.022937	529600.000000
15.520833	-0.022961	529800.000000
15.625000	-0.023057	530000.000000
15.729167	-0.023122	530200.000000
15.833333	-0.023168	530400.000000
15.937500	-0.022930	530600.000000
16.041667	-0.023084	530800.000000
16.145833	-0.023299	531000.000000
16.250000	-0.023313	531200.000000
16.354167	-0.023599	531400.000000
16.458333	-0.023629	531600.000000
16.562500	-0.023752	531800.000000
16.666667	-0.023667	532000.000000
16.770833	-0.023741	532200.000000
16.875000	-0.023875	532400.000000
16.979167	-0.023838	532600.000000
17.083333	-0.024058	532800.000000
17.187500	-0.023954	533000.000000
17.291667	-0.024314	533200.000000
17.395833	-0.024316	533400.000000
17.500000	-0.024487	533600.000000
17.604167	-0.024623	533800.000000
17.708333	-0.024849	534000.000000
17.812500	-0.024977	534200.000000
17.916667	-0.025171	534400.000000
18.020833	-0.025473	534600.000000
18.125000	-0.025734	534800.000000
18.229167	-0.025686	535000.000000
18.333333	-0.026182	535200.000000
18.437500	-0.026480	535400.000000
18.541667	-0.026936	535600.000000
18.645833	-0.027226	535800.000000
18.750000	-0.027723	536000.000000
18.854167	-0.028377	536200.000000
18.958333	-0.028950	536400.000000
19.062500	-0.029503	536600.000000
19.166667	-0.030210	536800.000000
19.270833	-0.031002	537000.000000
19.375000	-0.032221	537200.000000
19.479167	-0.033234	537400.000000
19.583333	-0.034322	537600.000000
19.687500	-0.035614	537800.000000
19.791667	-0.037092	538000.000000
19.895833	-0.038900	538200.000000
20.000000	-0.040799	538400.000000
20.104167	-0.042968	538600.000000
20.208333	-0.045356	538800.000000
20.312500	-0.048124	539000.000000
20.416667	-0.050814	539200.000000
20.520833	-0.053868	539400.000000
20.625000	-0.057487	539600.000000
20.729167	-0.061081	539800.000000
20.833333	-0.064966	540000.000000
20.937500	-0.069077	540200.000000
21.041667	-0.073343	540400.000000
21.145833	-0.077406	540600.000000
21.250000	-0.081480	540800.000000
21.354167	-0.084833	541000.000000
21.458333	-0.087341	541200.000000
21.562500	-0.088554	541400.000000
21.666667	-0.086885	541600.000000
21.770833	-0.081902	541800.000000
21.875000	-0.069008	542000.000000
21.979167	-0.040543	542200.000000
22.083333	0.022361	542400.000000
22.187500	0.146959	542600.000000
22.291667	0.369174	542800.000000
22.395833	0.687862	543000.000000
22.500000	1.021353	543200.000000
22.604167	1.241408	543400.000000
22.708333	1.205614	543600.000000
22.812500	0.864590	543800.000000
22.916667	0.324575	544000.000000
23.020833	-0.205092	544200.000000
23.125000	-0.590560	544400.000000
23.229167	-0.775819	544600.000000
23.333333	-0.793297	544800.000000
23.437500	-0.710227	545000.000000
23.541667	-0.600152	545200.000000
23.645833	-0.500368	545400.000000
23.750000	-0.422096	545600.000000
23.854167	-0.359519	545800.000000
23.958333	-0.306374	546000.000000
24.062500	-0.273009	546200.000000
24.166667	-0.264685	546400.000000
24.270833	-0.275342	546600.000000
24.375000	-0.279962	546800.000000
24.479167	-0.247070	547000.000000
24.583333	-0.170233	547200.000000
24.687500	-0.076022	547400.000000
24.791667	-0.005368	547600.000000
24.895833	0.020112	547800.000000
25.000000	0.011270	548000.000000
25.104167	-0.006223	548200.000000
25.208333	-0.015685	548400.000000
25.312500	-0.012867	548600.000000
25.416667	0.000225	548800.000000
25.520833	0.019887	549000.000000
25.625000	0.043601	549200.000000
25.729167	0.065675	549400.000000
25.833333	0.076816	549600.000000
25.937500	0.064913	549800.000000
26.041667	0.030147	550000.000000
26.145833	-0.008358	550200.000000
26.250000	-0.024807	550400.000000
26.354167	-0.007238	550600.000000
26.458333	0.032549	550800.000000
26.562500	0.066566	551000.000000
26.666667	0.071115	551200.000000
26.770833	0.048041	551400.000000
26.875000	0.022490	551600.000000
26.979167	0.016082	551800.000000
27.083333	0.028932	552000.000000
27.187500	0.045304	552200.000000
27.291667	0.050518	552400.000000
27.395833	0.040329	552600.000000
27.500000	0.019423	552800.000000
27.604167	-0.003768	553000.000000
27.708333	-0.023648	553200.000000
27.812500	-0.038255	553400.000000
27.916667	-0.048797	553600.000000
28.020833	-0.053004	553800.000000
28.125000	-0.045962	554000.000000
28.229167	-0.028942	554200.000000
28.333333	-0.012054	554400.000000
28.437500	0.000007	554600.000000
28.541667	0.008076	554800.000000
28.645833	0.010698	555000.000000
28.750000	0.005724	555200.000000
28.854167	-0.006237	555400.000000
28.958333	-0.020581	555600.000000
29.062500	-0.030455	555800.000000
29.166667	-0.030296	556000.000000
29.270833	-0.021614	556200.000000
29.375000	-0.013432	556400.000000
29.479167	-0.012925	556600.000000
29.583333	-0.021400	556800.000000
29.687500	-0.032127	557000.000000
29.791667	-0.039301	557200.000000
29.895833	-0.039305	557400.000000
30.000000	-0.029154	557600.000000
30.104167	-0.012494	557800.000000
30.208333	0.000888	558000.000000
30.312500	0.006231	558200.000000
30.416667	0.004064	558400.000000
30.520833	-0.000670	558600.000000
30.625000	-0.004628	558800.000000
30.729167	-0.006223	559000.000000
30.833333	-0.008926	559200.000000
30.937500	-0.014753	559400.000000
31.041667	-0.020100	559600.000000
31.145833	-0.020176	559800.000000
31.250000	-0.016061	560000.000000
31.354167	-0.015575	560200.000000
31.458333	-0.024689	560400.000000
31.562500	-0.042840	560600.000000
31.666667	-0.065825	560800.000000
31.770833	-0.083897	561000.000000
31.875000	-0.086786	561200.000000
31.979167	-0.070596	561400.000000
32.083333	-0.040749	561600.000000
32.187500	-0.012275	561800.000000
32.291667	0.002495	562000.000000
32.395833	0.001899	562200.000000
32.500000	-0.007685	562400.000000
32.604167	-0.019089	562600.000000
32.708333	-0.028843	562800.000000
32.812500	-0.033137	563000.000000
32.916667	-0.030776	563200.000000
33.020833	-0.025131	563400.000000
33.125000	-0.021765	563600.000000
33.229167	-0.021673	563800.000000
33.333333	-0.023340	564000.000000
33.437500	-0.025782	564200.000000
33.541667	-0.027358	564400.000000
33.645833	-0.025289	564600.000000
33.750000	-0.018681	564800.000000
33.854167	-0.009999	565000.000000
33.958333	0.000018	565200.000000
34.062500	0.011014	565400.000000
34.166667	0.019386	565600.000000
34.270833	0.020191	565800.000000
34.375000	0.008841	566000.000000
34.479167	-0.014125	566200.000000
34.583333	-0.039709	566400.000000
34.687500	-0.054446	566600.000000
34.791667	-0.050290	566800.000000
34.895833	-0.027627	567000.000000
35.000000	-0.001683	567200.000000
35.104167	0.011287	567400.000000
35.208333	0.001880	567600.000000
35.312500	-0.021759	567800.000000
35.416667	-0.042103	568000.000000
35.520833	-0.045510	568200.000000
35.625000	-0.030844	568400.000000
35.729167	-0.008619	568600.000000
35.833333	0.007228	568800.000000
35.937500	0.011349	569000.000000
36.041667	0.006246	569200.000000
36.145833	-0.002701	569400.000000
36.250000	-0.014065	569600.000000
36.354167	-0.025576	569800.000000
36.458333	-0.033930	570000.000000
36.562500	-0.032224	570200.000000
36.666667	-0.020148	570400.000000
36.770833	-0.007398	570600.000000
36.875000	-0.007789	570800.000000
36.979167	-0.024671	571000.000000
37.083333	-0.048778	571200.000000
37.187500	-0.062969	571400.000000
37.291667	-0.057696	571600.000000
37.395833	-0.036556	571800.000000
37.500000	-0.012661	572000.000000
37.604167	0.004564	572200.000000
37.708333	0.014246	572400.000000
37.812500	0.016425	572600.000000
37.916667	0.006354	572800.000000
38.020833	-0.018384	573000.000000
38.125000	-0.050471	573200.000000
38.229167	-0.069344	573400.000000
38.333333	-0.067972	573600.000000
38.437500	-0.050027	573800.000000
38.541667	-0.029982	574000.000000
38.645833	-0.025007	574200.000000
38.750000	-0.039300	574400.000000
38.854167	-0.061241	574600.000000
38.958333	-0.068959	574800.000000
39.062500	-0.053420	575000.000000
39.166667	-0.020926	575200.000000
39.270833	0.009958	575400.000000
39.375000	0.027733	575600.000000
39.479167	0.027317	575800.000000
39.583333	0.010485	576000.000000
39.687500	-0.016568	576200.000000
39.791667	-0.041643	576400.000000
39.895833	-0.054199	576600.000000
40.000000	-0.051648	576800.000000
40.104167	-0.038983	577000.000000
40.208333	-0.022942	577200.000000
40.312500	-0.010721	577400.000000
40.416667	-0.008752	577600.000000
40.520833	-0.019878	577800.000000
40.625000	-0.039098	578000.000000
40.729167	-0.055444	578200.000000
40.833333	-0.058709	578400.000000
40.937500	-0.047017	578600.000000
41.041667	-0.027008	578800.000000
41.145833	-0.009463	579000.000000
41.250000	-0.001624	579200.000000
41.354167	-0.004160	579400.000000
41.458333	-0.012338	579600.000000
41.562500	-0.022705	579800.000000
41.666667	-0.031403	580000.000000
41.770833	-0.035276	580200.000000
41.875000	-0.031610	580400.000000
41.979167	-0.022087	580600.000000
42.083333	-0.014033	580800.000000
42.187500	-0.016821	581000.000000
42.291667	-0.032546	581200.000000
42.395833	-0.052865	581400.000000
42.500000	-0.064595	581600.000000
42.604167	-0.058549	581800.000000
42.708333	-0.039513	582000.000000
42.812500	-0.018567	582200.000000
42.916667	-0.005334	582400.000000
43.020833	-0.002182	582600.000000
43.125000	-0.004579	582800.000000
43.229167	-0.009357	583000.000000
43.333333	-0.014339	583200.000000
43.437500	-0.017827	583400.000000
43.541667	-0.020184	583600.000000
43.645833	-0.023711	583800.000000
43.750000	-0.030994	584000.000000
43.854167	-0.040138	584200.000000
43.958333	-0.047638	584400.000000
44.062500	-0.049164	584600.000000
44.166667	-0.042901	584800.000000
44.270833	-0.031630	585000.000000
44.375000	-0.020674	585200.000000
44.479167	-0.015293	585400.000000
44.583333	-0.013416	585600.000000
44.687500	-0.011922	585800.000000
44.791667	-0.010239	586000.000000
44.895833	-0.009708	586200.000000
45.000000	-0.012387	586400.000000
45.104167	-0.018843	586600.000000
45.208333	-0.025016	586800.000000
45.312500	-0.026764	587000.000000
45.416667	-0.023679	587200.000000
45.520833	-0.019993	587400.000000
45.625000	-0.019856	587600.000000
45.729167	-0.023969	587800.000000
45.833333	-0.029996	588000.000000
45.937500	-0.034331	588200.000000
46.041667	-0.033246	588400.000000
46.145833	-0.026801	588600.000000
46.250000	-0.019792	588800.000000
46.354167	-0.017040	589000.000000
46.458333	-0.018464	589200.000000
46.562500	-0.021618	589400.000000
46.666667	-0.022515	589600.000000
46.770833	-0.019160	589800.000000
46.875000	-0.012674	590000.000000
46.979167	-0.006930	590200.000000
47.083333	-0.004479	590400.000000
47.187500	-0.006301	590600.000000
47.291667	-0.013087	590800.000000
47.395833	-0.023821	591000.000000
47.500000	-0.035222	591200.000000
47.604167	-0.043208	591400.000000
47.708333	-0.042376	591600.000000
47.812500	-0.033694	591800.000000
47.916667	-0.024367	592000.000000
48.020833	-0.022657	592200.000000
48.125000	-0.027942	592400.000000
48.229167	-0.030329	592600.000000
48.333333	-0.022881	592800.000000
48.437500	-0.008957	593000.000000
48.541667	0.002144	593200.000000
48.645833	0.003669	593400.000000
48.750000	-0.003577	593600.000000
48.854167	-0.013925	593800.000000
48.958333	-0.024685	594000.000000
49.062500	-0.033900	594200.000000
49.166667	-0.040159	594400.000000
49.270833	-0.042841	594600.000000
49.375000	-0.040712	594800.000000
49.479167	-0.033231	595000.000000
49.583333	-0.021670	595200.000000
49.687500	-0.012224	595400.000000
49.791667	-0.010015	595600.000000
49.895833	-0.015788	595800.000000
50.000000	-0.023807	596000.000000
50.104167	-0.027606	596200.000000
50.208333	-0.024447	596400.000000
50.312500	-0.016192	596600.000000
50.416667	-0.007239	596800.000000
50.520833	-0.001786	597000.000000
50.625000	-0.002782	597200.000000
50.729167	-0.011262	597400.000000
50.833333	-0.025644	597600.000000
50.937500	-0.037934	597800.000000
51.041667	-0.040783	598000.000000
51.145833	-0.032252	598200.000000
51.250000	-0.019158	598400.000000
51.354167	-0.009168	598600.000000
51.458333	-0.008531	598800.000000
51.562500	-0.016426	599000.000000
51.666667	-0.028366	599200.000000
51.770833	-0.036608	599400.000000
51.875000	-0.035938	599600.000000
51.979167	-0.026536	599800.000000
52.083333	-0.013506	600000.000000
52.187500	-0.002574	600200.000000
52.291667	0.002341	600400.000000
52.395833	-0.000159	600600.000000
52.500000	-0.009034	600800.000000
52.604167	-0.020244	601000.000000
52.708333	-0.030206	601200.000000
52.812500	-0.035623	601400.000000
52.916667	-0.036959	601600.000000
53.020833	-0.036784	601800.000000
53.125000	-0.035894	602000.000000
53.229167	-0.032754	602200.000000
53.333333	-0.028033	602400.000000
53.437500	-0.024257	602600.000000
53.541667	-0.022532	602800.000000
53.645833	-0.020651	603000.000000
53.750000	-0.017218	603200.000000
53.854167	-0.012340	603400.000000
53.958333	-0.007762	603600.000000
54.062500	-0.005491	603800.000000
54.166667	-0.008493	604000.000000
54.270833	-0.016956	604200.000000
54.375000	-0.027315	604400.000000
54.479167	-0.035552	604600.000000
54.583333	-0.037994	604800.000000
54.687500	-0.035745	605000.000000
54.791667	-0.031537	605200.000000
54.895833	-0.028262	605400.000000
55.000000	-0.026741	605600.000000
55.104167	-0.026349	605800.000000
55.208333	-0.026990	606000.000000
55.312500	-0.026796	606200.000000
55.416667	-0.024363	606400.000000
55.520833	-0.019061	606600.000000
55.625000	-0.015226	606800.000000
55.729167	-0.016702	607000.000000
55.833333	-0.023107	607200.000000
55.937500	-0.028495	607400.000000
56.041667	-0.028246	607600.000000
56.145833	-0.023844	607800.000000
56.250000	-0.021142	608000.000000
56.354167	-0.023747	608200.000000
56.458333	-0.029219	608400.000000
56.562500	-0.033275	608600.000000
56.666667	-0.033849	608800.000000
56.770833	-0.032154	609000.000000
56.875000	-0.030004	609200.000000
56.979167	-0.028836	609400.000000
57.083333	-0.029178	609600.000000
57.187500	-0.029682	609800.000000
57.291667	-0.028534	610000.000000
57.395833	-0.024588	610200.000000
57.500000	-0.018788	610400.000000
57.604167	-0.012906	610600.000000
57.708333	-0.009884	610800.000000
57.812500	-0.009731	611000.000000
57.916667	-0.013851	611200.000000
58.020833	-0.022671	611400.000000
58.125000	-0.033179	611600.000000
58.229167	-0.041256	611800.000000
58.333333	-0.043238	612000.000000
58.437500	-0.039247	612200.000000
58.541667	-0.032224	612400.000000
58.645833	-0.026240	612600.000000
58.750000	-0.024076	612800.000000
58.854167	-0.024626	613000.000000
58.958333	-0.024722	613200.000000
59.062500	-0.021808	613400.000000
59.166667	-0.016585	613600.000000
59.270833	-0.013248	613800.000000
59.375000	-0.013514	614000.000000
59.479167	-0.015979	614200.000000
59.583333	-0.017990	614400.000000
59.687500	-0.019281	614600.000000
59.791667	-0.021918	614800.000000
59.895833	-0.027885	615000.000000
60.000000	-0.035805	615200.000000
60.104167	-0.040198	615400.000000
60.208333	-0.037425	615600.000000
60.312500	-0.028156	615800.000000
60.416667	-0.017619	616000.000000
60.520833	-0.012267	616200.000000
60.625000	-0.013632	616400.000000
60.729167	-0.018681	616600.000000
60.833333	-0.023049	616800.000000
60.937500	-0.024350	617000.000000
61.041667	-0.022869	617200.000000
61.145833	-0.020120	617400.000000
61.250000	-0.017302	617600.000000
61.354167	-0.015387	617800.000000
61.458333	-0.013744	618000.000000
61.562500	-0.012975	618200.000000
61.666667	-0.014322	618400.000000
61.770833	-0.016934	618600.000000
61.875000	-0.020782	618800.000000
61.979167	-0.024942	619000.000000
62.083333	-0.028355	619200.000000
62.187500	-0.030306	619400.000000
62.291667	-0.029245	619600.000000
62.395833	-0.025255	619800.000000
62.500000	-0.020245	620000.000000
62.604167	-0.016280	620200.000000
62.708333	-0.014775	620400.000000
62.812500	-0.014325	620600.000000
62.916667	-0.014909	620800.000000
63.020833	-0.016862	621000.000000
63.125000	-0.018921	621200.000000
63.229167	-0.018285	621400.000000
63.333333	-0.014790	621600.000000
63.437500	-0.012485	621800.000000
63.541667	-0.015999	622000.000000
63.645833	-0.025102	622200.000000
63.750000	-0.034578	622400.000000
63.854167	-0.038136	622600.000000
63.958333	-0.033208	622800.000000
64.062500	-0.022845	623000.000000
64.166667	-0.012542	623200.000000
64.270833	-0.006313	623400.000000
64.375000	-0.004756	623600.000000
64.479167	-0.006278	623800.000000
64.583333	-0.009733	624000.000000
64.687500	-0.014427	624200.000000
64.791667	-0.020644	624400.000000
64.895833	-0.025612	624600.000000
65.000000	-0.027333	624800.000000
65.104167	-0.026349	625000.000000
65.208333	-0.025913	625200.000000
65.312500	-0.028684	625400.000000
65.416667	-0.033878	625600.000000
65.520833	-0.038970	625800.000000
65.625000	-0.041278	626000.000000
65.729167	-0.039026	626200.000000
65.833333	-0.032894	626400.000000
65.937500	-0.024889	626600.000000
66.041667	-0.019164	626800.000000
66.145833	-0.018792	627000.000000
66.250000	-0.023474	627200.000000
66.354167	-0.030043	627400.000000
66.458333	-0.033840	627600.000000
66.562500	-0.031503	627800.000000
66.666667	-0.022890	628000.000000
66.770833	-0.012668	628200.000000
66.875000	-0.006466	628400.000000
66.979167	-0.008292	628600.000000
67.083333	-0.017731	628800.000000
67.187500	-0.030519	629000.000000
67.291667	-0.039754	629200.000000
67.395833	-0.041487	629400.000000
67.500000	-0.036125	629600.000000
67.604167	-0.026760	629800.000000
67.708333	-0.018551	630000.000000
67.812500	-0.016295	630200.000000
67.916667	-0.019319	630400.000000
68.020833	-0.025394	630600.000000
68.125000	-0.029164	630800.000000
68.229167	-0.027339	631000.000000
68.333333	-0.020499	631200.000000
68.437500	-0.012124	631400.000000
68.541667	-0.007052	631600.000000
68.645833	-0.008037	631800.000000
68.750000	-0.015071	632000.000000
68.854167	-0.024567	632200.000000
68.958333	-0.033092	632400.000000
69.062500	-0.037837	632600.000000
69.166667	-0.037218	632800.000000
69.270833	-0.031757	633000.000000
69.375000	-0.023946	633200.000000
69.479167	-0.015884	633400.000000
69.583333	-0.009956	633600.000000
69.687500	-0.007239	633800.000000
69.791667	-0.007477	634000.000000
69.895833	-0.010103	634200.000000
70.000000	-0.012858	634400.000000
70.104167	-0.013985	634600.000000
70.208333	-0.013468	634800.000000
70.312500	-0.012721	635000.000000
70.416667	-0.013077	635200.000000
70.520833	-0.015644	635400.000000
70.625000	-0.020172	635600.000000
70.729167	-0.024945	635800.000000
70.833333	-0.027985	636000.000000
70.937500	-0.029015	636200.000000
71.041667	-0.028679	636400.000000
71.145833	-0.029252	636600.000000
71.250000	-0.031160	636800.000000
71.354167	-0.033255	637000.000000
71.458333	-0.034369	637200.000000
71.562500	-0.034153	637400.000000
71.666667	-0.032721	637600.000000
71.770833	-0.031543	637800.000000
71.875000	-0.031839	638000.000000
71.979167	-0.034109	638200.000000
72.083333	-0.036708	638400.000000
72.187500	-0.037447	638600.000000
72.291667	-0.035388	638800.000000
72.395833	-0.031296	639000.000000
72.500000	-0.028042	639200.000000
72.604167	-0.026721	639400.000000
72.708333	-0.027744	639600.000000
72.812500	-0.030198	639800.000000
72.916667	-0.032333	640000.000000
73.020833	-0.032406	640200.000000
73.125000	-0.028865	640400.000000
73.229167	-0.022200	640600.000000
73.333333	-0.014540	640800.000000
73.437500	-0.009009	641000.000000
73.541667	-0.007248	641200.000000
73.645833	-0.008857	641400.000000
73.750000	-0.011684	641600.000000
73.854167	-0.014137	641800.000000
73.958333	-0.015161	642000.000000
74.062500	-0.015193	642200.000000
74.166667	-0.015990	642400.000000
74.270833	-0.018453	642600.000000
74.375000	-0.022665	642800.000000
74.479167	-0.028348	643000.000000
74.583333	-0.032388	643200.000000
74.687500	-0.032926	643400.000000
74.791667	-0.029615	643600.000000
74.895833	-0.024130	643800.000000
75.000000	-0.019003	644000.000000
75.104167	-0.016411	644200.000000
75.208333	-0.016370	644400.000000
75.312500	-0.018861	644600.000000
75.416667	-0.023641	644800.000000
75.520833	-0.027906	645000.000000
75.625000	-0.029906	645200.000000
75.729167	-0.028705	645400.000000
75.833333	-0.024319	645600.000000
75.937500	-0.019411	645800.000000
76.041667	-0.017181	646000.000000
76.145833	-0.019040	646200.000000
76.250000	-0.024023	646400.000000
76.354167	-0.028366	646600.000000
76.458333	-0.029082	646800.000000
76.562500	-0.024571	647000.000000
76.666667	-0.017280	647200.000000
76.770833	-0.012005	647400.000000
76.875000	-0.011427	647600.000000
76.979167	-0.016068	647800.000000
77.083333	-0.023268	648000.000000
77.187500	-0.028837	648200.000000
77.291667	-0.030011	648400.000000
77.395833	-0.027445	648600.000000
77.500000	-0.023528	648800.000000
77.604167	-0.019971	649000.000000
77.708333	-0.018072	649200.000000
77.812500	-0.019048	649400.000000
77.916667	-0.023736	649600.000000
78.020833	-0.031099	649800.000000
78.125000	-0.037883	650000.000000
78.229167	-0.041020	650200.000000
78.333333	-0.039397	650400.000000
78.437500	-0.034321	650600.000000
78.541667	-0.027802	650800.000000
78.645833	-0.022918	651000.000000
78.750000	-0.020295	651200.000000
78.854167	-0.019090	651400.000000
78.958333	-0.018295	651600.000000
79.062500	-0.018556	651800.000000
79.166667	-0.020791	652000.000000
79.270833	-0.024351	652200.000000
79.375000	-0.027048	652400.000000
79.479167	-0.026729	652600.000000
79.583333	-0.024947	652800.000000
79.687500	-0.024742	653000.000000
79.791667	-0.027077	653200.000000
79.895833	-0.031378	653400.000000
80.000000	-0.034381	653600.000000
80.104167	-0.033904	653800.000000
80.208333	-0.030345	654000.000000
80.312500	-0.026302	654200.000000
80.416667	-0.022803	654400.000000
80.520833	-0.019997	654600.000000
80.625000	-0.018390	654800.000000
80.729167	-0.018137	655000.000000
80.833333	-0.019689	655200.000000
80.937500	-0.022506	655400.000000
81.041667	-0.024825	655600.000000
81.145833	-0.024927	655800.000000
81.250000	-0.023173	656000.000000
81.354167	-0.021506	656200.000000
81.458333	-0.020412	656400.000000
81.562500	-0.020001	656600.000000
81.666667	-0.020180	656800.000000
81.770833	-0.021600	657000.000000
81.875000	-0.023650	657200.000000
81.979167	-0.024862	657400.000000
82.083333	-0.024279	657600.000000
82.187500	-0.021860	657800.000000
82.291667	-0.018670	658000.000000
82.395833	-0.016038	658200.000000
82.500000	-0.015367	658400.000000
82.604167	-0.016551	658600.000000
82.708333	-0.017477	658800.000000
82.812500	-0.017567	659000.000000
82.916667	-0.015953	659200.000000
83.020833	-0.013517	659400.000000
83.125000	-0.012572	659600.000000
83.229167	-0.014506	659800.000000
83.333333	-0.018706	660000.000000
83.437500	-0.023675	660200.000000
83.541667	-0.027784	660400.000000
83.645833	-0.029129	660600.000000
83.750000	-0.027471	660800.000000
83.854167	-0.022889	661000.000000
83.958333	-0.017197	661200.000000
84.062500	-0.012779	661400.000000
84.166667	-0.011355	661600.000000
84.270833	-0.014048	661800.000000
84.375000	-0.017804	662000.000000
84.479167	-0.020753	662200.000000
84.583333	-0.021186	662400.000000
84.687500	-0.019642	662600.000000
84.791667	-0.018011	662800.000000
84.895833	-0.018386	663000.000000
85.000000	-0.021148	663200.000000
85.104167	-0.025348	663400.000000
85.208333	-0.029110	663600.000000
85.312500	-0.030624	663800.000000
85.416667	-0.030163	664000.000000
85.520833	-0.027697	664200.000000
85.625000	-0.023640	664400.000000
85.729167	-0.019416	664600.000000
85.833333	-0.015766	664800.000000
85.937500	-0.015020	665000.000000
86.041667	-0.018143	665200.000000
86.145833	-0.022687	665400.000000
86.250000	-0.026978	665600.000000
86.354167	-0.028361	665800.000000
86.458333	-0.026482	666000.000000
86.562500	-0.023229	666200.000000
86.666667	-0.020916	666400.000000
86.770833	-0.020889	666600.000000
86.875000	-0.022949	666800.000000
86.979167	-0.025427	667000.000000
87.083333	-0.027795	667200.000000
87.187500	-0.028889	667400.000000
87.291667	-0.028704	667600.000000
87.395833	-0.027814	667800.000000
87.500000	-0.026613	668000.000000
87.604167	-0.025243	668200.000000
87.708333	-0.023922	668400.000000
87.812500	-0.022363	668600.000000
87.916667	-0.020800	668800.000000
88.020833	-0.019880	669000.000000
88.125000	-0.019764	669200.000000
88.229167	-0.019766	669400.000000
88.333333	-0.020250	669600.000000
88.437500	-0.021499	669800.000000
88.541667	-0.023846	670000.000000
88.645833	-0.026464	670200.000000
88.750000	-0.028390	670400.000000
88.854167	-0.029145	670600.000000
88.958333	-0.029344	670800.000000
89.062500	-0.029161	671000.000000
89.166667	-0.028770	671200.000000
89.270833	-0.027815	671400.000000
89.375000	-0.025722	671600.000000
89.479167	-0.022312	671800.000000
89.583333	-0.018901	672000.000000
89.687500	-0.016853	672200.000000
89.791667	-0.017035	672400.000000
89.895833	-0.018721	672600.000000
90.000000	-0.020727	672800.000000
90.104167	-0.022529	673000.000000
90.208333	-0.024466	673200.000000
90.312500	-0.026666	673400.000000
90.416667	-0.028357	673600.000000
90.520833	-0.029305	673800.000000
90.625000	-0.029022	674000.000000
90.729167	-0.027584	674200.000000
90.833333	-0.025780	674400.000000
90.937500	-0.024548	674600.000000
91.041667	-0.023763	674800.000000
91.145833	-0.023607	675000.000000
91.250000	-0.023839	675200.000000
91.354167	-0.023661	675400.000000
91.458333	-0.023758	675600.000000
91.562500	-0.024130	675800.000000
91.666667	-0.024604	676000.000000
91.770833	-0.024673	676200.000000
91.875000	-0.024532	676400.000000
91.979167	-0.024437	676600.000000
92.083333	-0.024620	676800.000000
92.187500	-0.024283	677000.000000
92.291667	-0.023879	677200.000000
92.395833	-0.023544	677400.000000
92.500000	-0.024387	677600.000000
92.604167	-0.025626	677800.000000
92.708333	-0.026563	678000.000000
92.812500	-0.025775	678200.000000
92.916667	-0.023607	678400.000000
93.020833	-0.020686	678600.000000
93.125000	-0.018514	678800.000000
93.229167	-0.017778	679000.000000
93.333333	-0.018212	679200.000000
93.437500	-0.019401	679400.000000
93.541667	-0.020363	679600.000000
93.645833	-0.020767	679800.000000
93.750000	-0.021283	680000.000000
93.854167	-0.022381	680200.000000
93.958333	-0.023286	680400.000000
94.062500	-0.024293	680600.000000
94.166667	-0.026038	680800.000000
94.270833	-0.028644	681000.000000
94.375000	-0.031155	681200.000000
94.479167	-0.032093	681400.000000
94.583333	-0.030135	681600.000000
94.687500	-0.026044	681800.000000
94.791667	-0.021339	682000.000000
94.895833	-0.017587	682200.000000
95.000000	-0.015888	682400.000000
95.104167	-0.016535	682600.000000
95.208333	-0.018340	682800.000000
95.312500	-0.021147	683000.000000
95.416667	-0.024243	683200.000000
95.520833	-0.026898	683400.000000
95.625000	-0.027994	683600.000000
95.729167	-0.027495	683800.000000
95.833333	-0.025804	684000.000000
95.937500	-0.024367	684200.000000
96.041667	-0.024292	684400.000000
96.145833	-0.025637	684600.000000
96.250000	-0.027281	684800.000000
96.354167	-0.027427	685000.000000
96.458333	-0.025990	685200.000000
96.562500	-0.023104	685400.000000
96.666667	-0.020481	685600.000000
96.770833	-0.019090	685800.000000
96.875000	-0.019149	686000.000000
96.979167	-0.020164	686200.000000
97.083333	-0.020827	686400.000000
97.187500	-0.020480	686600.000000
97.291667	-0.020218	686800.000000
97.395833	-0.019958	687000.000000
97.500000	-0.019503	687200.000000
97.604167	-0.019473	687400.000000
97.708333	-0.019848	687600.000000
97.812500	-0.021372	687800.000000
97.916667	-0.024033	688000.000000
98.020833	-0.026806	688200.000000
98.125000	-0.028470	688400.000000
98.229167	-0.028225	688600.000000
98.333333	-0.026524	688800.000000
98.437500	-0.024048	689000.000000
98.541667	-0.022641	689200.000000
98.645833	-0.022467	689400.000000
98.750000	-0.022851	689600.000000
98.854167	-0.022902	689800.000000
98.958333	-0.022715	690000.000000
99.062500	-0.022388	690200.000000
99.166667	-0.022445	690400.000000
99.270833	-0.022879	690600.000000
99.375000	-0.024419	690800.000000
99.479167	-0.026431	691000.000000
99.583333	-0.028972	691200.000000
99.687500	-0.030473	691400.000000
99.791667	-0.030441	691600.000000
99.895833	-0.028434	691800.000000
100.000000	-0.024892	692000.000000
100.104167	-0.021526	692200.000000
100.208333	-0.018838	692400.000000
100.312500	-0.018541	692600.000000
100.416667	-0.020142	692800.000000
100.520833	-0.022213	693000.000000
100.625000	-0.023855	693200.000000
100.729167	-0.023872	693400.000000
100.833333	-0.022533	693600.000000
100.937500	-0.020877	693800.000000
101.041667	-0.020133	694000.000000
101.145833	-0.020626	694200.000000
101.250000	-0.021984	694400.000000
101.354167	-0.023281	694600.000000
101.458333	-0.023845	694800.000000
101.562500	-0.023473	695000.000000
101.666667	-0.022335	695200.000000
101.770833	-0.021377	695400.000000
101.875000	-0.021173	695600.000000
101.979167	-0.021373	695800.000000
102.083333	-0.021680	696000.000000
102.187500	-0.022379	696200.000000
102.291667	-0.023486	696400.000000
102.395833	-0.024513	696600.000000
102.500000	-0.024863	696800.000000
102.604167	-0.024607	697000.000000
102.708333	-0.023342	697200.000000
102.812500	-0.022930	697400.000000
102.916667	-0.023273	697600.000000
103.020833	-0.024519	697800.000000
103.125000	-0.026545	698000.000000
103.229167	-0.028270	698200.000000
103.333333	-0.029293	698400.000000
103.437500	-0.029809	698600.000000
103.541667	-0.029900	698800.000000
103.645833	-0.029266	699000.000000
103.750000	-0.027535	699200.000000
103.854167	-0.025110	699400.000000
103.958333	-0.022511	699600.000000
104.062500	-0.020669	699800.000000
104.166667	-0.020393	700000.000000
104.270833	-0.021274	700200.000000
104.375000	-0.022164	700400.000000
104.479167	-0.022997	700600.000000
104.583333	-0.023385	700800.000000
104.687500	-0.023903	701000.000000
104.791667	-0.025070	701200.000000
104.895833	-0.025889	701400.000000
105.000000	-0.026118	701600.000000
105.104167	-0.025212	701800.000000
105.208333	-0.024240	702000.000000
105.312500	-0.023638	702200.000000
105.416667	-0.023070	702400.000000
105.520833	-0.021785	702600.000000
105.625000	-0.019976	702800.000000
105.729167	-0.018501	703000.000000
105.833333	-0.018631	703200.000000
105.937500	-0.019670	703400.000000
106.041667	-0.021650	703600.000000
106.145833	-0.023249	703800.000000
106.250000	-0.024513	704000.000000
106.354167	-0.024747	704200.000000
106.458333	-0.024919	704400.000000
106.562500	-0.025049	704600.000000
106.666667	-0.025231	704800.000000
106.770833	-0.025438	705000.000000
106.875000	-0.025549	705200.000000
106.979167	-0.025305	705400.000000
107.083333	-0.024590	705600.000000
107.187500	-0.023236	705800.000000
107.291667	-0.021582	706000.000000
107.395833	-0.020337	706200.000000
107.500000	-0.019910	706400.000000
107.604167	-0.020689	706600.000000
107.708333	-0.021977	706800.000000
107.812500	-0.022513	707000.000000
107.916667	-0.021937	707200.000000
108.020833	-0.020615	707400.000000
108.125000	-0.018917	707600.000000
108.229167	-0.018064	707800.000000
108.333333	-0.019254	708000.000000
108.437500	-0.021560	708200.000000
108.541667	-0.024721	708400.000000
108.645833	-0.027478	708600.000000
108.750000	-0.029372	708800.000000
108.854167	-0.029424	709000.000000
108.958333	-0.027679	709200.000000
109.062500	-0.024781	709400.000000
109.166667	-0.022408	709600.000000
109.270833	-0.022022	709800.000000
109.375000	-0.023254	710000.000000
109.479167	-0.024866	710200.000000
109.583333	-0.026129	710400.000000
109.687500	-0.026427	710600.000000
109.791667	-0.025347	710800.000000
109.895833	-0.023969	711000.000000
110.000000	-0.023837	711200.000000
110.104167	-0.024576	711400.000000
110.208333	-0.026457	711600.000000
110.312500	-0.028001	711800.000000
110.416667	-0.028422	712000.000000
110.520833	-0.027641	712200.000000
110.625000	-0.025438	712400.000000
110.729167	-0.022531	712600.000000
110.833333	-0.019856	712800.000000
110.937500	-0.018380	713000.000000
111.041667	-0.018284	713200.000000
111.145833	-0.019715	713400.000000
111.250000	-0.021100	713600.000000
111.354167	-0.021907	713800.000000
111.458333	-0.021911	714000.000000
111.562500	-0.021368	714200.000000
111.666667	-0.020794	714400.000000
111.770833	-0.021006	714600.000000
111.875000	-0.021756	714800.000000
111.979167	-0.022246	715000.000000
112.083333	-0.022489	715200.000000
112.187500	-0.022012	715400.000000
112.291667	-0.021813	715600.000000
112.395833	-0.021622	715800.000000
112.500000	-0.022189	716000.000000
112.604167	-0.023140	716200.000000
112.708333	-0.023640	716400.000000
112.812500	-0.023469	716600.000000
112.916667	-0.023109	716800.000000
113.020833	-0.022128	717000.000000
113.125000	-0.021335	717200.000000
113.229167	-0.020328	717400.000000
113.333333	-0.019349	717600.000000
113.437500	-0.018937	717800.000000
113.541667	-0.019072	718000.000000
113.645833	-0.019951	718200.000000
113.750000	-0.020875	718400.000000
113.854167	-0.021423	718600.000000
113.958333	-0.021246	718800.000000
114.062500	-0.021155	719000.000000
114.166667	-0.021774	719200.000000
114.270833	-0.022594	719400.000000
114.375000	-0.022869	719600.000000
114.479167	-0.022093	719800.000000
114.583333	-0.020563	720000.000000
114.687500	-0.018816	720200.000000
114.791667	-0.018197	720400.000000
114.895833	-0.018808	720600.000000
115.000000	-0.020087	720800.000000
115.104167	-0.021864	721000.000000
115.208333	-0.023545	721200.000000
115.312500	-0.024854	721400.000000
115.416667	-0.026266	721600.000000
115.520833	-0.027409	721800.000000
115.625000	-0.028164	722000.000000
115.729167	-0.028175	722200.000000
115.833333	-0.027843	722400.000000
115.937500	-0.027056	722600.000000
116.041667	-0.026674	722800.000000
116.145833	-0.025135	723000.000000
116.250000	-0.023275	723200.000000
116.354167	-0.021282	723400.000000
116.458333	-0.019902	723600.000000
116.562500	-0.019947	723800.000000
116.666667	-0.021095	724000.000000
116.770833	-0.022741	724200.000000
116.875000	-0.023580	724400.000000
116.979167	-0.023310	724600.000000
117.083333	-0.022229	724800.000000
117.187500	-0.020086	725000.000000
117.291667	-0.018839	725200.000000
117.395833	-0.018593	725400.000000
117.500000	-0.019904	725600.000000
117.604167	-0.022011	725800.000000
117.708333	-0.024163	726000.000000
117.812500	-0.025434	726200.000000
117.916667	-0.025950	726400.000000
118.020833	-0.025654	726600.000000
118.125000	-0.025038	726800.000000
118.229167	-0.025022	727000.000000
118.333333	-0.025751	727200.000000
118.437500	-0.027560	727400.000000
118.541667	-0.028830	727600.000000
118.645833	-0.028974	727800.000000
118.750000	-0.027948	728000.000000
118.854167	-0.026006	728200.000000
118.958333	-0.024668	728400.000000
119.062500	-0.024343	728600.000000
119.166667	-0.025535	728800.000000
119.270833	-0.027705	729000.000000
119.375000	-0.030457	729200.000000
119.479167	-0.032096	729400.000000
119.583333	-0.032307	729600.000000
119.687500	-0.030802	729800.000000
119.791667	-0.028671	730000.000000
119.895833	-0.026371	730200.000000
120.000000	-0.024333	730400.000000
120.104167	-0.022549	730600.000000
120.208333	-0.021449	730800.000000
120.312500	-0.020961	731000.000000
120.416667	-0.021005	731200.000000
120.520833	-0.021255	731400.000000
120.625000	-0.022135	731600.000000
120.729167	-0.023006	731800.000000
120.833333	-0.023837	732000.000000
120.937500	-0.024804	732200.000000
121.041667	-0.025333	732400.000000
121.145833	-0.025525	732600.000000
121.250000	-0.024974	732800.000000
121.354167	-0.024365	733000.000000
121.458333	-0.023967	733200.000000
121.562500	-0.023984	733400.000000
121.666667	-0.024842	733600.000000
121.770833	-0.025191	733800.000000
121.875000	-0.025387	734000.000000
121.979167	-0.024299	734200.000000
122.083333	-0.023080	734400.000000
122.187500	-0.021952	734600.000000
122.291667	-0.021724	734800.000000
122.395833	-0.021394	735000.000000
122.500000	-0.021688	735200.000000
122.604167	-0.021778	735400.000000
122.708333	-0.021772	735600.000000
122.812500	-0.021867	735800.000000
122.916667	-0.021881	736000.000000
123.020833	-0.022756	736200.000000
123.125000	-0.023627	736400.000000
123.229167	-0.024109	736600.000000
123.333333	-0.023893	736800.000000
123.437500	-0.023701	737000.000000
123.541667	-0.022990	737200.000000
123.645833	-0.021326	737400.000000
123.750000	-0.019786	737600.000000
123.854167	-0.018678	737800.000000
123.958333	-0.018226	738000.000000
124.062500	-0.018578	738200.000000
124.166667	-0.019526	738400.000000
124.270833	-0.020790	738600.000000
124.375000	-0.021809	738800.000000
124.479167	-0.022362	739000.000000
124.583333	-0.022755	739200.000000
124.687500	-0.023320	739400.000000
124.791667	-0.024586	739600.000000
124.895833	-0.025989	739800.000000
125.000000	-0.026993	740000.000000
125.104167	-0.026799	740200.000000
125.208333	-0.025197	740400.000000
125.312500	-0.022845	740600.000000
125.416667	-0.021168	740800.000000
125.520833	-0.020772	741000.000000
125.625000	-0.021902	741200.000000
125.729167	-0.024130	741400.000000
125.833333	-0.026091	741600.000000
125.937500	-0.027193	741800.000000
126.041667	-0.027299	742000.000000
126.145833	-0.026691	742200.000000
126.250000	-0.025905	742400.000000
126.354167	-0.025198	742600.000000
126.458333	-0.025001	742800.000000
126.562500	-0.025494	743000.000000
126.666667	-0.026280	743200.000000
126.770833	-0.026633	743400.000000
126.875000	-0.026292	743600.000000
126.979167	-0.024903	743800.000000
127.083333	-0.022667	744000.000000
127.187500	-0.021143	744200.000000
127.291667	-0.020354	744400.000000
127.395833	-0.021287	744600.000000
127.500000	-0.022669	744800.000000
127.604167	-0.024357	745000.000000
127.708333	-0.025116	745200.000000
127.812500	-0.024156	745400.000000
127.916667	-0.022836	745600.000000
128.020833	-0.021657	745800.000000
128.125000	-0.020779	746000.000000
128.229167	-0.021143	746200.000000
128.333333	-0.021946	746400.000000
128.437500	-0.023120	746600.000000
128.541667	-0.023815	746800.000000
128.645833	-0.023788	747000.000000
128.750000	-0.023124	747200.000000
128.854167	-0.021706	747400.000000
128.958333	-0.020021	747600.000000
129.062500	-0.019278	747800.000000
129.166667	-0.019297	748000.000000
129.270833	-0.020136	748200.000000
129.375000	-0.021160	748400.000000
129.479167	-0.022016	748600.000000
129.583333	-0.022969	748800.000000
129.687500	-0.024170	749000.000000
129.791667	-0.025629	749200.000000
129.895833	-0.027460	749400.000000
130.000000	-0.029073	749600.000000
130.104167	-0.030032	749800.000000
130.208333	-0.030076	750000.000000
