0.000000	-0.022738	500000.000000
0.104167	-0.022972	500200.000000
0.208333	-0.022791	500400.000000
0.312500	-0.022742	500600.000000
0.416667	-0.022679	500800.000000
0.520833	-0.022877	501000.000000
0.625000	-0.022953	501200.000000
0.729167	-0.023113	501400.000000
0.833333	-0.022802	501600.000000
0.937500	-0.022756	501800.000000
1.041667	-0.022827	502000.000000
1.145833	-0.022950	502200.000000
1.250000	-0.022893	502400.000000
1.354167	-0.022921	502600.000000
1.458333	-0.022826	502800.000000
1.562500	-0.022878	503000.000000
1.666667	-0.022872	503200.000000
1.770833	-0.022955	503400.000000
1.875000	-0.022813	503600.000000
1.979167	-0.022779	503800.000000
2.083333	-0.022976	504000.000000
2.187500	-0.022557	504200.000000
2.291667	-0.022741	504400.000000
2.395833	-0.022734	504600.000000
2.500000	-0.022664	504800.000000
2.604167	-0.022737	505000.000000
2.708333	-0.022670	505200.000000
2.812500	-0.022647	505400.000000
2.916667	-0.022633	505600.000000
3.020833	-0.022913	505800.000000
3.125000	-0.022659	506000.000000
3.229167	-0.022686	506200.000000
3.333333	-0.022694	506400.000000
3.437500	-0.022587	506600.000000
3.541667	-0.022604	506800.000000
3.645833	-0.022756	507000.000000
3.750000	-0.022824	507200.000000
3.854167	-0.022797	507400.000000
3.958333	-0.022733	507600.000000
4.062500	-0.022845	507800.000000
4.166667	-0.022937	508000.000000
4.270833	-0.022917	508200.000000
4.375000	-0.022787	508400.000000
4.479167	-0.022737	508600.000000
4.583333	-0.022882	508800.000000
4.687500	-0.022689	509000.000000
4.791667	-0.022753	509200.000000
4.895833	-0.023073	509400.000000
5.000000	-0.023012	509600.000000
5.104167	-0.023062	509800.000000
5.208333	-0.022998	510000.000000
5.312500	-0.022991	510200.000000
5.416667	-0.023072	510400.000000
5.520833	-0.022921	510600.000000
5.625000	-0.022848	510800.000000
5.729167	-0.022994	511000.000000
5.833333	-0.022869	511200.000000
5.937500	-0.022850	511400.000000
6.041667	-0.022917	511600.000000
6.145833	-0.022979	511800.000000
6.250000	-0.022860	512000.000000
6.354167	-0.022708	512200.000000
6.458333	-0.022829	512400.000000
6.562500	-0.022822	512600.000000
6.666667	-0.022699	512800.000000
6.770833	-0.022902	513000.000000
6.875000	-0.023075	513200.000000
6.979167	-0.022967	513400.000000
7.083333	-0.022946	513600.000000
7.187500	-0.023056	513800.000000
7.291667	-0.022944	514000.000000
7.395833	-0.022721	514200.000000
7.500000	-0.022913	514400.000000
7.604167	-0.022942	514600.000000
7.708333	-0.022944	514800.000000
7.812500	-0.022903	515000.000000
7.916667	-0.023093	515200.000000
8.020833	-0.022852	515400.000000
8.125000	-0.022891	515600.000000
8.229167	-0.022799	515800.000000
8.333333	-0.023110	516000.000000
8.437500	-0.023008	516200.000000
8.541667	-0.022939	516400.000000
8.645833	-0.022978	516600.000000
8.750000	-0.023014	516800.000000
8.854167	-0.023149	517000.000000
8.958333	-0.023000	517200.000000
9.062500	-0.022976	517400.000000
9.166667	-0.023031	517600.000000
9.270833	-0.022938	517800.000000
9.375000	-0.023025	518000.000000
9.479167	-0.023208	518200.000000
9.583333	-0.022969	518400.000000
9.687500	-0.022933	518600.000000
9.791667	-0.023101	518800.000000
9.895833	-0.022976	519000.000000
10.000000	-0.022825	519200.000000
10.104167	-0.022834	519400.000000
10.208333	-0.022886	519600.000000
10.312500	-0.022820	519800.000000
10.416667	-0.022856	520000.000000
10.520833	-0.022923	520200.000000
10.625000	-0.022857	520400.000000
10.729167	-0.023048	520600.000000
10.833333	-0.022912	520800.000000
10.937500	-0.022910	521000.000000
11.041667	-0.022898	521200.000000
11.145833	-0.022901	521400.000000
11.250000	-0.022885	521600.000000
11.354167	-0.022949	521800.000000
11.458333	-0.022875	522000.000000
11.562500	-0.022682	522200.000000
11.666667	-0.022906	522400.000000
11.770833	-0.022647	522600.000000
11.875000	-0.022897	522800.000000
11.979167	-0.022982	523000.000000
12.083333	-0.022964	523200.000000
12.187500	-0.022943	523400.000000
12.291667	-0.023008	523600.000000
12.395833	-0.023110	523800.000000
12.500000	-0.022981	524000.000000
12.604167	-0.023063	524200.000000
12.708333	-0.023191	524400.000000
12.812500	-0.023150	524600.000000
12.916667	-0.023085	524800.000000
13.020833	-0.023198	525000.000000
13.125000	-0.023186	525200.000000
13.229167	-0.023352	525400.000000
13.333333	-0.023336	525600.000000
13.437500	-0.023319	525800.000000
13.541667	-0.023350	526000.000000
13.645833	-0.023331	526200.000000
13.750000	-0.023220	526400.000000
13.854167	-0.023248	526600.000000
13.958333	-0.023230	526800.000000
14.062500	-0.023149	527000.000000
14.166667	-0.023215	527200.000000
14.270833	-0.023182	527400.000000
14.375000	-0.023274	527600.000000
14.479167	-0.023236	527800.000000
14.583333	-0.023286	528000.000000
14.687500	-0.023244	528200.000000
14.791667	-0.023212	528400.000000
14.895833	-0.023247	528600.000000
15.000000	-0.023368	528800.000000
15.104167	-0.023356	529000.000000
15.208333	-0.023434	529200.000000
15.312500	-0.023234	529400.000000
15.416667	-0.023095	529600.000000
15.520833	-0.023277	529800.000000
15.625000	-0.023109	530000.000000
15.729167	-0.023372	530200.000000
15.833333	-0.023277	530400.000000
15.937500	-0.023289	530600.000000
16.041667	-0.023503	530800.000000
16.145833	-0.023516	531000.000000
16.250000	-0.023442	531200.000000
16.354167	-0.023583	531400.000000
16.458333	-0.023778	531600.000000
16.562500	-0.023915	531800.000000
16.666667	-0.023752	532000.000000
16.770833	-0.023737	532200.000000
16.875000	-0.023922	532400.000000
16.979167	-0.024092	532600.000000
17.083333	-0.024238	532800.000000
17.187500	-0.024282	533000.000000
17.291667	-0.024265	533200.000000
17.395833	-0.024543	533400.000000
17.500000	-0.024606	533600.000000
17.604167	-0.024735	533800.000000
17.708333	-0.024913	534000.000000
17.812500	-0.025211	534200.000000
17.916667	-0.025308	534400.000000
18.020833	-0.025468	534600.000000
18.125000	-0.025921	534800.000000
18.229167	-0.025872	535000.000000
18.333333	-0.026156	535200.000000
18.437500	-0.026595	535400.000000
18.541667	-0.026954	535600.000000
18.645833	-0.027534	535800.000000
18.750000	-0.028050	536000.000000
18.854167	-0.028512	536200.000000
18.958333	-0.029252	536400.000000
19.062500	-0.029886	536600.000000
19.166667	-0.030651	536800.000000
19.270833	-0.031326	537000.000000
19.375000	-0.032379	537200.000000
19.479167	-0.033441	537400.000000
19.583333	-0.034679	537600.000000
19.687500	-0.036029	537800.000000
19.791667	-0.037405	538000.000000
19.895833	-0.039166	538200.000000
20.000000	-0.041223	538400.000000
20.104167	-0.043344	538600.000000
20.208333	-0.045642	538800.000000
20.312500	-0.048516	539000.000000
20.416667	-0.051460	539200.000000
20.520833	-0.054574	539400.000000
20.625000	-0.057905	539600.000000
20.729167	-0.061460	539800.000000
20.833333	-0.065340	540000.000000
20.937500	-0.069540	540200.000000
21.041667	-0.073661	540400.000000
21.145833	-0.077949	540600.000000
21.250000	-0.082002	540800.000000
21.354167	-0.085375	541000.000000
21.458333	-0.087830	541200.000000
21.562500	-0.088874	541400.000000
21.666667	-0.087295	541600.000000
21.770833	-0.081713	541800.000000
21.875000	-0.068859	542000.000000
21.979167	-0.040517	542200.000000
22.083333	0.023457	542400.000000
22.187500	0.149037	542600.000000
22.291667	0.371426	542800.000000
22.395833	0.692426	543000.000000
22.500000	1.031086	543200.000000
22.604167	1.259014	543400.000000
22.708333	1.220244	543600.000000
22.812500	0.874281	543800.000000
22.916667	0.325578	544000.000000
23.020833	-0.214133	544200.000000
23.125000	-0.603731	544400.000000
23.229167	-0.786310	544600.000000
23.333333	-0.797283	544800.000000
23.437500	-0.711324	545000.000000
23.541667	-0.600466	545200.000000
23.645833	-0.500379	545400.000000
23.750000	-0.422870	545600.000000
23.854167	-0.361599	545800.000000
23.958333	-0.310385	546000.000000
24.062500	-0.277017	546200.000000
24.166667	-0.266648	546400.000000
24.270833	-0.273742	546600.000000
24.375000	-0.274046	546800.000000
24.479167	-0.239339	547000.000000
24.583333	-0.165558	547200.000000
24.687500	-0.076437	547400.000000
24.791667	-0.009008	547600.000000
24.895833	0.015096	547800.000000
25.000000	0.007884	548000.000000
25.104167	-0.007023	548200.000000
25.208333	-0.013924	548400.000000
25.312500	-0.010285	548600.000000
25.416667	0.002067	548800.000000
25.520833	0.020692	549000.000000
25.625000	0.042661	549200.000000
25.729167	0.063216	549400.000000
25.833333	0.073443	549600.000000
25.937500	0.063077	549800.000000
26.041667	0.030589	550000.000000
26.145833	-0.005256	550200.000000
26.250000	-0.020159	550400.000000
26.354167	-0.003505	550600.000000
26.458333	0.033662	550800.000000
26.562500	0.065008	551000.000000
26.666667	0.068293	551200.000000
26.770833	0.045897	551400.000000
26.875000	0.021712	551600.000000
26.979167	0.015886	551800.000000
27.083333	0.027887	552000.000000
27.187500	0.042767	552200.000000
27.291667	0.047093	552400.000000
27.395833	0.037000	552600.000000
27.500000	0.017832	552800.000000
27.604167	-0.003627	553000.000000
27.708333	-0.022167	553200.000000
27.812500	-0.035907	553400.000000
27.916667	-0.046546	553600.000000
28.020833	-0.050685	553800.000000
28.125000	-0.044040	554000.000000
28.229167	-0.027575	554200.000000
28.333333	-0.011817	554400.000000
28.437500	-0.001187	554600.000000
28.541667	0.005063	554800.000000
28.645833	0.006632	555000.000000
28.750000	0.001594	555200.000000
28.854167	-0.008984	555400.000000
28.958333	-0.021258	555600.000000
29.062500	-0.029680	555800.000000
29.166667	-0.029512	556000.000000
29.270833	-0.021259	556200.000000
29.375000	-0.013359	556400.000000
29.479167	-0.012814	556600.000000
29.583333	-0.021076	556800.000000
29.687500	-0.031362	557000.000000
29.791667	-0.038137	557200.000000
29.895833	-0.037660	557400.000000
30.000000	-0.027420	557600.000000
30.104167	-0.011589	557800.000000
30.208333	0.000538	558000.000000
30.312500	0.004604	558200.000000
30.416667	0.002174	558400.000000
30.520833	-0.002255	558600.000000
30.625000	-0.005459	558800.000000
30.729167	-0.006626	559000.000000
30.833333	-0.009218	559200.000000
30.937500	-0.014805	559400.000000
31.041667	-0.019955	559600.000000
31.145833	-0.019969	559800.000000
31.250000	-0.016320	560000.000000
31.354167	-0.016776	560200.000000
31.458333	-0.026586	560400.000000
31.562500	-0.044457	560600.000000
31.666667	-0.065641	560800.000000
31.770833	-0.081340	561000.000000
31.875000	-0.082988	561200.000000
31.979167	-0.067443	561400.000000
32.083333	-0.041060	561600.000000
32.187500	-0.015127	561800.000000
32.291667	-0.001470	562000.000000
32.395833	-0.001448	562200.000000
32.500000	-0.009947	562400.000000
32.604167	-0.020287	562600.000000
32.708333	-0.028944	562800.000000
32.812500	-0.032485	563000.000000
32.916667	-0.029673	563200.000000
33.020833	-0.023756	563400.000000
33.125000	-0.020117	563600.000000
33.229167	-0.020396	563800.000000
33.333333	-0.022581	564000.000000
33.437500	-0.024783	564200.000000
33.541667	-0.026114	564400.000000
33.645833	-0.023981	564600.000000
33.750000	-0.017846	564800.000000
33.854167	-0.010207	565000.000000
33.958333	-0.000811	565200.000000
34.062500	0.009038	565400.000000
34.166667	0.016152	565600.000000
34.270833	0.016981	565800.000000
34.375000	0.006495	566000.000000
34.479167	-0.014259	566200.000000
34.583333	-0.036968	566400.000000
34.687500	-0.051303	566600.000000
34.791667	-0.047503	566800.000000
34.895833	-0.027340	567000.000000
35.000000	-0.002913	567200.000000
35.104167	0.009489	567400.000000
35.208333	-0.001037	567600.000000
35.312500	-0.022799	567800.000000
35.416667	-0.040718	568000.000000
35.520833	-0.043089	568200.000000
35.625000	-0.028852	568400.000000
35.729167	-0.008244	568600.000000
35.833333	0.006459	568800.000000
35.937500	0.009876	569000.000000
36.041667	0.004576	569200.000000
36.145833	-0.003823	569400.000000
36.250000	-0.014124	569600.000000
36.354167	-0.025574	569800.000000
36.458333	-0.033425	570000.000000
36.562500	-0.031672	570200.000000
36.666667	-0.019876	570400.000000
36.770833	-0.007842	570600.000000
36.875000	-0.007954	570800.000000
36.979167	-0.024189	571000.000000
37.083333	-0.047076	571200.000000
37.187500	-0.060852	571400.000000
37.291667	-0.055294	571600.000000
37.395833	-0.035019	571800.000000
37.500000	-0.012506	572000.000000
37.604167	0.003151	572200.000000
37.708333	0.011849	572400.000000
37.812500	0.012878	572600.000000
37.916667	0.002646	572800.000000
38.020833	-0.021346	573000.000000
38.125000	-0.049935	573200.000000
38.229167	-0.067810	573400.000000
38.333333	-0.066996	573600.000000
38.437500	-0.049711	573800.000000
38.541667	-0.030200	574000.000000
38.645833	-0.025328	574200.000000
38.750000	-0.039061	574400.000000
38.854167	-0.059601	574600.000000
38.958333	-0.066939	574800.000000
39.062500	-0.051062	575000.000000
39.166667	-0.019436	575200.000000
39.270833	0.009674	575400.000000
39.375000	0.025173	575600.000000
39.479167	0.023863	575800.000000
39.583333	0.007873	576000.000000
39.687500	-0.016863	576200.000000
39.791667	-0.040311	576400.000000
39.895833	-0.052479	576600.000000
40.000000	-0.050551	576800.000000
40.104167	-0.038566	577000.000000
40.208333	-0.022695	577200.000000
40.312500	-0.010509	577400.000000
40.416667	-0.008591	577600.000000
40.520833	-0.019813	577800.000000
40.625000	-0.038974	578000.000000
40.729167	-0.054959	578200.000000
40.833333	-0.057762	578400.000000
40.937500	-0.045716	578600.000000
41.041667	-0.026410	578800.000000
41.145833	-0.010532	579000.000000
41.250000	-0.003405	579200.000000
41.354167	-0.005987	579400.000000
41.458333	-0.013773	579600.000000
41.562500	-0.023441	579800.000000
41.666667	-0.031820	580000.000000
41.770833	-0.035849	580200.000000
41.875000	-0.032193	580400.000000
41.979167	-0.022289	580600.000000
42.083333	-0.013762	580800.000000
42.187500	-0.015828	581000.000000
42.291667	-0.031173	581200.000000
42.395833	-0.052078	581400.000000
42.500000	-0.063774	581600.000000
42.604167	-0.058046	581800.000000
42.708333	-0.038945	582000.000000
42.812500	-0.018279	582200.000000
42.916667	-0.006087	582400.000000
43.020833	-0.003425	582600.000000
43.125000	-0.006636	582800.000000
43.229167	-0.010850	583000.000000
43.333333	-0.015730	583200.000000
43.437500	-0.019259	583400.000000
43.541667	-0.021475	583600.000000
43.645833	-0.024906	583800.000000
43.750000	-0.030889	584000.000000
43.854167	-0.038624	584200.000000
43.958333	-0.045490	584400.000000
44.062500	-0.046931	584600.000000
44.166667	-0.041867	584800.000000
44.270833	-0.032050	585000.000000
44.375000	-0.022524	585200.000000
44.479167	-0.016277	585400.000000
44.583333	-0.013564	585600.000000
44.687500	-0.012255	585800.000000
44.791667	-0.011104	586000.000000
44.895833	-0.010820	586200.000000
45.000000	-0.013348	586400.000000
45.104167	-0.018981	586600.000000
45.208333	-0.024668	586800.000000
45.312500	-0.027214	587000.000000
45.416667	-0.024608	587200.000000
45.520833	-0.020545	587400.000000
45.625000	-0.019741	587600.000000
45.729167	-0.023087	587800.000000
45.833333	-0.028802	588000.000000
45.937500	-0.033651	588200.000000
46.041667	-0.033081	588400.000000
46.145833	-0.027083	588600.000000
46.250000	-0.020229	588800.000000
46.354167	-0.016809	589000.000000
46.458333	-0.018360	589200.000000
46.562500	-0.021723	589400.000000
46.666667	-0.022931	589600.000000
46.770833	-0.019640	589800.000000
46.875000	-0.013394	590000.000000
46.979167	-0.007951	590200.000000
47.083333	-0.005768	590400.000000
47.187500	-0.007939	590600.000000
47.291667	-0.014062	590800.000000
47.395833	-0.023692	591000.000000
47.500000	-0.034423	591200.000000
47.604167	-0.041300	591400.000000
47.708333	-0.040630	591600.000000
47.812500	-0.032611	591800.000000
47.916667	-0.024004	592000.000000
48.020833	-0.022292	592200.000000
48.125000	-0.027279	592400.000000
48.229167	-0.030018	592600.000000
48.333333	-0.023629	592800.000000
48.437500	-0.010293	593000.000000
48.541667	0.000224	593200.000000
48.645833	0.002038	593400.000000
48.750000	-0.004299	593600.000000
48.854167	-0.014294	593800.000000
48.958333	-0.024763	594000.000000
49.062500	-0.033306	594200.000000
49.166667	-0.039311	594400.000000
49.270833	-0.041565	594600.000000
49.375000	-0.039603	594800.000000
49.479167	-0.032353	595000.000000
49.583333	-0.021521	595200.000000
49.687500	-0.012336	595400.000000
49.791667	-0.010550	595600.000000
49.895833	-0.016504	595800.000000
50.000000	-0.024606	596000.000000
50.104167	-0.027958	596200.000000
50.208333	-0.024806	596400.000000
50.312500	-0.016307	596600.000000
50.416667	-0.007365	596800.000000
50.520833	-0.002312	597000.000000
50.625000	-0.003493	597200.000000
50.729167	-0.012234	597400.000000
50.833333	-0.026111	597600.000000
50.937500	-0.037876	597800.000000
51.041667	-0.040198	598000.000000
51.145833	-0.031228	598200.000000
51.250000	-0.017952	598400.000000
51.354167	-0.008465	598600.000000
51.458333	-0.008277	598800.000000
51.562500	-0.016636	599000.000000
51.666667	-0.028834	599200.000000
51.770833	-0.036720	599400.000000
51.875000	-0.035611	599600.000000
51.979167	-0.026420	599800.000000
52.083333	-0.013648	600000.000000
52.187500	-0.003162	600200.000000
52.291667	0.001338	600400.000000
52.395833	-0.001068	600600.000000
52.500000	-0.010001	600800.000000
52.604167	-0.021384	601000.000000
52.708333	-0.031464	601200.000000
52.812500	-0.035873	601400.000000
52.916667	-0.036150	601600.000000
53.020833	-0.035031	601800.000000
53.125000	-0.033775	602000.000000
53.229167	-0.030805	602200.000000
53.333333	-0.027316	602400.000000
53.437500	-0.024776	602600.000000
53.541667	-0.023503	602800.000000
53.645833	-0.022099	603000.000000
53.750000	-0.018325	603200.000000
53.854167	-0.013265	603400.000000
53.958333	-0.008190	603600.000000
54.062500	-0.005967	603800.000000
54.166667	-0.008555	604000.000000
54.270833	-0.017076	604200.000000
54.375000	-0.028081	604400.000000
54.479167	-0.036241	604600.000000
54.583333	-0.038666	604800.000000
54.687500	-0.035521	605000.000000
54.791667	-0.030381	605200.000000
54.895833	-0.026469	605400.000000
55.000000	-0.025430	605600.000000
55.104167	-0.026327	605800.000000
55.208333	-0.027982	606000.000000
55.312500	-0.028350	606200.000000
55.416667	-0.025530	606400.000000
55.520833	-0.020048	606600.000000
55.625000	-0.015618	606800.000000
55.729167	-0.016369	607000.000000
55.833333	-0.022065	607200.000000
55.937500	-0.027743	607400.000000
56.041667	-0.028317	607600.000000
56.145833	-0.024875	607800.000000
56.250000	-0.022915	608000.000000
56.354167	-0.025364	608200.000000
56.458333	-0.029645	608400.000000
56.562500	-0.032375	608600.000000
56.666667	-0.032170	608800.000000
56.770833	-0.030783	609000.000000
56.875000	-0.029906	609200.000000
56.979167	-0.029615	609400.000000
57.083333	-0.030210	609600.000000
57.187500	-0.030003	609800.000000
57.291667	-0.028403	610000.000000
57.395833	-0.024542	610200.000000
57.500000	-0.018698	610400.000000
57.604167	-0.013387	610600.000000
57.708333	-0.010347	610800.000000
57.812500	-0.010830	611000.000000
57.916667	-0.015688	611200.000000
58.020833	-0.023987	611400.000000
58.125000	-0.033933	611600.000000
58.229167	-0.040407	611800.000000
58.333333	-0.041395	612000.000000
58.437500	-0.037236	612200.000000
58.541667	-0.031150	612400.000000
58.645833	-0.026378	612600.000000
58.750000	-0.025105	612800.000000
58.854167	-0.025308	613000.000000
58.958333	-0.024834	613200.000000
59.062500	-0.022038	613400.000000
59.166667	-0.016965	613600.000000
59.270833	-0.013766	613800.000000
59.375000	-0.014185	614000.000000
59.479167	-0.016570	614200.000000
59.583333	-0.018539	614400.000000
59.687500	-0.020086	614600.000000
59.791667	-0.022529	614800.000000
59.895833	-0.027953	615000.000000
60.000000	-0.035114	615200.000000
60.104167	-0.038987	615400.000000
60.208333	-0.035896	615600.000000
60.312500	-0.027226	615800.000000
60.416667	-0.018109	616000.000000
60.520833	-0.013425	616200.000000
60.625000	-0.014648	616400.000000
60.729167	-0.019197	616600.000000
60.833333	-0.023055	616800.000000
60.937500	-0.024128	617000.000000
61.041667	-0.022702	617200.000000
61.145833	-0.020065	617400.000000
61.250000	-0.017564	617600.000000
61.354167	-0.015522	617800.000000
61.458333	-0.014003	618000.000000
61.562500	-0.013688	618200.000000
61.666667	-0.014954	618400.000000
61.770833	-0.017365	618600.000000
61.875000	-0.020532	618800.000000
61.979167	-0.024258	619000.000000
62.083333	-0.027750	619200.000000
62.187500	-0.029594	619400.000000
62.291667	-0.028641	619600.000000
62.395833	-0.024930	619800.000000
62.500000	-0.019935	620000.000000
62.604167	-0.016365	620200.000000
62.708333	-0.015073	620400.000000
62.812500	-0.014983	620600.000000
62.916667	-0.015973	620800.000000
63.020833	-0.017408	621000.000000
63.125000	-0.019248	621200.000000
63.229167	-0.018591	621400.000000
63.333333	-0.015007	621600.000000
63.437500	-0.012862	621800.000000
63.541667	-0.016112	622000.000000
63.645833	-0.025113	622200.000000
63.750000	-0.034090	622400.000000
63.854167	-0.037130	622600.000000
63.958333	-0.031991	622800.000000
64.062500	-0.021675	623000.000000
64.166667	-0.011654	623200.000000
64.270833	-0.006313	623400.000000
64.375000	-0.005656	623600.000000
64.479167	-0.007610	623800.000000
64.583333	-0.011046	624000.000000
64.687500	-0.015534	624200.000000
64.791667	-0.020966	624400.000000
64.895833	-0.025394	624600.000000
65.000000	-0.026825	624800.000000
65.104167	-0.026025	625000.000000
65.208333	-0.025872	625200.000000
65.312500	-0.028732	625400.000000
65.416667	-0.034225	625600.000000
65.520833	-0.039164	625800.000000
65.625000	-0.041312	626000.000000
65.729167	-0.039208	626200.000000
65.833333	-0.032840	626400.000000
65.937500	-0.024716	626600.000000
66.041667	-0.019249	626800.000000
66.145833	-0.019132	627000.000000
66.250000	-0.023838	627200.000000
66.354167	-0.030315	627400.000000
66.458333	-0.034157	627600.000000
66.562500	-0.031872	627800.000000
66.666667	-0.023206	628000.000000
66.770833	-0.013063	628200.000000
66.875000	-0.006884	628400.000000
66.979167	-0.008509	628600.000000
67.083333	-0.017877	628800.000000
67.187500	-0.030456	629000.000000
67.291667	-0.039702	629200.000000
67.395833	-0.041720	629400.000000
67.500000	-0.036008	629600.000000
67.604167	-0.026021	629800.000000
67.708333	-0.017749	630000.000000
67.812500	-0.015771	630200.000000
67.916667	-0.019513	630400.000000
68.020833	-0.025849	630600.000000
68.125000	-0.029814	630800.000000
68.229167	-0.027972	631000.000000
68.333333	-0.021167	631200.000000
68.437500	-0.013019	631400.000000
68.541667	-0.007799	631600.000000
68.645833	-0.008394	631800.000000
68.750000	-0.014856	632000.000000
68.854167	-0.024082	632200.000000
68.958333	-0.032612	632400.000000
69.062500	-0.037606	632600.000000
69.166667	-0.037042	632800.000000
69.270833	-0.031563	633000.000000
69.375000	-0.023241	633200.000000
69.479167	-0.015104	633400.000000
69.583333	-0.009281	633600.000000
69.687500	-0.007194	633800.000000
69.791667	-0.008361	634000.000000
69.895833	-0.011303	634200.000000
70.000000	-0.014067	634400.000000
70.104167	-0.014767	634600.000000
70.208333	-0.013695	634800.000000
70.312500	-0.012490	635000.000000
70.416667	-0.012372	635200.000000
70.520833	-0.014931	635400.000000
70.625000	-0.019658	635600.000000
70.729167	-0.025202	635800.000000
70.833333	-0.029019	636000.000000
70.937500	-0.030185	636200.000000
71.041667	-0.029074	636400.000000
71.145833	-0.028740	636600.000000
71.250000	-0.029824	636800.000000
71.354167	-0.032375	637000.000000
71.458333	-0.034368	637200.000000
71.562500	-0.034916	637400.000000
71.666667	-0.034266	637600.000000
71.770833	-0.032799	637800.000000
71.875000	-0.032447	638000.000000
71.979167	-0.034268	638200.000000
72.083333	-0.036675	638400.000000
72.187500	-0.037191	638600.000000
72.291667	-0.035254	638800.000000
72.395833	-0.031370	639000.000000
72.500000	-0.028464	639200.000000
72.604167	-0.027719	639400.000000
72.708333	-0.028233	639600.000000
72.812500	-0.030384	639800.000000
72.916667	-0.031526	640000.000000
73.020833	-0.030898	640200.000000
73.125000	-0.027656	640400.000000
73.229167	-0.021775	640600.000000
73.333333	-0.014951	640800.000000
73.437500	-0.010234	641000.000000
73.541667	-0.008860	641200.000000
73.645833	-0.010003	641400.000000
73.750000	-0.012401	641600.000000
73.854167	-0.014439	641800.000000
73.958333	-0.015182	642000.000000
74.062500	-0.015226	642200.000000
74.166667	-0.016176	642400.000000
74.270833	-0.018746	642600.000000
74.375000	-0.023334	642800.000000
74.479167	-0.028404	643000.000000
74.583333	-0.031907	643200.000000
74.687500	-0.032128	643400.000000
74.791667	-0.029023	643600.000000
74.895833	-0.023658	643800.000000
75.000000	-0.019356	644000.000000
75.104167	-0.017341	644200.000000
75.208333	-0.017328	644400.000000
75.312500	-0.019426	644600.000000
75.416667	-0.023474	644800.000000
75.520833	-0.027916	645000.000000
75.625000	-0.029882	645200.000000
75.729167	-0.029111	645400.000000
75.833333	-0.024731	645600.000000
75.937500	-0.019619	645800.000000
76.041667	-0.017203	646000.000000
76.145833	-0.019052	646200.000000
76.250000	-0.023921	646400.000000
76.354167	-0.028094	646600.000000
76.458333	-0.028766	646800.000000
76.562500	-0.024439	647000.000000
76.666667	-0.017544	647200.000000
76.770833	-0.012392	647400.000000
76.875000	-0.011918	647600.000000
76.979167	-0.016476	647800.000000
77.083333	-0.023307	648000.000000
77.187500	-0.028533	648200.000000
77.291667	-0.029933	648400.000000
77.395833	-0.027925	648600.000000
77.500000	-0.024279	648800.000000
77.604167	-0.020632	649000.000000
77.708333	-0.018663	649200.000000
77.812500	-0.019595	649400.000000
77.916667	-0.024025	649600.000000
78.020833	-0.031051	649800.000000
78.125000	-0.037524	650000.000000
78.229167	-0.040505	650200.000000
78.333333	-0.039194	650400.000000
78.437500	-0.034157	650600.000000
78.541667	-0.027863	650800.000000
78.645833	-0.022944	651000.000000
78.750000	-0.020590	651200.000000
78.854167	-0.019391	651400.000000
78.958333	-0.018517	651600.000000
79.062500	-0.019007	651800.000000
79.166667	-0.021454	652000.000000
79.270833	-0.025405	652200.000000
79.375000	-0.027833	652400.000000
79.479167	-0.026906	652600.000000
79.583333	-0.024646	652800.000000
79.687500	-0.024084	653000.000000
79.791667	-0.026636	653200.000000
79.895833	-0.031360	653400.000000
80.000000	-0.034904	653600.000000
80.104167	-0.034355	653800.000000
80.208333	-0.031086	654000.000000
80.312500	-0.026673	654200.000000
80.416667	-0.022839	654400.000000
80.520833	-0.019962	654600.000000
80.625000	-0.018586	654800.000000
80.729167	-0.018643	655000.000000
80.833333	-0.020094	655200.000000
80.937500	-0.023113	655400.000000
81.041667	-0.025388	655600.000000
81.145833	-0.025249	655800.000000
81.250000	-0.023324	656000.000000
81.354167	-0.021190	656200.000000
81.458333	-0.019859	656400.000000
81.562500	-0.019508	656600.000000
81.666667	-0.019990	656800.000000
81.770833	-0.021863	657000.000000
81.875000	-0.024343	657200.000000
81.979167	-0.025532	657400.000000
82.083333	-0.024397	657600.000000
82.187500	-0.021516	657800.000000
82.291667	-0.017923	658000.000000
82.395833	-0.015172	658200.000000
82.500000	-0.015001	658400.000000
82.604167	-0.016311	658600.000000
82.708333	-0.018072	658800.000000
82.812500	-0.018706	659000.000000
82.916667	-0.017023	659200.000000
83.020833	-0.014670	659400.000000
83.125000	-0.012907	659600.000000
83.229167	-0.013653	659800.000000
83.333333	-0.017649	660000.000000
83.437500	-0.023129	660200.000000
83.541667	-0.027933	660400.000000
83.645833	-0.029668	660600.000000
83.750000	-0.027636	660800.000000
83.854167	-0.022682	661000.000000
83.958333	-0.016563	661200.000000
84.062500	-0.012385	661400.000000
84.166667	-0.011694	661600.000000
84.270833	-0.014144	661800.000000
84.375000	-0.018215	662000.000000
84.479167	-0.021348	662200.000000
84.583333	-0.021859	662400.000000
84.687500	-0.020465	662600.000000
84.791667	-0.018677	662800.000000
84.895833	-0.018369	663000.000000
85.000000	-0.020455	663200.000000
85.104167	-0.024558	663400.000000
85.208333	-0.028497	663600.000000
85.312500	-0.030610	663800.000000
85.416667	-0.030445	664000.000000
85.520833	-0.027827	664200.000000
85.625000	-0.024031	664400.000000
85.729167	-0.019229	664600.000000
85.833333	-0.015594	664800.000000
85.937500	-0.015115	665000.000000
86.041667	-0.017960	665200.000000
86.145833	-0.022921	665400.000000
86.250000	-0.027240	665600.000000
86.354167	-0.028763	665800.000000
86.458333	-0.027193	666000.000000
86.562500	-0.023561	666200.000000
86.666667	-0.020942	666400.000000
86.770833	-0.020523	666600.000000
86.875000	-0.022606	666800.000000
86.979167	-0.025612	667000.000000
87.083333	-0.028218	667200.000000
87.187500	-0.029469	667400.000000
87.291667	-0.029156	667600.000000
87.395833	-0.027790	667800.000000
87.500000	-0.025799	668000.000000
87.604167	-0.024494	668200.000000
87.708333	-0.023568	668400.000000
87.812500	-0.022452	668600.000000
87.916667	-0.021081	668800.000000
88.020833	-0.020077	669000.000000
88.125000	-0.019984	669200.000000
88.229167	-0.020386	669400.000000
88.333333	-0.020694	669600.000000
88.437500	-0.021754	669800.000000
88.541667	-0.023751	670000.000000
88.645833	-0.026227	670200.000000
88.750000	-0.027906	670400.000000
88.854167	-0.029003	670600.000000
88.958333	-0.029310	670800.000000
89.062500	-0.029071	671000.000000
89.166667	-0.028760	671200.000000
89.270833	-0.027911	671400.000000
89.375000	-0.025719	671600.000000
89.479167	-0.022137	671800.000000
89.583333	-0.019051	672000.000000
89.687500	-0.017302	672200.000000
89.791667	-0.017467	672400.000000
89.895833	-0.019123	672600.000000
90.000000	-0.021205	672800.000000
90.104167	-0.023263	673000.000000
90.208333	-0.024729	673200.000000
90.312500	-0.026316	673400.000000
90.416667	-0.028020	673600.000000
90.520833	-0.029014	673800.000000
90.625000	-0.028961	674000.000000
90.729167	-0.027686	674200.000000
90.833333	-0.026175	674400.000000
90.937500	-0.024590	674600.000000
91.041667	-0.023897	674800.000000
91.145833	-0.023810	675000.000000
91.250000	-0.024116	675200.000000
91.354167	-0.023795	675400.000000
91.458333	-0.023726	675600.000000
91.562500	-0.023991	675800.000000
91.666667	-0.024187	676000.000000
91.770833	-0.024488	676200.000000
91.875000	-0.024568	676400.000000
91.979167	-0.024860	676600.000000
92.083333	-0.024999	676800.000000
92.187500	-0.024570	677000.000000
92.291667	-0.023629	677200.000000
92.395833	-0.023102	677400.000000
92.500000	-0.023778	677600.000000
92.604167	-0.025383	677800.000000
92.708333	-0.026681	678000.000000
92.812500	-0.026240	678200.000000
92.916667	-0.023926	678400.000000
93.020833	-0.020856	678600.000000
93.125000	-0.018479	678800.000000
93.229167	-0.017478	679000.000000
93.333333	-0.018115	679200.000000
93.437500	-0.019471	679400.000000
93.541667	-0.020384	679600.000000
93.645833	-0.021369	679800.000000
93.750000	-0.022055	680000.000000
93.854167	-0.022933	680200.000000
93.958333	-0.023715	680400.000000
94.062500	-0.024360	680600.000000
94.166667	-0.025605	680800.000000
94.270833	-0.028071	681000.000000
94.375000	-0.030726	681200.000000
94.479167	-0.031818	681400.000000
94.583333	-0.030187	681600.000000
94.687500	-0.026438	681800.000000
94.791667	-0.021890	682000.000000
94.895833	-0.018261	682200.000000
95.000000	-0.016515	682400.000000
95.104167	-0.016602	682600.000000
95.208333	-0.018126	682800.000000
95.312500	-0.020869	683000.000000
95.416667	-0.024515	683200.000000
95.520833	-0.027498	683400.000000
95.625000	-0.028785	683600.000000
95.729167	-0.027745	683800.000000
95.833333	-0.025419	684000.000000
95.937500	-0.023727	684200.000000
96.041667	-0.023888	684400.000000
96.145833	-0.025385	684600.000000
96.250000	-0.027284	684800.000000
96.354167	-0.028101	685000.000000
96.458333	-0.026507	685200.000000
96.562500	-0.023692	685400.000000
96.666667	-0.020920	685600.000000
96.770833	-0.019068	685800.000000
96.875000	-0.018822	686000.000000
96.979167	-0.019659	686200.000000
97.083333	-0.020445	686400.000000
97.187500	-0.020837	686600.000000
97.291667	-0.020854	686800.000000
97.395833	-0.020474	687000.000000
97.500000	-0.019958	687200.000000
97.604167	-0.019526	687400.000000
97.708333	-0.019559	687600.000000
97.812500	-0.020947	687800.000000
97.916667	-0.023690	688000.000000
98.020833	-0.026612	688200.000000
98.125000	-0.028767	688400.000000
98.229167	-0.028753	688600.000000
98.333333	-0.026898	688800.000000
98.437500	-0.024462	689000.000000
98.541667	-0.022723	689200.000000
98.645833	-0.022050	689400.000000
98.750000	-0.022093	689600.000000
98.854167	-0.022559	689800.000000
98.958333	-0.023015	690000.000000
99.062500	-0.023195	690200.000000
99.166667	-0.023299	690400.000000
99.270833	-0.023842	690600.000000
99.375000	-0.024460	690800.000000
99.479167	-0.026097	691000.000000
99.583333	-0.028115	691200.000000
99.687500	-0.030022	691400.000000
99.791667	-0.030416	691600.000000
99.895833	-0.028718	691800.000000
100.000000	-0.025600	692000.000000
100.104167	-0.021841	692200.000000
100.208333	-0.019349	692400.000000
100.312500	-0.018526	692600.000000
100.416667	-0.019820	692800.000000
100.520833	-0.022149	693000.000000
100.625000	-0.023710	693200.000000
100.729167	-0.023943	693400.000000
100.833333	-0.022925	693600.000000
100.937500	-0.021201	693800.000000
101.041667	-0.020266	694000.000000
101.145833	-0.020657	694200.000000
101.250000	-0.021608	694400.000000
101.354167	-0.022833	694600.000000
101.458333	-0.023580	694800.000000
101.562500	-0.023323	695000.000000
101.666667	-0.022582	695200.000000
101.770833	-0.022143	695400.000000
101.875000	-0.021788	695600.000000
101.979167	-0.021778	695800.000000
102.083333	-0.021895	696000.000000
102.187500	-0.022285	696200.000000
102.291667	-0.023080	696400.000000
102.395833	-0.024349	696600.000000
102.500000	-0.024971	696800.000000
102.604167	-0.024769	697000.000000
102.708333	-0.024220	697200.000000
102.812500	-0.023468	697400.000000
102.916667	-0.023355	697600.000000
103.020833	-0.024665	697800.000000
103.125000	-0.026686	698000.000000
103.229167	-0.028283	698200.000000
103.333333	-0.029770	698400.000000
103.437500	-0.030312	698600.000000
103.541667	-0.030016	698800.000000
103.645833	-0.029257	699000.000000
103.750000	-0.027618	699200.000000
103.854167	-0.025195	699400.000000
103.958333	-0.022496	699600.000000
104.062500	-0.020897	699800.000000
104.166667	-0.020848	700000.000000
104.270833	-0.021650	700200.000000
104.375000	-0.022799	700400.000000
104.479167	-0.023356	700600.000000
104.583333	-0.023656	700800.000000
104.687500	-0.023970	701000.000000
104.791667	-0.025234	701200.000000
104.895833	-0.025958	701400.000000
105.000000	-0.026120	701600.000000
105.104167	-0.025257	701800.000000
105.208333	-0.024226	702000.000000
105.312500	-0.023709	702200.000000
105.416667	-0.023194	702400.000000
105.520833	-0.022308	702600.000000
105.625000	-0.020588	702800.000000
105.729167	-0.019047	703000.000000
105.833333	-0.018683	703200.000000
105.937500	-0.019811	703400.000000
106.041667	-0.021757	703600.000000
106.145833	-0.023570	703800.000000
106.250000	-0.024653	704000.000000
106.354167	-0.025018	704200.000000
106.458333	-0.025011	704400.000000
106.562500	-0.025308	704600.000000
106.666667	-0.025287	704800.000000
106.770833	-0.025685	705000.000000
106.875000	-0.025984	705200.000000
106.979167	-0.025506	705400.000000
107.083333	-0.024590	705600.000000
107.187500	-0.023311	705800.000000
107.291667	-0.021998	706000.000000
107.395833	-0.020572	706200.000000
107.500000	-0.020500	706400.000000
107.604167	-0.021109	706600.000000
107.708333	-0.022071	706800.000000
107.812500	-0.022354	707000.000000
107.916667	-0.021762	707200.000000
108.020833	-0.020301	707400.000000
108.125000	-0.018939	707600.000000
108.229167	-0.018798	707800.000000
108.333333	-0.019924	708000.000000
108.437500	-0.022151	708200.000000
108.541667	-0.024885	708400.000000
108.645833	-0.027193	708600.000000
108.750000	-0.028858	708800.000000
108.854167	-0.029225	709000.000000
108.958333	-0.027513	709200.000000
109.062500	-0.025022	709400.000000
109.166667	-0.022942	709600.000000
109.270833	-0.022593	709800.000000
109.375000	-0.023554	710000.000000
109.479167	-0.025170	710200.000000
109.583333	-0.026261	710400.000000
109.687500	-0.026136	710600.000000
109.791667	-0.025279	710800.000000
109.895833	-0.024264	711000.000000
110.000000	-0.024250	711200.000000
110.104167	-0.025456	711400.000000
110.208333	-0.026985	711600.000000
110.312500	-0.028356	711800.000000
110.416667	-0.028319	712000.000000
110.520833	-0.027202	712200.000000
110.625000	-0.025013	712400.000000
110.729167	-0.022194	712600.000000
110.833333	-0.019987	712800.000000
110.937500	-0.018667	713000.000000
111.041667	-0.019138	713200.000000
111.145833	-0.020334	713400.000000
111.250000	-0.021368	713600.000000
111.354167	-0.021979	713800.000000
111.458333	-0.021607	714000.000000
111.562500	-0.020796	714200.000000
111.666667	-0.020694	714400.000000
111.770833	-0.021410	714600.000000
111.875000	-0.022294	714800.000000
111.979167	-0.023088	715000.000000
112.083333	-0.022975	715200.000000
112.187500	-0.021917	715400.000000
112.291667	-0.021256	715600.000000
112.395833	-0.021478	715800.000000
112.500000	-0.022152	716000.000000
112.604167	-0.023390	716200.000000
112.708333	-0.024219	716400.000000
112.812500	-0.024050	716600.000000
112.916667	-0.023097	716800.000000
113.020833	-0.022309	717000.000000
113.125000	-0.021115	717200.000000
113.229167	-0.020251	717400.000000
113.333333	-0.019615	717600.000000
113.437500	-0.018954	717800.000000
113.541667	-0.019388	718000.000000
113.645833	-0.020681	718200.000000
113.750000	-0.021761	718400.000000
113.854167	-0.021895	718600.000000
113.958333	-0.021226	718800.000000
114.062500	-0.020852	719000.000000
114.166667	-0.021528	719200.000000
114.270833	-0.022765	719400.000000
114.375000	-0.022943	719600.000000
114.479167	-0.022423	719800.000000
114.583333	-0.020793	720000.000000
114.687500	-0.019232	720200.000000
114.791667	-0.018568	720400.000000
114.895833	-0.018884	720600.000000
115.000000	-0.019799	720800.000000
115.104167	-0.021410	721000.000000
115.208333	-0.023448	721200.000000
115.312500	-0.024938	721400.000000
115.416667	-0.026566	721600.000000
115.520833	-0.028048	721800.000000
115.625000	-0.028408	722000.000000
115.729167	-0.027861	722200.000000
115.833333	-0.026949	722400.000000
115.937500	-0.026717	722600.000000
116.041667	-0.026221	722800.000000
116.145833	-0.025463	723000.000000
116.250000	-0.023757	723200.000000
116.354167	-0.021533	723400.000000
116.458333	-0.019994	723600.000000
116.562500	-0.019774	723800.000000
116.666667	-0.020942	724000.000000
116.770833	-0.022721	724200.000000
116.875000	-0.023535	724400.000000
116.979167	-0.023213	724600.000000
117.083333	-0.021835	724800.000000
117.187500	-0.020406	725000.000000
117.291667	-0.019149	725200.000000
117.395833	-0.018924	725400.000000
117.500000	-0.019764	725600.000000
117.604167	-0.021843	725800.000000
117.708333	-0.023886	726000.000000
117.812500	-0.025559	726200.000000
117.916667	-0.026067	726400.000000
118.020833	-0.025699	726600.000000
118.125000	-0.025411	726800.000000
118.229167	-0.025398	727000.000000
118.333333	-0.026215	727200.000000
118.437500	-0.027709	727400.000000
118.541667	-0.029012	727600.000000
118.645833	-0.029132	727800.000000
118.750000	-0.028043	728000.000000
118.854167	-0.026380	728200.000000
118.958333	-0.025011	728400.000000
119.062500	-0.024897	728600.000000
119.166667	-0.025836	728800.000000
119.270833	-0.027868	729000.000000
119.375000	-0.030362	729200.000000
119.479167	-0.032054	729400.000000
119.583333	-0.032178	729600.000000
119.687500	-0.030903	729800.000000
119.791667	-0.028899	730000.000000
119.895833	-0.026592	730200.000000
120.000000	-0.024400	730400.000000
120.104167	-0.022639	730600.000000
120.208333	-0.021486	730800.000000
120.312500	-0.021089	731000.000000
120.416667	-0.021180	731200.000000
120.520833	-0.021578	731400.000000
120.625000	-0.022352	731600.000000
120.729167	-0.022867	731800.000000
120.833333	-0.023671	732000.000000
120.937500	-0.024858	732200.000000
121.041667	-0.025563	732400.000000
121.145833	-0.025623	732600.000000
121.250000	-0.025506	732800.000000
121.354167	-0.024626	733000.000000
121.458333	-0.023910	733200.000000
121.562500	-0.023966	733400.000000
121.666667	-0.024732	733600.000000
121.770833	-0.025485	733800.000000
121.875000	-0.025234	734000.000000
121.979167	-0.024694	734200.000000
122.083333	-0.023415	734400.000000
122.187500	-0.022218	734600.000000
122.291667	-0.021658	734800.000000
122.395833	-0.021318	735000.000000
122.500000	-0.021477	735200.000000
122.604167	-0.021652	735400.000000
122.708333	-0.021755	735600.000000
122.812500	-0.021939	735800.000000
122.916667	-0.022514	736000.000000
123.020833	-0.023166	736200.000000
123.125000	-0.023990	736400.000000
123.229167	-0.024453	736600.000000
123.333333	-0.024121	736800.000000
123.437500	-0.023537	737000.000000
123.541667	-0.022857	737200.000000
123.645833	-0.021622	737400.000000
123.750000	-0.019981	737600.000000
123.854167	-0.019078	737800.000000
123.958333	-0.018736	738000.000000
124.062500	-0.018878	738200.000000
124.166667	-0.019533	738400.000000
124.270833	-0.020418	738600.000000
124.375000	-0.021444	738800.000000
124.479167	-0.022383	739000.000000
124.583333	-0.023049	739200.000000
124.687500	-0.023916	739400.000000
124.791667	-0.025202	739600.000000
124.895833	-0.026408	739800.000000
125.000000	-0.027245	740000.000000
125.104167	-0.026651	740200.000000
125.208333	-0.024980	740400.000000
125.312500	-0.022959	740600.000000
125.416667	-0.021269	740800.000000
125.520833	-0.021035	741000.000000
125.625000	-0.022371	741200.000000
125.729167	-0.024333	741400.000000
125.833333	-0.026214	741600.000000
125.937500	-0.027131	741800.000000
126.041667	-0.027175	742000.000000
126.145833	-0.026542	742200.000000
126.250000	-0.025726	742400.000000
126.354167	-0.025285	742600.000000
126.458333	-0.025401	742800.000000
126.562500	-0.026101	743000.000000
126.666667	-0.026415	743200.000000
126.770833	-0.026664	743400.000000
126.875000	-0.026028	743600.000000
126.979167	-0.024584	743800.000000
127.083333	-0.022510	744000.000000
127.187500	-0.021216	744200.000000
127.291667	-0.020489	744400.000000
127.395833	-0.021527	744600.000000
127.500000	-0.023316	744800.000000
127.604167	-0.024622	745000.000000
127.708333	-0.024925	745200.000000
127.812500	-0.023806	745400.000000
127.916667	-0.022242	745600.000000
128.020833	-0.021389	745800.000000
128.125000	-0.021227	746000.000000
128.229167	-0.021684	746200.000000
128.333333	-0.022560	746400.000000
128.437500	-0.023464	746600.000000
128.541667	-0.023800	746800.000000
128.645833	-0.023722	747000.000000
128.750000	-0.022807	747200.000000
128.854167	-0.021379	747400.000000
128.958333	-0.020021	747600.000000
129.062500	-0.019381	747800.000000
129.166667	-0.019613	748000.000000
129.270833	-0.020520	748200.000000
129.375000	-0.021587	748400.000000
129.479167	-0.022393	748600.000000
129.583333	-0.022779	748800.000000
129.687500	-0.023710	749000.000000
129.791667	-0.025311	749200.000000
129.895833	-0.027268	749400.000000
130.000000	-0.029340	749600.000000
130.104167	-0.030319	749800.000000
130.208333	-0.030413	750000.000000
