0.000000	-0.021516	500000.000000
0.104167	-0.021513	500200.000000
0.208333	-0.021239	500400.000000
0.312500	-0.021351	500600.000000
0.416667	-0.021329	500800.000000
0.520833	-0.021308	501000.000000
0.625000	-0.021384	501200.000000
0.729167	-0.021347	501400.000000
0.833333	-0.021323	501600.000000
0.937500	-0.021408	501800.000000
1.041667	-0.021224	502000.000000
1.145833	-0.021394	502200.000000
1.250000	-0.021296	502400.000000
1.354167	-0.021316	502600.000000
1.458333	-0.021431	502800.000000
1.562500	-0.021337	503000.000000
1.666667	-0.021278	503200.000000
1.770833	-0.021314	503400.000000
1.875000	-0.021260	503600.000000
1.979167	-0.021352	503800.000000
2.083333	-0.021401	504000.000000
2.187500	-0.021401	504200.000000
2.291667	-0.021276	504400.000000
2.395833	-0.021603	504600.000000
2.500000	-0.021327	504800.000000
2.604167	-0.021282	505000.000000
2.708333	-0.021290	505200.000000
2.812500	-0.021335	505400.000000
2.916667	-0.021221	505600.000000
3.020833	-0.021185	505800.000000
3.125000	-0.021255	506000.000000
3.229167	-0.021258	506200.000000
3.333333	-0.021431	506400.000000
3.437500	-0.021235	506600.000000
3.541667	-0.021143	506800.000000
3.645833	-0.021167	507000.000000
3.750000	-0.021355	507200.000000
3.854167	-0.021282	507400.000000
3.958333	-0.021359	507600.000000
4.062500	-0.021320	507800.000000
4.166667	-0.021232	508000.000000
4.270833	-0.021151	508200.000000
4.375000	-0.021281	508400.000000
4.479167	-0.021381	508600.000000
4.583333	-0.021257	508800.000000
4.687500	-0.021150	509000.000000
4.791667	-0.021223	509200.000000
4.895833	-0.021336	509400.000000
5.000000	-0.021304	509600.000000
5.104167	-0.021250	509800.000000
5.208333	-0.021101	510000.000000
5.312500	-0.021163	510200.000000
5.416667	-0.021235	510400.000000
5.520833	-0.021224	510600.000000
5.625000	-0.021255	510800.000000
5.729167	-0.021294	511000.000000
5.833333	-0.021317	511200.000000
5.937500	-0.021457	511400.000000
6.041667	-0.021462	511600.000000
6.145833	-0.021479	511800.000000
6.250000	-0.021401	512000.000000
6.354167	-0.021473	512200.000000
6.458333	-0.021420	512400.000000
6.562500	-0.021565	512600.000000
6.666667	-0.021525	512800.000000
6.770833	-0.021258	513000.000000
6.875000	-0.021261	513200.000000
6.979167	-0.021315	513400.000000
7.083333	-0.021380	513600.000000
7.187500	-0.021173	513800.000000
7.291667	-0.021393	514000.000000
7.395833	-0.021326	514200.000000
7.500000	-0.021270	514400.000000
7.604167	-0.021563	514600.000000
7.708333	-0.021179	514800.000000
7.812500	-0.021285	515000.000000
7.916667	-0.021418	515200.000000
8.020833	-0.021399	515400.000000
8.125000	-0.021371	515600.000000
8.229167	-0.021433	515800.000000
8.333333	-0.021435	516000.000000
8.437500	-0.021449	516200.000000
8.541667	-0.021469	516400.000000
8.645833	-0.021314	516600.000000
8.750000	-0.021509	516800.000000
8.854167	-0.021493	517000.000000
8.958333	-0.021314	517200.000000
9.062500	-0.021563	517400.000000
9.166667	-0.021546	517600.000000
9.270833	-0.021397	517800.000000
9.375000	-0.021584	518000.000000
9.479167	-0.021342	518200.000000
9.583333	-0.021195	518400.000000
9.687500	-0.021405	518600.000000
9.791667	-0.021400	518800.000000
9.895833	-0.021366	519000.000000
10.000000	-0.021537	519200.000000
10.104167	-0.021344	519400.000000
10.208333	-0.021384	519600.000000
10.312500	-0.021358	519800.000000
10.416667	-0.021316	520000.000000
10.520833	-0.021370	520200.000000
10.625000	-0.021379	520400.000000
10.729167	-0.021313	520600.000000
10.833333	-0.021321	520800.000000
10.937500	-0.021377	521000.000000
11.041667	-0.021203	521200.000000
11.145833	-0.021382	521400.000000
11.250000	-0.021172	521600.000000
11.354167	-0.021100	521800.000000
11.458333	-0.021499	522000.000000
11.562500	-0.021513	522200.000000
11.666667	-0.021357	522400.000000
11.770833	-0.021425	522600.000000
11.875000	-0.021276	522800.000000
11.979167	-0.021156	523000.000000
12.083333	-0.021377	523200.000000
12.187500	-0.021282	523400.000000
12.291667	-0.021427	523600.000000
12.395833	-0.021539	523800.000000
12.500000	-0.021265	524000.000000
12.604167	-0.021430	524200.000000
12.708333	-0.021532	524400.000000
12.812500	-0.021383	524600.000000
12.916667	-0.021249	524800.000000
13.020833	-0.021303	525000.000000
13.125000	-0.021406	525200.000000
13.229167	-0.021384	525400.000000
13.333333	-0.021424	525600.000000
13.437500	-0.021339	525800.000000
13.541667	-0.021649	526000.000000
13.645833	-0.021681	526200.000000
13.750000	-0.021585	526400.000000
13.854167	-0.021726	526600.000000
13.958333	-0.021737	526800.000000
14.062500	-0.021600	527000.000000
14.166667	-0.021733	527200.000000
14.270833	-0.021671	527400.000000
14.375000	-0.021640	527600.000000
14.479167	-0.021606	527800.000000
14.583333	-0.021863	528000.000000
14.687500	-0.021991	528200.000000
14.791667	-0.021918	528400.000000
14.895833	-0.021816	528600.000000
15.000000	-0.022019	528800.000000
15.104167	-0.022118	529000.000000
15.208333	-0.021928	529200.000000
15.312500	-0.021982	529400.000000
15.416667	-0.021803	529600.000000
15.520833	-0.021917	529800.000000
15.625000	-0.021943	530000.000000
15.729167	-0.022069	530200.000000
15.833333	-0.021932	530400.000000
15.937500	-0.022078	530600.000000
16.041667	-0.022250	530800.000000
16.145833	-0.022185	531000.000000
16.250000	-0.022392	531200.000000
16.354167	-0.022541	531400.000000
16.458333	-0.022380	531600.000000
16.562500	-0.022526	531800.000000
16.666667	-0.022611	532000.000000
16.770833	-0.022226	532200.000000
16.875000	-0.022580	532400.000000
16.979167	-0.022868	532600.000000
17.083333	-0.022904	532800.000000
17.187500	-0.023142	533000.000000
17.291667	-0.023393	533200.000000
17.395833	-0.023407	533400.000000
17.500000	-0.023570	533600.000000
17.604167	-0.023833	533800.000000
17.708333	-0.024066	534000.000000
17.812500	-0.024290	534200.000000
17.916667	-0.024686	534400.000000
18.020833	-0.024941	534600.000000
18.125000	-0.025381	534800.000000
18.229167	-0.025638	535000.000000
18.333333	-0.025781	535200.000000
18.437500	-0.026327	535400.000000
18.541667	-0.026883	535600.000000
18.645833	-0.027434	535800.000000
18.750000	-0.028215	536000.000000
18.854167	-0.029042	536200.000000
18.958333	-0.029532	536400.000000
19.062500	-0.030693	536600.000000
19.166667	-0.031756	536800.000000
19.270833	-0.032860	537000.000000
19.375000	-0.034310	537200.000000
19.479167	-0.035707	537400.000000
19.583333	-0.037117	537600.000000
19.687500	-0.038982	537800.000000
19.791667	-0.041068	538000.000000
19.895833	-0.043428	538200.000000
20.000000	-0.045964	538400.000000
20.104167	-0.048883	538600.000000
20.208333	-0.052122	538800.000000
20.312500	-0.055745	539000.000000
20.416667	-0.059472	539200.000000
20.520833	-0.063496	539400.000000
20.625000	-0.067259	539600.000000
20.729167	-0.071767	539800.000000
20.833333	-0.076403	540000.000000
20.937500	-0.080298	540200.000000
21.041667	-0.084691	540400.000000
21.145833	-0.088273	540600.000000
21.250000	-0.091020	540800.000000
21.354167	-0.093038	541000.000000
21.458333	-0.093560	541200.000000
21.562500	-0.091708	541400.000000
21.666667	-0.085929	541600.000000
21.770833	-0.071453	541800.000000
21.875000	-0.037310	542000.000000
21.979167	0.036451	542200.000000
22.083333	0.180863	542400.000000
22.187500	0.408010	542600.000000
22.291667	0.705535	542800.000000
22.395833	1.000808	543000.000000
22.500000	1.167808	543200.000000
22.604167	1.115124	543400.000000
22.708333	0.827216	543600.000000
22.812500	0.387035	543800.000000
22.916667	-0.071616	544000.000000
23.020833	-0.416314	544200.000000
23.125000	-0.607757	544400.000000
23.229167	-0.658906	544600.000000
23.333333	-0.626976	544800.000000
23.437500	-0.567929	545000.000000
23.541667	-0.514151	545200.000000
23.645833	-0.461077	545400.000000
23.750000	-0.402059	545600.000000
23.854167	-0.344120	545800.000000
23.958333	-0.301175	546000.000000
24.062500	-0.287278	546200.000000
24.166667	-0.293458	546400.000000
24.270833	-0.289841	546600.000000
24.375000	-0.248804	546800.000000
24.479167	-0.162939	547000.000000
24.583333	-0.061145	547200.000000
24.687500	0.017779	547400.000000
24.791667	0.048292	547600.000000
24.895833	0.033901	547800.000000
25.000000	-0.001747	548000.000000
25.104167	-0.029947	548200.000000
25.208333	-0.036492	548400.000000
25.312500	-0.021486	548600.000000
25.416667	0.004098	548800.000000
25.520833	0.031246	549000.000000
25.625000	0.049706	549200.000000
25.729167	0.048688	549400.000000
25.833333	0.023845	549600.000000
25.937500	-0.017192	549800.000000
26.041667	-0.054336	550000.000000
26.145833	-0.065783	550200.000000
26.250000	-0.043790	550400.000000
26.354167	-0.002313	550600.000000
26.458333	0.030907	550800.000000
26.562500	0.037182	551000.000000
26.666667	0.020535	551200.000000
26.770833	0.001134	551400.000000
26.875000	-0.002122	551600.000000
26.979167	0.015473	551800.000000
27.083333	0.042052	552000.000000
27.187500	0.058137	552200.000000
27.291667	0.051951	552400.000000
27.395833	0.026508	552600.000000
27.500000	-0.003921	552800.000000
27.604167	-0.027621	553000.000000
27.708333	-0.041555	553200.000000
27.812500	-0.046868	553400.000000
27.916667	-0.045883	553600.000000
28.020833	-0.040106	553800.000000
28.125000	-0.028847	554000.000000
28.229167	-0.011403	554200.000000
28.333333	0.009515	554400.000000
28.437500	0.028717	554600.000000
28.541667	0.038035	554800.000000
28.645833	0.032542	555000.000000
28.750000	0.015120	555200.000000
28.854167	-0.005076	555400.000000
28.958333	-0.019155	555600.000000
29.062500	-0.021246	555800.000000
29.166667	-0.014984	556000.000000
29.270833	-0.008960	556200.000000
29.375000	-0.009613	556400.000000
29.479167	-0.018717	556600.000000
29.583333	-0.031498	556800.000000
29.687500	-0.041011	557000.000000
29.791667	-0.041608	557200.000000
29.895833	-0.032324	557400.000000
30.000000	-0.017058	557600.000000
30.104167	-0.002546	557800.000000
30.208333	0.005353	558000.000000
30.312500	0.006408	558200.000000
30.416667	0.003751	558400.000000
30.520833	0.000817	558600.000000
30.625000	-0.000509	558800.000000
30.729167	-0.001832	559000.000000
30.833333	-0.004461	559200.000000
30.937500	-0.006665	559400.000000
31.041667	-0.006979	559600.000000
31.145833	-0.006660	559800.000000
31.250000	-0.009664	560000.000000
31.354167	-0.021280	560200.000000
31.458333	-0.044238	560400.000000
31.562500	-0.072642	560600.000000
31.666667	-0.095501	560800.000000
31.770833	-0.099275	561000.000000
31.875000	-0.079171	561200.000000
31.979167	-0.043607	561400.000000
32.083333	-0.009640	561600.000000
32.187500	0.010620	561800.000000
32.291667	0.011923	562000.000000
32.395833	-0.000411	562200.000000
32.500000	-0.017400	562400.000000
32.604167	-0.030280	562600.000000
32.708333	-0.035301	562800.000000
32.812500	-0.034517	563000.000000
32.916667	-0.031775	563200.000000
33.020833	-0.029925	563400.000000
33.125000	-0.029817	563600.000000
33.229167	-0.031170	563800.000000
33.333333	-0.033153	564000.000000
33.437500	-0.034173	564200.000000
33.541667	-0.032017	564400.000000
33.645833	-0.026482	564600.000000
33.750000	-0.016561	564800.000000
33.854167	-0.002669	565000.000000
33.958333	0.012517	565200.000000
34.062500	0.023766	565400.000000
34.166667	0.024545	565600.000000
34.270833	0.010203	565800.000000
34.375000	-0.016999	566000.000000
34.479167	-0.045339	566200.000000
34.583333	-0.061513	566400.000000
34.687500	-0.055498	566600.000000
34.791667	-0.030936	566800.000000
34.895833	-0.002301	567000.000000
35.000000	0.011454	567200.000000
35.104167	0.002528	567400.000000
35.208333	-0.021409	567600.000000
35.312500	-0.041815	567800.000000
35.416667	-0.044632	568000.000000
35.520833	-0.027358	568200.000000
35.625000	-0.000543	568400.000000
35.729167	0.021736	568600.000000
35.833333	0.030576	568800.000000
35.937500	0.026139	569000.000000
36.041667	0.014484	569200.000000
36.145833	0.000400	569400.000000
36.250000	-0.010712	569600.000000
36.354167	-0.015396	569800.000000
36.458333	-0.011720	570000.000000
36.562500	-0.003511	570200.000000
36.666667	0.001828	570400.000000
36.770833	-0.005120	570600.000000
36.875000	-0.024785	570800.000000
36.979167	-0.048475	571000.000000
37.083333	-0.062161	571200.000000
37.187500	-0.058316	571400.000000
37.291667	-0.038103	571600.000000
37.395833	-0.011798	571800.000000
37.500000	0.013758	572000.000000
37.604167	0.028819	572200.000000
37.708333	0.027898	572400.000000
37.812500	0.010762	572600.000000
37.916667	-0.016426	572800.000000
38.020833	-0.043987	573000.000000
38.125000	-0.059350	573200.000000
38.229167	-0.057018	573400.000000
38.333333	-0.041981	573600.000000
38.437500	-0.028623	573800.000000
38.541667	-0.030327	574000.000000
38.645833	-0.048394	574200.000000
38.750000	-0.068839	574400.000000
38.854167	-0.075206	574600.000000
38.958333	-0.059581	574800.000000
39.062500	-0.025932	575000.000000
39.166667	0.011522	575200.000000
39.270833	0.034874	575400.000000
39.375000	0.035059	575600.000000
39.479167	0.013271	575800.000000
39.583333	-0.017366	576000.000000
39.687500	-0.041995	576200.000000
39.791667	-0.050807	576400.000000
39.895833	-0.044595	576600.000000
40.000000	-0.030182	576800.000000
40.104167	-0.016665	577000.000000
40.208333	-0.010174	577200.000000
40.312500	-0.013285	577400.000000
40.416667	-0.024950	577600.000000
40.520833	-0.040118	577800.000000
40.625000	-0.051835	578000.000000
40.729167	-0.054902	578200.000000
40.833333	-0.046491	578400.000000
40.937500	-0.029506	578600.000000
41.041667	-0.011426	578800.000000
41.145833	-0.000635	579000.000000
41.250000	-0.000462	579200.000000
41.354167	-0.008305	579400.000000
41.458333	-0.018580	579600.000000
41.562500	-0.026103	579800.000000
41.666667	-0.027490	580000.000000
41.770833	-0.023470	580200.000000
41.875000	-0.018799	580400.000000
41.979167	-0.018899	580600.000000
42.083333	-0.026947	580800.000000
42.187500	-0.041197	581000.000000
42.291667	-0.054924	581200.000000
42.395833	-0.061076	581400.000000
42.500000	-0.055405	581600.000000
42.604167	-0.041102	581800.000000
42.708333	-0.023304	582000.000000
42.812500	-0.008705	582200.000000
42.916667	-0.001570	582400.000000
43.020833	-0.001596	582600.000000
43.125000	-0.005657	582800.000000
43.229167	-0.009159	583000.000000
43.333333	-0.010819	583200.000000
43.437500	-0.012843	583400.000000
43.541667	-0.019415	583600.000000
43.645833	-0.031917	583800.000000
43.750000	-0.046448	584000.000000
43.854167	-0.055743	584200.000000
43.958333	-0.054970	584400.000000
44.062500	-0.044283	584600.000000
44.166667	-0.030024	584800.000000
44.270833	-0.019291	585000.000000
44.375000	-0.015071	585200.000000
44.479167	-0.014727	585400.000000
44.583333	-0.013576	585600.000000
44.687500	-0.010716	585800.000000
44.791667	-0.007491	586000.000000
44.895833	-0.007847	586200.000000
45.000000	-0.011709	586400.000000
45.104167	-0.016632	586600.000000
45.208333	-0.018709	586800.000000
45.312500	-0.017999	587000.000000
45.416667	-0.017793	587200.000000
45.520833	-0.021217	587400.000000
45.625000	-0.027997	587600.000000
45.729167	-0.034852	587800.000000
45.833333	-0.037337	588000.000000
45.937500	-0.033676	588200.000000
46.041667	-0.026506	588400.000000
46.145833	-0.020878	588600.000000
46.250000	-0.019241	588800.000000
46.354167	-0.021194	589000.000000
46.458333	-0.023796	589200.000000
46.562500	-0.023553	589400.000000
46.666667	-0.018906	589600.000000
46.770833	-0.011930	589800.000000
46.875000	-0.005104	590000.000000
46.979167	-0.001523	590200.000000
47.083333	-0.003424	590400.000000
47.187500	-0.011560	590600.000000
47.291667	-0.024656	590800.000000
47.395833	-0.038369	591000.000000
47.500000	-0.045784	591200.000000
47.604167	-0.043900	591400.000000
47.708333	-0.036032	591600.000000
47.812500	-0.029015	591800.000000
47.916667	-0.027095	592000.000000
48.020833	-0.028251	592200.000000
48.125000	-0.026242	592400.000000
48.229167	-0.017861	592600.000000
48.333333	-0.005398	592800.000000
48.437500	0.005237	593000.000000
48.541667	0.008120	593200.000000
48.645833	0.001444	593400.000000
48.750000	-0.011212	593600.000000
48.854167	-0.025066	593800.000000
48.958333	-0.036083	594000.000000
49.062500	-0.042819	594200.000000
49.166667	-0.045081	594400.000000
49.270833	-0.042134	594600.000000
49.375000	-0.034670	594800.000000
49.479167	-0.025255	595000.000000
49.583333	-0.017515	595200.000000
49.687500	-0.014646	595400.000000
49.791667	-0.017640	595600.000000
49.895833	-0.021974	595800.000000
50.000000	-0.023910	596000.000000
50.104167	-0.020753	596200.000000
50.208333	-0.013367	596400.000000
50.312500	-0.004359	596600.000000
50.416667	0.000433	596800.000000
50.520833	-0.002078	597000.000000
50.625000	-0.012528	597200.000000
50.729167	-0.025802	597400.000000
50.833333	-0.034957	597600.000000
50.937500	-0.036114	597800.000000
51.041667	-0.029879	598000.000000
51.145833	-0.020685	598200.000000
51.250000	-0.014601	598400.000000
51.354167	-0.014718	598600.000000
51.458333	-0.020525	598800.000000
51.562500	-0.028403	599000.000000
51.666667	-0.032929	599200.000000
51.770833	-0.030752	599400.000000
51.875000	-0.022430	599600.000000
51.979167	-0.011102	599800.000000
52.083333	-0.000710	600000.000000
52.187500	0.004394	600200.000000
52.291667	0.002674	600400.000000
52.395833	-0.004212	600600.000000
52.500000	-0.013131	600800.000000
52.604167	-0.021157	601000.000000
52.708333	-0.028433	601200.000000
52.812500	-0.035039	601400.000000
52.916667	-0.040467	601600.000000
53.020833	-0.042286	601800.000000
53.125000	-0.039564	602000.000000
53.229167	-0.032253	602200.000000
53.333333	-0.023321	602400.000000
53.437500	-0.016233	602600.000000
53.541667	-0.011596	602800.000000
53.645833	-0.009340	603000.000000
53.750000	-0.007574	603200.000000
53.854167	-0.006344	603400.000000
53.958333	-0.006442	603600.000000
54.062500	-0.009182	603800.000000
54.166667	-0.014261	604000.000000
54.270833	-0.020159	604200.000000
54.375000	-0.025688	604400.000000
54.479167	-0.029681	604600.000000
54.583333	-0.033093	604800.000000
54.687500	-0.035523	605000.000000
54.791667	-0.035295	605200.000000
54.895833	-0.032149	605400.000000
55.000000	-0.027250	605600.000000
55.104167	-0.021959	605800.000000
55.208333	-0.017434	606000.000000
55.312500	-0.013919	606200.000000
55.416667	-0.012562	606400.000000
55.520833	-0.014696	606600.000000
55.625000	-0.020032	606800.000000
55.729167	-0.025573	607000.000000
55.833333	-0.027261	607200.000000
55.937500	-0.023669	607400.000000
56.041667	-0.017698	607600.000000
56.145833	-0.014827	607800.000000
56.250000	-0.018177	608000.000000
56.354167	-0.026557	608200.000000
56.458333	-0.035415	608400.000000
56.562500	-0.039394	608600.000000
56.666667	-0.036922	608800.000000
56.770833	-0.030970	609000.000000
56.875000	-0.026479	609200.000000
56.979167	-0.025598	609400.000000
57.083333	-0.027009	609600.000000
57.187500	-0.027841	609800.000000
57.291667	-0.025588	610000.000000
57.395833	-0.020219	610200.000000
57.500000	-0.013327	610400.000000
57.604167	-0.007401	610600.000000
57.708333	-0.005090	610800.000000
57.812500	-0.008297	611000.000000
57.916667	-0.017818	611200.000000
58.020833	-0.030713	611400.000000
58.125000	-0.042731	611600.000000
58.229167	-0.048432	611800.000000
58.333333	-0.045553	612000.000000
58.437500	-0.036911	612200.000000
58.541667	-0.028240	612400.000000
58.645833	-0.022990	612600.000000
58.750000	-0.022296	612800.000000
58.854167	-0.022940	613000.000000
58.958333	-0.021535	613200.000000
59.062500	-0.018026	613400.000000
59.166667	-0.013974	613600.000000
59.270833	-0.011569	613800.000000
59.375000	-0.011039	614000.000000
59.479167	-0.012481	614200.000000
59.583333	-0.016031	614400.000000
59.687500	-0.022223	614600.000000
59.791667	-0.030283	614800.000000
59.895833	-0.037999	615000.000000
60.000000	-0.040891	615200.000000
60.104167	-0.037244	615400.000000
60.208333	-0.027696	615600.000000
60.312500	-0.017542	615800.000000
60.416667	-0.011898	616000.000000
60.520833	-0.012294	616200.000000
60.625000	-0.016943	616400.000000
60.729167	-0.021509	616600.000000
60.833333	-0.023045	616800.000000
60.937500	-0.021500	617000.000000
61.041667	-0.018267	617200.000000
61.145833	-0.014976	617400.000000
61.250000	-0.012191	617600.000000
61.354167	-0.010554	617800.000000
61.458333	-0.010202	618000.000000
61.562500	-0.011668	618200.000000
61.666667	-0.014347	618400.000000
61.770833	-0.018686	618600.000000
61.875000	-0.023566	618800.000000
61.979167	-0.027538	619000.000000
62.083333	-0.029347	619200.000000
62.187500	-0.028200	619400.000000
62.291667	-0.024582	619600.000000
62.395833	-0.019667	619800.000000
62.500000	-0.015046	620000.000000
62.604167	-0.011202	620200.000000
62.708333	-0.009748	620400.000000
62.812500	-0.010650	620600.000000
62.916667	-0.012454	620800.000000
63.020833	-0.013419	621000.000000
63.125000	-0.012994	621200.000000
63.229167	-0.011464	621400.000000
63.333333	-0.011393	621600.000000
63.437500	-0.014995	621800.000000
63.541667	-0.021538	622000.000000
63.645833	-0.028725	622200.000000
63.750000	-0.032611	622400.000000
63.854167	-0.031052	622600.000000
63.958333	-0.024086	622800.000000
64.062500	-0.014979	623000.000000
64.166667	-0.006654	623200.000000
64.270833	-0.001598	623400.000000
64.375000	-0.000952	623600.000000
64.479167	-0.004262	623800.000000
64.583333	-0.009828	624000.000000
64.687500	-0.015516	624200.000000
64.791667	-0.019752	624400.000000
64.895833	-0.021402	624600.000000
65.000000	-0.021668	624800.000000
65.104167	-0.023104	625000.000000
65.208333	-0.025700	625200.000000
65.312500	-0.029292	625400.000000
65.416667	-0.033181	625600.000000
65.520833	-0.035206	625800.000000
65.625000	-0.033976	626000.000000
65.729167	-0.029648	626200.000000
65.833333	-0.023866	626400.000000
65.937500	-0.019508	626600.000000
66.041667	-0.019081	626800.000000
66.145833	-0.022668	627000.000000
66.250000	-0.027612	627200.000000
66.354167	-0.029907	627400.000000
66.458333	-0.026488	627600.000000
66.562500	-0.018662	627800.000000
66.666667	-0.010622	628000.000000
66.770833	-0.007539	628200.000000
66.875000	-0.011469	628400.000000
66.979167	-0.020273	628600.000000
67.083333	-0.029671	628800.000000
67.187500	-0.035945	629000.000000
67.291667	-0.036856	629200.000000
67.395833	-0.033266	629400.000000
67.500000	-0.027971	629600.000000
67.604167	-0.023661	629800.000000
67.708333	-0.022421	630000.000000
67.812500	-0.023288	630200.000000
67.916667	-0.025549	630400.000000
68.020833	-0.026172	630600.000000
68.125000	-0.023397	630800.000000
68.229167	-0.016905	631000.000000
68.333333	-0.010054	631200.000000
68.437500	-0.006866	631400.000000
68.541667	-0.009640	631600.000000
68.645833	-0.017142	631800.000000
68.750000	-0.026541	632000.000000
68.854167	-0.033585	632200.000000
68.958333	-0.036087	632400.000000
69.062500	-0.034287	632600.000000
69.166667	-0.030332	632800.000000
69.270833	-0.025570	633000.000000
69.375000	-0.020296	633200.000000
69.479167	-0.015125	633400.000000
69.583333	-0.009494	633600.000000
69.687500	-0.006051	633800.000000
69.791667	-0.005087	634000.000000
69.895833	-0.006033	634200.000000
70.000000	-0.008491	634400.000000
70.104167	-0.010888	634600.000000
70.208333	-0.013470	634800.000000
70.312500	-0.016057	635000.000000
70.416667	-0.018276	635200.000000
70.520833	-0.020055	635400.000000
70.625000	-0.021213	635600.000000
70.729167	-0.022003	635800.000000
70.833333	-0.024113	636000.000000
70.937500	-0.027859	636200.000000
71.041667	-0.032695	636400.000000
71.145833	-0.037067	636600.000000
71.250000	-0.038453	636800.000000
71.354167	-0.036305	637000.000000
71.458333	-0.032660	637200.000000
71.562500	-0.029952	637400.000000
71.666667	-0.030056	637600.000000
71.770833	-0.033032	637800.000000
71.875000	-0.037281	638000.000000
71.979167	-0.040225	638200.000000
72.083333	-0.039868	638400.000000
72.187500	-0.036805	638600.000000
72.291667	-0.031976	638800.000000
72.395833	-0.027780	639000.000000
72.500000	-0.026417	639200.000000
72.604167	-0.028069	639400.000000
72.708333	-0.032622	639600.000000
72.812500	-0.036770	639800.000000
72.916667	-0.037161	640000.000000
73.020833	-0.032934	640200.000000
73.125000	-0.024404	640400.000000
73.229167	-0.014139	640600.000000
73.333333	-0.006804	640800.000000
73.437500	-0.003932	641000.000000
73.541667	-0.005192	641200.000000
73.645833	-0.008206	641400.000000
73.750000	-0.010755	641600.000000
73.854167	-0.011853	641800.000000
73.958333	-0.011832	642000.000000
74.062500	-0.012408	642200.000000
74.166667	-0.014448	642400.000000
74.270833	-0.019058	642600.000000
74.375000	-0.024608	642800.000000
74.479167	-0.029347	643000.000000
74.583333	-0.030456	643200.000000
74.687500	-0.026886	643400.000000
74.791667	-0.020463	643600.000000
74.895833	-0.014046	643800.000000
75.000000	-0.010758	644000.000000
75.104167	-0.012196	644200.000000
75.208333	-0.017266	644400.000000
75.312500	-0.022842	644600.000000
75.416667	-0.026450	644800.000000
75.520833	-0.026371	645000.000000
75.625000	-0.023280	645200.000000
75.729167	-0.019658	645400.000000
75.833333	-0.017587	645600.000000
75.937500	-0.018453	645800.000000
76.041667	-0.022330	646000.000000
76.145833	-0.026422	646200.000000
76.250000	-0.028495	646400.000000
76.354167	-0.026530	646600.000000
76.458333	-0.020593	646800.000000
76.562500	-0.013555	647000.000000
76.666667	-0.009493	647200.000000
76.770833	-0.010217	647400.000000
76.875000	-0.015157	647600.000000
76.979167	-0.021943	647800.000000
77.083333	-0.026016	648000.000000
77.187500	-0.026249	648200.000000
77.291667	-0.022782	648400.000000
77.395833	-0.018429	648600.000000
77.500000	-0.015601	648800.000000
77.604167	-0.015878	649000.000000
77.708333	-0.019434	649200.000000
77.812500	-0.025700	649400.000000
77.916667	-0.032637	649600.000000
78.020833	-0.037556	649800.000000
78.125000	-0.039349	650000.000000
78.229167	-0.037486	650200.000000
78.333333	-0.033199	650400.000000
78.437500	-0.028288	650600.000000
78.541667	-0.024545	650800.000000
78.645833	-0.022293	651000.000000
78.750000	-0.020530	651200.000000
78.854167	-0.019406	651400.000000
78.958333	-0.018679	651600.000000
79.062500	-0.018941	651800.000000
79.166667	-0.020325	652000.000000
79.270833	-0.022459	652200.000000
79.375000	-0.025400	652400.000000
79.479167	-0.027662	652600.000000
79.583333	-0.029445	652800.000000
79.687500	-0.030644	653000.000000
79.791667	-0.030860	653200.000000
79.895833	-0.030913	653400.000000
80.000000	-0.030159	653600.000000
80.104167	-0.028834	653800.000000
80.208333	-0.027020	654000.000000
80.312500	-0.025099	654200.000000
80.416667	-0.022475	654400.000000
80.520833	-0.020580	654600.000000
80.625000	-0.019653	654800.000000
80.729167	-0.019959	655000.000000
80.833333	-0.020896	655200.000000
80.937500	-0.022013	655400.000000
81.041667	-0.022805	655600.000000
81.145833	-0.023546	655800.000000
81.250000	-0.023834	656000.000000
81.354167	-0.023544	656200.000000
81.458333	-0.022772	656400.000000
81.562500	-0.021711	656600.000000
81.666667	-0.021072	656800.000000
81.770833	-0.021703	657000.000000
81.875000	-0.022915	657200.000000
81.979167	-0.023403	657400.000000
82.083333	-0.023390	657600.000000
82.187500	-0.022178	657800.000000
82.291667	-0.020576	658000.000000
82.395833	-0.019106	658200.000000
82.500000	-0.017653	658400.000000
82.604167	-0.015641	658600.000000
82.708333	-0.013099	658800.000000
82.812500	-0.011317	659000.000000
82.916667	-0.011019	659200.000000
83.020833	-0.012821	659400.000000
83.125000	-0.016502	659600.000000
83.229167	-0.020026	659800.000000
83.333333	-0.022746	660000.000000
83.437500	-0.023908	660200.000000
83.541667	-0.023272	660400.000000
83.645833	-0.021621	660600.000000
83.750000	-0.018488	660800.000000
83.854167	-0.014615	661000.000000
83.958333	-0.011613	661200.000000
84.062500	-0.010226	661400.000000
84.166667	-0.011093	661600.000000
84.270833	-0.013044	661800.000000
84.375000	-0.014084	662000.000000
84.479167	-0.013809	662200.000000
84.583333	-0.012961	662400.000000
84.687500	-0.013208	662600.000000
84.791667	-0.015400	662800.000000
84.895833	-0.019753	663000.000000
85.000000	-0.024213	663200.000000
85.104167	-0.027473	663400.000000
85.208333	-0.027907	663600.000000
85.312500	-0.026037	663800.000000
85.416667	-0.022651	664000.000000
85.520833	-0.018908	664200.000000
85.625000	-0.015858	664400.000000
85.729167	-0.014367	664600.000000
85.833333	-0.015391	664800.000000
85.937500	-0.017990	665000.000000
86.041667	-0.020601	665200.000000
86.145833	-0.022221	665400.000000
86.250000	-0.022154	665600.000000
86.354167	-0.021068	665800.000000
86.458333	-0.019944	666000.000000
86.562500	-0.019971	666200.000000
86.666667	-0.020884	666400.000000
86.770833	-0.022360	666600.000000
86.875000	-0.023447	666800.000000
86.979167	-0.024160	667000.000000
87.083333	-0.024338	667200.000000
87.187500	-0.024533	667400.000000
87.291667	-0.025223	667600.000000
87.395833	-0.025371	667800.000000
87.500000	-0.024509	668000.000000
87.604167	-0.022934	668200.000000
87.708333	-0.020381	668400.000000
87.812500	-0.018294	668600.000000
87.916667	-0.016961	668800.000000
88.020833	-0.016178	669000.000000
88.125000	-0.016103	669200.000000
88.229167	-0.017003	669400.000000
88.333333	-0.018407	669600.000000
88.437500	-0.020479	669800.000000
88.541667	-0.022663	670000.000000
88.645833	-0.024961	670200.000000
88.750000	-0.026506	670400.000000
88.854167	-0.026714	670600.000000
88.958333	-0.026607	670800.000000
89.062500	-0.026221	671000.000000
89.166667	-0.025072	671200.000000
89.270833	-0.022954	671400.000000
89.375000	-0.020810	671600.000000
89.479167	-0.018196	671800.000000
89.583333	-0.016202	672000.000000
89.687500	-0.015373	672200.000000
89.791667	-0.015678	672400.000000
89.895833	-0.017284	672600.000000
90.000000	-0.019606	672800.000000
90.104167	-0.022459	673000.000000
90.208333	-0.025178	673200.000000
90.312500	-0.027311	673400.000000
90.416667	-0.028349	673600.000000
90.520833	-0.028277	673800.000000
90.625000	-0.026787	674000.000000
90.729167	-0.024693	674200.000000
90.833333	-0.023154	674400.000000
90.937500	-0.022054	674600.000000
91.041667	-0.021636	674800.000000
91.145833	-0.022213	675000.000000
91.250000	-0.023032	675200.000000
91.354167	-0.024214	675400.000000
91.458333	-0.025272	675600.000000
91.562500	-0.025280	675800.000000
91.666667	-0.024043	676000.000000
91.770833	-0.022419	676200.000000
91.875000	-0.021370	676400.000000
91.979167	-0.021264	676600.000000
92.083333	-0.022098	676800.000000
92.187500	-0.023810	677000.000000
92.291667	-0.025726	677200.000000
92.395833	-0.026907	677400.000000
92.500000	-0.026925	677600.000000
92.604167	-0.025580	677800.000000
92.708333	-0.023564	678000.000000
92.812500	-0.021376	678200.000000
92.916667	-0.020055	678400.000000
93.020833	-0.019347	678600.000000
93.125000	-0.019680	678800.000000
93.229167	-0.020083	679000.000000
93.333333	-0.020064	679200.000000
93.437500	-0.019644	679400.000000
93.541667	-0.018714	679600.000000
93.645833	-0.018443	679800.000000
93.750000	-0.019005	680000.000000
93.854167	-0.021115	680200.000000
93.958333	-0.024057	680400.000000
94.062500	-0.027678	680600.000000
94.166667	-0.030561	680800.000000
94.270833	-0.032080	681000.000000
94.375000	-0.031422	681200.000000
94.479167	-0.028494	681400.000000
94.583333	-0.023921	681600.000000
94.687500	-0.019316	681800.000000
94.791667	-0.016468	682000.000000
94.895833	-0.016194	682200.000000
95.000000	-0.017946	682400.000000
95.104167	-0.020199	682600.000000
95.208333	-0.021709	682800.000000
95.312500	-0.022348	683000.000000
95.416667	-0.022443	683200.000000
95.520833	-0.022961	683400.000000
95.625000	-0.023917	683600.000000
95.729167	-0.025094	683800.000000
95.833333	-0.025987	684000.000000
95.937500	-0.026280	684200.000000
96.041667	-0.026245	684400.000000
96.145833	-0.025323	684600.000000
96.250000	-0.024125	684800.000000
96.354167	-0.022660	685000.000000
96.458333	-0.021574	685200.000000
96.562500	-0.020985	685400.000000
96.666667	-0.020709	685600.000000
96.770833	-0.021040	685800.000000
96.875000	-0.020879	686000.000000
96.979167	-0.019727	686200.000000
97.083333	-0.018761	686400.000000
97.187500	-0.017406	686600.000000
97.291667	-0.016767	686800.000000
97.395833	-0.016997	687000.000000
97.500000	-0.018057	687200.000000
97.604167	-0.019824	687400.000000
97.708333	-0.021820	687600.000000
97.812500	-0.023674	687800.000000
97.916667	-0.024737	688000.000000
98.020833	-0.024844	688200.000000
98.125000	-0.024432	688400.000000
98.229167	-0.023380	688600.000000
98.333333	-0.023121	688800.000000
98.437500	-0.023454	689000.000000
98.541667	-0.023970	689200.000000
98.645833	-0.024547	689400.000000
98.750000	-0.023912	689600.000000
98.854167	-0.021634	689800.000000
98.958333	-0.019360	690000.000000
99.062500	-0.018282	690200.000000
99.166667	-0.019592	690400.000000
99.270833	-0.022662	690600.000000
99.375000	-0.026423	690800.000000
99.479167	-0.029299	691000.000000
99.583333	-0.029774	691200.000000
99.687500	-0.027700	691400.000000
99.791667	-0.024078	691600.000000
99.895833	-0.020464	691800.000000
100.000000	-0.018165	692000.000000
100.104167	-0.017247	692200.000000
100.208333	-0.018284	692400.000000
100.312500	-0.020143	692600.000000
100.416667	-0.021286	692800.000000
100.520833	-0.022206	693000.000000
100.625000	-0.021605	693200.000000
100.729167	-0.020276	693400.000000
100.833333	-0.019466	693600.000000
100.937500	-0.019262	693800.000000
101.041667	-0.020614	694000.000000
101.145833	-0.022623	694200.000000
101.250000	-0.024474	694400.000000
101.354167	-0.024686	694600.000000
101.458333	-0.023957	694800.000000
101.562500	-0.022291	695000.000000
101.666667	-0.020870	695200.000000
101.770833	-0.020312	695400.000000
101.875000	-0.020927	695600.000000
101.979167	-0.022284	695800.000000
102.083333	-0.024032	696000.000000
102.187500	-0.025026	696200.000000
102.291667	-0.025324	696400.000000
102.395833	-0.024357	696600.000000
102.500000	-0.022693	696800.000000
102.604167	-0.020930	697000.000000
102.708333	-0.020548	697200.000000
102.812500	-0.021108	697400.000000
102.916667	-0.022822	697600.000000
103.020833	-0.024848	697800.000000
103.125000	-0.026252	698000.000000
103.229167	-0.027221	698200.000000
103.333333	-0.027842	698400.000000
103.437500	-0.028003	698600.000000
103.541667	-0.027380	698800.000000
103.645833	-0.025703	699000.000000
103.750000	-0.023279	699200.000000
103.854167	-0.021172	699400.000000
103.958333	-0.019753	699600.000000
104.062500	-0.019669	699800.000000
104.166667	-0.020618	700000.000000
104.270833	-0.021485	700200.000000
104.375000	-0.022775	700400.000000
104.479167	-0.023359	700600.000000
104.583333	-0.023680	700800.000000
104.687500	-0.024049	701000.000000
104.791667	-0.024623	701200.000000
104.895833	-0.025489	701400.000000
105.000000	-0.026164	701600.000000
105.104167	-0.025784	701800.000000
105.208333	-0.024508	702000.000000
105.312500	-0.021884	702200.000000
105.416667	-0.019424	702400.000000
105.520833	-0.017669	702600.000000
105.625000	-0.017026	702800.000000
105.729167	-0.017511	703000.000000
105.833333	-0.018797	703200.000000
105.937500	-0.019924	703400.000000
106.041667	-0.021357	703600.000000
106.145833	-0.021863	703800.000000
106.250000	-0.022273	704000.000000
106.354167	-0.022099	704200.000000
106.458333	-0.021877	704400.000000
106.562500	-0.022342	704600.000000
106.666667	-0.022879	704800.000000
106.770833	-0.023923	705000.000000
106.875000	-0.024411	705200.000000
106.979167	-0.023765	705400.000000
107.083333	-0.021959	705600.000000
107.187500	-0.019956	705800.000000
107.291667	-0.018474	706000.000000
107.395833	-0.018144	706200.000000
107.500000	-0.019239	706400.000000
107.604167	-0.020517	706600.000000
107.708333	-0.021399	706800.000000
107.812500	-0.021038	707000.000000
107.916667	-0.019442	707200.000000
108.020833	-0.017528	707400.000000
108.125000	-0.015886	707600.000000
108.229167	-0.015853	707800.000000
108.333333	-0.018379	708000.000000
108.437500	-0.022330	708200.000000
108.541667	-0.026157	708400.000000
108.645833	-0.028110	708600.000000
108.750000	-0.027486	708800.000000
108.854167	-0.024632	709000.000000
108.958333	-0.021519	709200.000000
109.062500	-0.019577	709400.000000
109.166667	-0.019994	709600.000000
109.270833	-0.021923	709800.000000
109.375000	-0.023900	710000.000000
109.479167	-0.025132	710200.000000
109.583333	-0.024941	710400.000000
109.687500	-0.023759	710600.000000
109.791667	-0.022257	710800.000000
109.895833	-0.021527	711000.000000
110.000000	-0.021967	711200.000000
110.104167	-0.023723	711400.000000
110.208333	-0.026007	711600.000000
110.312500	-0.027490	711800.000000
110.416667	-0.027419	712000.000000
110.520833	-0.025586	712200.000000
110.625000	-0.022601	712400.000000
110.729167	-0.019563	712600.000000
110.833333	-0.017340	712800.000000
110.937500	-0.016645	713000.000000
111.041667	-0.017289	713200.000000
111.145833	-0.018929	713400.000000
111.250000	-0.020345	713600.000000
111.354167	-0.021642	713800.000000
111.458333	-0.021682	714000.000000
111.562500	-0.021301	714200.000000
111.666667	-0.020449	714400.000000
111.770833	-0.019990	714600.000000
111.875000	-0.020483	714800.000000
111.979167	-0.021147	715000.000000
112.083333	-0.022155	715200.000000
112.187500	-0.022671	715400.000000
112.291667	-0.022526	715600.000000
112.395833	-0.021995	715800.000000
112.500000	-0.021697	716000.000000
112.604167	-0.021604	716200.000000
112.708333	-0.021805	716400.000000
112.812500	-0.021996	716600.000000
112.916667	-0.021849	716800.000000
113.020833	-0.021125	717000.000000
113.125000	-0.020587	717200.000000
113.229167	-0.020249	717400.000000
113.333333	-0.019619	717600.000000
113.437500	-0.019244	717800.000000
113.541667	-0.019234	718000.000000
113.645833	-0.019523	718200.000000
113.750000	-0.020152	718400.000000
113.854167	-0.021198	718600.000000
113.958333	-0.021975	718800.000000
114.062500	-0.022820	719000.000000
114.166667	-0.022760	719200.000000
114.270833	-0.021684	719400.000000
114.375000	-0.020018	719600.000000
114.479167	-0.018303	719800.000000
114.583333	-0.017230	720000.000000
114.687500	-0.016880	720200.000000
114.791667	-0.018162	720400.000000
114.895833	-0.019855	720600.000000
115.000000	-0.021186	720800.000000
115.104167	-0.021878	721000.000000
115.208333	-0.022241	721200.000000
115.312500	-0.022710	721400.000000
115.416667	-0.023523	721600.000000
115.520833	-0.025037	721800.000000
115.625000	-0.026373	722000.000000
115.729167	-0.026876	722200.000000
115.833333	-0.026632	722400.000000
115.937500	-0.025146	722600.000000
116.041667	-0.022985	722800.000000
116.145833	-0.021156	723000.000000
116.250000	-0.020101	723200.000000
116.354167	-0.019958	723400.000000
116.458333	-0.020609	723600.000000
116.562500	-0.021440	723800.000000
116.666667	-0.021760	724000.000000
116.770833	-0.021950	724200.000000
116.875000	-0.021062	724400.000000
116.979167	-0.019536	724600.000000
117.083333	-0.018176	724800.000000
117.187500	-0.016901	725000.000000
117.291667	-0.017033	725200.000000
117.395833	-0.018000	725400.000000
117.500000	-0.019541	725600.000000
117.604167	-0.020813	725800.000000
117.708333	-0.021422	726000.000000
117.812500	-0.021331	726200.000000
117.916667	-0.020868	726400.000000
118.020833	-0.020961	726600.000000
118.125000	-0.021995	726800.000000
118.229167	-0.023922	727000.000000
118.333333	-0.026694	727200.000000
118.437500	-0.028540	727400.000000
118.541667	-0.029483	727600.000000
118.645833	-0.028493	727800.000000
118.750000	-0.026849	728000.000000
118.854167	-0.025345	728200.000000
118.958333	-0.024632	728400.000000
119.062500	-0.025057	728600.000000
119.166667	-0.026668	728800.000000
119.270833	-0.028249	729000.000000
119.375000	-0.028926	729200.000000
119.479167	-0.028887	729400.000000
119.583333	-0.027921	729600.000000
119.687500	-0.026379	729800.000000
119.791667	-0.024808	730000.000000
119.895833	-0.022997	730200.000000
120.000000	-0.021195	730400.000000
120.104167	-0.020026	730600.000000
120.208333	-0.018886	730800.000000
120.312500	-0.018527	731000.000000
120.416667	-0.019442	731200.000000
120.520833	-0.021040	731400.000000
120.625000	-0.022558	731600.000000
120.729167	-0.023613	731800.000000
120.833333	-0.023653	732000.000000
120.937500	-0.023012	732200.000000
121.041667	-0.022407	732400.000000
121.145833	-0.022029	732600.000000
121.250000	-0.021991	732800.000000
121.354167	-0.022455	733000.000000
121.458333	-0.023132	733200.000000
121.562500	-0.023901	733400.000000
121.666667	-0.024395	733600.000000
121.770833	-0.024113	733800.000000
121.875000	-0.023426	734000.000000
121.979167	-0.022573	734200.000000
122.083333	-0.021903	734400.000000
122.187500	-0.021459	734600.000000
122.291667	-0.021719	734800.000000
122.395833	-0.021955	735000.000000
122.500000	-0.021791	735200.000000
122.604167	-0.021278	735400.000000
122.708333	-0.020461	735600.000000
122.812500	-0.020200	735800.000000
122.916667	-0.020728	736000.000000
123.020833	-0.021699	736200.000000
123.125000	-0.022526	736400.000000
123.229167	-0.022892	736600.000000
123.333333	-0.022847	736800.000000
123.437500	-0.021935	737000.000000
123.541667	-0.020307	737200.000000
123.645833	-0.019184	737400.000000
123.750000	-0.018419	737600.000000
123.854167	-0.018235	737800.000000
123.958333	-0.018728	738000.000000
124.062500	-0.019768	738200.000000
124.166667	-0.020753	738400.000000
124.270833	-0.020991	738600.000000
124.375000	-0.020802	738800.000000
124.479167	-0.020610	739000.000000
124.583333	-0.020898	739200.000000
124.687500	-0.022358	739400.000000
124.791667	-0.024313	739600.000000
124.895833	-0.025549	739800.000000
125.000000	-0.025934	740000.000000
125.104167	-0.024683	740200.000000
125.208333	-0.022638	740400.000000
125.312500	-0.021158	740600.000000
125.416667	-0.020994	740800.000000
125.520833	-0.022046	741000.000000
125.625000	-0.024169	741200.000000
125.729167	-0.026260	741400.000000
125.833333	-0.027758	741600.000000
125.937500	-0.028154	741800.000000
126.041667	-0.027458	742000.000000
126.145833	-0.026270	742200.000000
126.250000	-0.025110	742400.000000
126.354167	-0.024671	742600.000000
126.458333	-0.025207	742800.000000
126.562500	-0.025782	743000.000000
126.666667	-0.026348	743200.000000
126.770833	-0.026160	743400.000000
126.875000	-0.024836	743600.000000
126.979167	-0.022819	743800.000000
127.083333	-0.021073	744000.000000
127.187500	-0.019995	744200.000000
127.291667	-0.019987	744400.000000
127.395833	-0.021101	744600.000000
127.500000	-0.022067	744800.000000
127.604167	-0.022994	745000.000000
127.708333	-0.023315	745200.000000
127.812500	-0.022465	745400.000000
127.916667	-0.020889	745600.000000
128.020833	-0.019858	745800.000000
128.125000	-0.019913	746000.000000
128.229167	-0.021067	746200.000000
128.333333	-0.022794	746400.000000
128.437500	-0.023756	746600.000000
128.541667	-0.024064	746800.000000
128.645833	-0.023206	747000.000000
128.750000	-0.021411	747200.000000
128.854167	-0.019974	747400.000000
128.958333	-0.019252	747600.000000
129.062500	-0.018872	747800.000000
129.166667	-0.019311	748000.000000
129.270833	-0.020040	748200.000000
129.375000	-0.021048	748400.000000
129.479167	-0.022199	748600.000000
129.583333	-0.023607	748800.000000
129.687500	-0.024968	749000.000000
129.791667	-0.026192	749200.000000
129.895833	-0.027076	749400.000000
130.000000	-0.027556	749600.000000
130.104167	-0.028244	749800.000000
130.208333	-0.028474	750000.000000
