0.000000	-0.022438	500000.000000
0.104167	-0.022384	500200.000000
0.208333	-0.022240	500400.000000
0.312500	-0.022194	500600.000000
0.416667	-0.022261	500800.000000
0.520833	-0.022264	501000.000000
0.625000	-0.022310	501200.000000
0.729167	-0.022135	501400.000000
0.833333	-0.022305	501600.000000
0.937500	-0.022430	501800.000000
1.041667	-0.022189	502000.000000
1.145833	-0.022387	502200.000000
1.250000	-0.022428	502400.000000
1.354167	-0.022314	502600.000000
1.458333	-0.022347	502800.000000
1.562500	-0.022168	503000.000000
1.666667	-0.022162	503200.000000
1.770833	-0.022420	503400.000000
1.875000	-0.022314	503600.000000
1.979167	-0.022176	503800.000000
2.083333	-0.022317	504000.000000
2.187500	-0.022111	504200.000000
2.291667	-0.022185	504400.000000
2.395833	-0.022303	504600.000000
2.500000	-0.022151	504800.000000
2.604167	-0.022165	505000.000000
2.708333	-0.022246	505200.000000
2.812500	-0.021984	505400.000000
2.916667	-0.022136	505600.000000
3.020833	-0.022037	505800.000000
3.125000	-0.022303	506000.000000
3.229167	-0.022424	506200.000000
3.333333	-0.022263	506400.000000
3.437500	-0.022363	506600.000000
3.541667	-0.022085	506800.000000
3.645833	-0.022308	507000.000000
3.750000	-0.022241	507200.000000
3.854167	-0.022227	507400.000000
3.958333	-0.022333	507600.000000
4.062500	-0.022258	507800.000000
4.166667	-0.022252	508000.000000
4.270833	-0.022122	508200.000000
4.375000	-0.022198	508400.000000
4.479167	-0.022286	508600.000000
4.583333	-0.022299	508800.000000
4.687500	-0.022197	509000.000000
4.791667	-0.022232	509200.000000
4.895833	-0.022173	509400.000000
5.000000	-0.022429	509600.000000
5.104167	-0.022324	509800.000000
5.208333	-0.022458	510000.000000
5.312500	-0.022237	510200.000000
5.416667	-0.022214	510400.000000
5.520833	-0.022186	510600.000000
5.625000	-0.022226	510800.000000
5.729167	-0.022224	511000.000000
5.833333	-0.022319	511200.000000
5.937500	-0.022249	511400.000000
6.041667	-0.022173	511600.000000
6.145833	-0.022302	511800.000000
6.250000	-0.022063	512000.000000
6.354167	-0.022423	512200.000000
6.458333	-0.022413	512400.000000
6.562500	-0.022175	512600.000000
6.666667	-0.022379	512800.000000
6.770833	-0.022269	513000.000000
6.875000	-0.022343	513200.000000
6.979167	-0.022371	513400.000000
7.083333	-0.022475	513600.000000
7.187500	-0.022282	513800.000000
7.291667	-0.022270	514000.000000
7.395833	-0.022260	514200.000000
7.500000	-0.022362	514400.000000
7.604167	-0.022371	514600.000000
7.708333	-0.022424	514800.000000
7.812500	-0.022479	515000.000000
7.916667	-0.022605	515200.000000
8.020833	-0.022565	515400.000000
8.125000	-0.022225	515600.000000
8.229167	-0.022236	515800.000000
8.333333	-0.022490	516000.000000
8.437500	-0.022286	516200.000000
8.541667	-0.022538	516400.000000
8.645833	-0.022438	516600.000000
8.750000	-0.022312	516800.000000
8.854167	-0.022240	517000.000000
8.958333	-0.022257	517200.000000
9.062500	-0.022362	517400.000000
9.166667	-0.022420	517600.000000
9.270833	-0.022395	517800.000000
9.375000	-0.022264	518000.000000
9.479167	-0.022252	518200.000000
9.583333	-0.022272	518400.000000
9.687500	-0.022361	518600.000000
9.791667	-0.022418	518800.000000
9.895833	-0.022342	519000.000000
10.000000	-0.022269	519200.000000
10.104167	-0.022172	519400.000000
10.208333	-0.022147	519600.000000
10.312500	-0.022197	519800.000000
10.416667	-0.022169	520000.000000
10.520833	-0.022185	520200.000000
10.625000	-0.022324	520400.000000
10.729167	-0.022195	520600.000000
10.833333	-0.022381	520800.000000
10.937500	-0.022291	521000.000000
11.041667	-0.022271	521200.000000
11.145833	-0.022191	521400.000000
11.250000	-0.022393	521600.000000
11.354167	-0.022336	521800.000000
11.458333	-0.022475	522000.000000
11.562500	-0.022288	522200.000000
11.666667	-0.022318	522400.000000
11.770833	-0.022375	522600.000000
11.875000	-0.022427	522800.000000
11.979167	-0.022531	523000.000000
12.083333	-0.022359	523200.000000
12.187500	-0.022361	523400.000000
12.291667	-0.022473	523600.000000
12.395833	-0.022350	523800.000000
12.500000	-0.022333	524000.000000
12.604167	-0.022470	524200.000000
12.708333	-0.022431	524400.000000
12.812500	-0.022584	524600.000000
12.916667	-0.022270	524800.000000
13.020833	-0.022329	525000.000000
13.125000	-0.022455	525200.000000
13.229167	-0.022516	525400.000000
13.333333	-0.022633	525600.000000
13.437500	-0.022438	525800.000000
13.541667	-0.022359	526000.000000
13.645833	-0.022682	526200.000000
13.750000	-0.022490	526400.000000
13.854167	-0.022489	526600.000000
13.958333	-0.022487	526800.000000
14.062500	-0.022570	527000.000000
14.166667	-0.022444	527200.000000
14.270833	-0.022469	527400.000000
14.375000	-0.022567	527600.000000
14.479167	-0.022607	527800.000000
14.583333	-0.022596	528000.000000
14.687500	-0.022448	528200.000000
14.791667	-0.022479	528400.000000
14.895833	-0.022549	528600.000000
15.000000	-0.022677	528800.000000
15.104167	-0.022647	529000.000000
15.208333	-0.022550	529200.000000
15.312500	-0.022521	529400.000000
15.416667	-0.022546	529600.000000
15.520833	-0.022390	529800.000000
15.625000	-0.022537	530000.000000
15.729167	-0.022512	530200.000000
15.833333	-0.022562	530400.000000
15.937500	-0.022811	530600.000000
16.041667	-0.022702	530800.000000
16.145833	-0.022745	531000.000000
16.250000	-0.022722	531200.000000
16.354167	-0.022551	531400.000000
16.458333	-0.022651	531600.000000
16.562500	-0.022641	531800.000000
16.666667	-0.022884	532000.000000
16.770833	-0.022901	532200.000000
16.875000	-0.022909	532400.000000
16.979167	-0.022742	532600.000000
17.083333	-0.022933	532800.000000
17.187500	-0.022934	533000.000000
17.291667	-0.022970	533200.000000
17.395833	-0.023031	533400.000000
17.500000	-0.023147	533600.000000
17.604167	-0.023218	533800.000000
17.708333	-0.023441	534000.000000
17.812500	-0.023392	534200.000000
17.916667	-0.023346	534400.000000
18.020833	-0.023412	534600.000000
18.125000	-0.023594	534800.000000
18.229167	-0.023630	535000.000000
18.333333	-0.023770	535200.000000
18.437500	-0.023853	535400.000000
18.541667	-0.024069	535600.000000
18.645833	-0.024428	535800.000000
18.750000	-0.024241	536000.000000
18.854167	-0.024400	536200.000000
18.958333	-0.024620	536400.000000
19.062500	-0.024779	536600.000000
19.166667	-0.025002	536800.000000
19.270833	-0.025461	537000.000000
19.375000	-0.025738	537200.000000
19.479167	-0.026004	537400.000000
19.583333	-0.026371	537600.000000
19.687500	-0.026688	537800.000000
19.791667	-0.027320	538000.000000
19.895833	-0.027696	538200.000000
20.000000	-0.028358	538400.000000
20.104167	-0.029156	538600.000000
20.208333	-0.029917	538800.000000
20.312500	-0.030284	539000.000000
20.416667	-0.031296	539200.000000
20.520833	-0.032360	539400.000000
20.625000	-0.033027	539600.000000
20.729167	-0.033846	539800.000000
20.833333	-0.034680	540000.000000
20.937500	-0.035442	540200.000000
21.041667	-0.035777	540400.000000
21.145833	-0.036391	540600.000000
21.250000	-0.036475	540800.000000
21.354167	-0.036463	541000.000000
21.458333	-0.035957	541200.000000
21.562500	-0.034664	541400.000000
21.666667	-0.032777	541600.000000
21.770833	-0.029425	541800.000000
21.875000	-0.023057	542000.000000
21.979167	-0.011570	542200.000000
22.083333	0.010069	542400.000000
22.187500	0.045992	542600.000000
22.291667	0.097303	542800.000000
22.395833	0.157257	543000.000000
22.500000	0.206790	543200.000000
22.604167	0.225133	543400.000000
22.708333	0.195666	543600.000000
22.812500	0.120349	543800.000000
22.916667	0.020238	544000.000000
23.020833	-0.069799	544200.000000
23.125000	-0.130275	544400.000000
23.229167	-0.154180	544600.000000
23.333333	-0.153105	544800.000000
23.437500	-0.142211	545000.000000
23.541667	-0.130673	545200.000000
23.645833	-0.118845	545400.000000
23.750000	-0.106913	545600.000000
23.854167	-0.094357	545800.000000
23.958333	-0.082489	546000.000000
24.062500	-0.074488	546200.000000
24.166667	-0.072815	546400.000000
24.270833	-0.074772	546600.000000
24.375000	-0.074092	546800.000000
24.479167	-0.064526	547000.000000
24.583333	-0.046383	547200.000000
24.687500	-0.026289	547400.000000
24.791667	-0.014409	547600.000000
24.895833	-0.015102	547800.000000
25.000000	-0.023677	548000.000000
25.104167	-0.032075	548200.000000
25.208333	-0.034822	548400.000000
25.312500	-0.031496	548600.000000
25.416667	-0.025801	548800.000000
25.520833	-0.019803	549000.000000
25.625000	-0.014894	549200.000000
25.729167	-0.012240	549400.000000
25.833333	-0.013618	549600.000000
25.937500	-0.019029	549800.000000
26.041667	-0.027135	550000.000000
26.145833	-0.032996	550200.000000
26.250000	-0.032462	550400.000000
26.354167	-0.025048	550600.000000
26.458333	-0.014508	550800.000000
26.562500	-0.006623	551000.000000
26.666667	-0.005716	551200.000000
26.770833	-0.009971	551400.000000
26.875000	-0.014384	551600.000000
26.979167	-0.013479	551800.000000
27.083333	-0.007540	552000.000000
27.187500	-0.001744	552200.000000
27.291667	-0.000578	552400.000000
27.395833	-0.005290	552600.000000
27.500000	-0.012871	552800.000000
27.604167	-0.019933	553000.000000
27.708333	-0.024881	553200.000000
27.812500	-0.027224	553400.000000
27.916667	-0.027992	553600.000000
28.020833	-0.027629	553800.000000
28.125000	-0.026643	554000.000000
28.229167	-0.023701	554200.000000
28.333333	-0.019650	554400.000000
28.437500	-0.015003	554600.000000
28.541667	-0.011789	554800.000000
28.645833	-0.010891	555000.000000
28.750000	-0.013153	555200.000000
28.854167	-0.017740	555400.000000
28.958333	-0.022587	555600.000000
29.062500	-0.024968	555800.000000
29.166667	-0.024542	556000.000000
29.270833	-0.022520	556200.000000
29.375000	-0.021182	556400.000000
29.479167	-0.021930	556600.000000
29.583333	-0.024502	556800.000000
29.687500	-0.026642	557000.000000
29.791667	-0.027197	557200.000000
29.895833	-0.025773	557400.000000
30.000000	-0.022797	557600.000000
30.104167	-0.018932	557800.000000
30.208333	-0.016013	558000.000000
30.312500	-0.014320	558200.000000
30.416667	-0.014533	558400.000000
30.520833	-0.016015	558600.000000
30.625000	-0.016944	558800.000000
30.729167	-0.017275	559000.000000
30.833333	-0.017289	559200.000000
30.937500	-0.018250	559400.000000
31.041667	-0.019124	559600.000000
31.145833	-0.020060	559800.000000
31.250000	-0.020246	560000.000000
31.354167	-0.020952	560200.000000
31.458333	-0.024239	560400.000000
31.562500	-0.030033	560600.000000
31.666667	-0.036388	560800.000000
31.770833	-0.039747	561000.000000
31.875000	-0.038814	561200.000000
31.979167	-0.032879	561400.000000
32.083333	-0.024793	561600.000000
32.187500	-0.017685	561800.000000
32.291667	-0.014560	562000.000000
32.395833	-0.016204	562200.000000
32.500000	-0.019809	562400.000000
32.604167	-0.022738	562600.000000
32.708333	-0.024139	562800.000000
32.812500	-0.024360	563000.000000
32.916667	-0.023836	563200.000000
33.020833	-0.023972	563400.000000
33.125000	-0.024370	563600.000000
33.229167	-0.025170	563800.000000
33.333333	-0.026521	564000.000000
33.437500	-0.027434	564200.000000
33.541667	-0.027198	564400.000000
33.645833	-0.026414	564600.000000
33.750000	-0.024265	564800.000000
33.854167	-0.020584	565000.000000
33.958333	-0.016811	565200.000000
34.062500	-0.013368	565400.000000
34.166667	-0.011508	565600.000000
34.270833	-0.012831	565800.000000
34.375000	-0.017214	566000.000000
34.479167	-0.023806	566200.000000
34.583333	-0.029776	566400.000000
34.687500	-0.032048	566600.000000
34.791667	-0.028953	566800.000000
34.895833	-0.023011	567000.000000
35.000000	-0.016946	567200.000000
35.104167	-0.014828	567400.000000
35.208333	-0.018011	567600.000000
35.312500	-0.023851	567800.000000
35.416667	-0.028142	568000.000000
35.520833	-0.027209	568200.000000
35.625000	-0.021657	568400.000000
35.729167	-0.015280	568600.000000
35.833333	-0.011441	568800.000000
35.937500	-0.011243	569000.000000
36.041667	-0.014211	569200.000000
36.145833	-0.017445	569400.000000
36.250000	-0.020337	569600.000000
36.354167	-0.022113	569800.000000
36.458333	-0.023086	570000.000000
36.562500	-0.022374	570200.000000
36.666667	-0.020650	570400.000000
36.770833	-0.019851	570600.000000
36.875000	-0.021211	570800.000000
36.979167	-0.025324	571000.000000
37.083333	-0.029909	571200.000000
37.187500	-0.031959	571400.000000
37.291667	-0.029220	571600.000000
37.395833	-0.023756	571800.000000
37.500000	-0.016830	572000.000000
37.604167	-0.012892	572200.000000
37.708333	-0.012017	572400.000000
37.812500	-0.013695	572600.000000
37.916667	-0.018007	572800.000000
38.020833	-0.024229	573000.000000
38.125000	-0.030118	573200.000000
38.229167	-0.032517	573400.000000
38.333333	-0.030933	573600.000000
38.437500	-0.026753	573800.000000
38.541667	-0.023962	574000.000000
38.645833	-0.025123	574200.000000
38.750000	-0.029305	574400.000000
38.854167	-0.033202	574600.000000
38.958333	-0.033358	574800.000000
39.062500	-0.028648	575000.000000
39.166667	-0.020758	575200.000000
39.270833	-0.013645	575400.000000
39.375000	-0.010476	575600.000000
39.479167	-0.012484	575800.000000
39.583333	-0.017794	576000.000000
39.687500	-0.024184	576200.000000
39.791667	-0.028676	576400.000000
39.895833	-0.029531	576600.000000
40.000000	-0.026604	576800.000000
40.104167	-0.023036	577000.000000
40.208333	-0.020573	577200.000000
40.312500	-0.020618	577400.000000
40.416667	-0.022223	577600.000000
40.520833	-0.024986	577800.000000
40.625000	-0.027579	578000.000000
40.729167	-0.029274	578200.000000
40.833333	-0.029097	578400.000000
40.937500	-0.026954	578600.000000
41.041667	-0.022480	578800.000000
41.145833	-0.018578	579000.000000
41.250000	-0.017151	579200.000000
41.354167	-0.017999	579400.000000
41.458333	-0.020456	579600.000000
41.562500	-0.022850	579800.000000
41.666667	-0.023727	580000.000000
41.770833	-0.023349	580200.000000
41.875000	-0.022529	580400.000000
41.979167	-0.022086	580600.000000
42.083333	-0.022574	580800.000000
42.187500	-0.024700	581000.000000
42.291667	-0.027473	581200.000000
42.395833	-0.030124	581400.000000
42.500000	-0.030649	581600.000000
42.604167	-0.028610	581800.000000
42.708333	-0.024750	582000.000000
42.812500	-0.021031	582200.000000
42.916667	-0.018753	582400.000000
43.020833	-0.018067	582600.000000
43.125000	-0.018615	582800.000000
43.229167	-0.019700	583000.000000
43.333333	-0.020388	583200.000000
43.437500	-0.020875	583400.000000
43.541667	-0.021843	583600.000000
43.645833	-0.023412	583800.000000
43.750000	-0.026170	584000.000000
43.854167	-0.029397	584200.000000
43.958333	-0.031080	584400.000000
44.062500	-0.029912	584600.000000
44.166667	-0.026734	584800.000000
44.270833	-0.023010	585000.000000
44.375000	-0.021007	585200.000000
44.479167	-0.020657	585400.000000
44.583333	-0.021180	585600.000000
44.687500	-0.021045	585800.000000
44.791667	-0.019948	586000.000000
44.895833	-0.019332	586200.000000
45.000000	-0.020179	586400.000000
45.104167	-0.021824	586600.000000
45.208333	-0.023170	586800.000000
45.312500	-0.023603	587000.000000
45.416667	-0.022665	587200.000000
45.520833	-0.022461	587400.000000
45.625000	-0.023203	587600.000000
45.729167	-0.024736	587800.000000
45.833333	-0.026107	588000.000000
45.937500	-0.026148	588200.000000
46.041667	-0.024860	588400.000000
46.145833	-0.023150	588600.000000
46.250000	-0.022127	588800.000000
46.354167	-0.022069	589000.000000
46.458333	-0.022742	589200.000000
46.562500	-0.023198	589400.000000
46.666667	-0.022786	589600.000000
46.770833	-0.021695	589800.000000
46.875000	-0.020024	590000.000000
46.979167	-0.018766	590200.000000
47.083333	-0.018590	590400.000000
47.187500	-0.019436	590600.000000
47.291667	-0.021409	590800.000000
47.395833	-0.024162	591000.000000
47.500000	-0.026513	591200.000000
47.604167	-0.027795	591400.000000
47.708333	-0.027148	591600.000000
47.812500	-0.025231	591800.000000
47.916667	-0.023462	592000.000000
48.020833	-0.022879	592200.000000
48.125000	-0.023456	592400.000000
48.229167	-0.023281	592600.000000
48.333333	-0.021458	592800.000000
48.437500	-0.018339	593000.000000
48.541667	-0.016101	593200.000000
48.645833	-0.016433	593400.000000
48.750000	-0.019178	593600.000000
48.854167	-0.022219	593800.000000
48.958333	-0.024560	594000.000000
49.062500	-0.026110	594200.000000
49.166667	-0.027249	594400.000000
49.270833	-0.027552	594600.000000
49.375000	-0.026807	594800.000000
49.479167	-0.025000	595000.000000
49.583333	-0.023168	595200.000000
49.687500	-0.021641	595400.000000
49.791667	-0.021051	595600.000000
49.895833	-0.021982	595800.000000
50.000000	-0.022975	596000.000000
50.104167	-0.023304	596200.000000
50.208333	-0.022259	596400.000000
50.312500	-0.020635	596600.000000
50.416667	-0.019010	596800.000000
50.520833	-0.018596	597000.000000
50.625000	-0.019848	597200.000000
50.729167	-0.022245	597400.000000
50.833333	-0.024868	597600.000000
50.937500	-0.026412	597800.000000
51.041667	-0.026016	598000.000000
51.145833	-0.024461	598200.000000
51.250000	-0.022505	598400.000000
51.354167	-0.021625	598600.000000
51.458333	-0.022282	598800.000000
51.562500	-0.023565	599000.000000
51.666667	-0.024833	599200.000000
51.770833	-0.025375	599400.000000
51.875000	-0.024175	599600.000000
51.979167	-0.022256	599800.000000
52.083333	-0.020170	600000.000000
52.187500	-0.018566	600200.000000
52.291667	-0.017607	600400.000000
52.395833	-0.018435	600600.000000
52.500000	-0.020214	600800.000000
52.604167	-0.022095	601000.000000
52.708333	-0.024068	601200.000000
52.812500	-0.025192	601400.000000
52.916667	-0.026370	601600.000000
53.020833	-0.027445	601800.000000
53.125000	-0.027703	602000.000000
53.229167	-0.026832	602200.000000
53.333333	-0.024669	602400.000000
53.437500	-0.022290	602600.000000
53.541667	-0.020869	602800.000000
53.645833	-0.020392	603000.000000
53.750000	-0.020485	603200.000000
53.854167	-0.020492	603400.000000
53.958333	-0.020366	603600.000000
54.062500	-0.020134	603800.000000
54.166667	-0.020763	604000.000000
54.270833	-0.022102	604200.000000
54.375000	-0.023468	604400.000000
54.479167	-0.024466	604600.000000
54.583333	-0.025122	604800.000000
54.687500	-0.025749	605000.000000
54.791667	-0.026238	605200.000000
54.895833	-0.026130	605400.000000
55.000000	-0.024985	605600.000000
55.104167	-0.023738	605800.000000
55.208333	-0.022447	606000.000000
55.312500	-0.021553	606200.000000
55.416667	-0.021417	606400.000000
55.520833	-0.021768	606600.000000
55.625000	-0.022365	606800.000000
55.729167	-0.023368	607000.000000
55.833333	-0.024158	607200.000000
55.937500	-0.024769	607400.000000
56.041667	-0.023873	607600.000000
56.145833	-0.022150	607800.000000
56.250000	-0.021398	608000.000000
56.354167	-0.022847	608200.000000
56.458333	-0.025243	608400.000000
56.562500	-0.027151	608600.000000
56.666667	-0.027546	608800.000000
56.770833	-0.026007	609000.000000
56.875000	-0.024368	609200.000000
56.979167	-0.023589	609400.000000
57.083333	-0.023638	609600.000000
57.187500	-0.024246	609800.000000
57.291667	-0.023955	610000.000000
57.395833	-0.023180	610200.000000
57.500000	-0.021861	610400.000000
57.604167	-0.020670	610600.000000
57.708333	-0.019773	610800.000000
57.812500	-0.019793	611000.000000
57.916667	-0.020894	611200.000000
58.020833	-0.023084	611400.000000
58.125000	-0.025720	611600.000000
58.229167	-0.027824	611800.000000
58.333333	-0.028509	612000.000000
58.437500	-0.027627	612200.000000
58.541667	-0.025261	612400.000000
58.645833	-0.023222	612600.000000
58.750000	-0.022289	612800.000000
58.854167	-0.022721	613000.000000
58.958333	-0.023225	613200.000000
59.062500	-0.022777	613400.000000
59.166667	-0.021842	613600.000000
59.270833	-0.020882	613800.000000
59.375000	-0.020690	614000.000000
59.479167	-0.020848	614200.000000
59.583333	-0.021520	614400.000000
59.687500	-0.022159	614600.000000
59.791667	-0.023427	614800.000000
59.895833	-0.025168	615000.000000
60.000000	-0.026722	615200.000000
60.104167	-0.026970	615400.000000
60.208333	-0.025615	615600.000000
60.312500	-0.023398	615800.000000
60.416667	-0.021266	616000.000000
60.520833	-0.020395	616200.000000
60.625000	-0.021029	616400.000000
60.729167	-0.022418	616600.000000
60.833333	-0.023301	616800.000000
60.937500	-0.023401	617000.000000
61.041667	-0.022658	617200.000000
61.145833	-0.021565	617400.000000
61.250000	-0.021058	617600.000000
61.354167	-0.020863	617800.000000
61.458333	-0.020734	618000.000000
61.562500	-0.020759	618200.000000
61.666667	-0.020999	618400.000000
61.770833	-0.021802	618600.000000
61.875000	-0.022598	618800.000000
61.979167	-0.023452	619000.000000
62.083333	-0.024180	619200.000000
62.187500	-0.024322	619400.000000
62.291667	-0.024011	619600.000000
62.395833	-0.022935	619800.000000
62.500000	-0.021869	620000.000000
62.604167	-0.020822	620200.000000
62.708333	-0.020345	620400.000000
62.812500	-0.020536	620600.000000
62.916667	-0.020651	620800.000000
63.020833	-0.021137	621000.000000
63.125000	-0.021415	621200.000000
63.229167	-0.021286	621400.000000
63.333333	-0.020983	621600.000000
63.437500	-0.020923	621800.000000
63.541667	-0.021720	622000.000000
63.645833	-0.023126	622200.000000
63.750000	-0.024683	622400.000000
63.854167	-0.025289	622600.000000
63.958333	-0.024357	622800.000000
64.062500	-0.022506	623000.000000
64.166667	-0.020212	623200.000000
64.270833	-0.018980	623400.000000
64.375000	-0.018442	623600.000000
64.479167	-0.018692	623800.000000
64.583333	-0.019562	624000.000000
64.687500	-0.021188	624200.000000
64.791667	-0.022206	624400.000000
64.895833	-0.023079	624600.000000
65.000000	-0.023542	624800.000000
65.104167	-0.023472	625000.000000
65.208333	-0.023932	625200.000000
65.312500	-0.024401	625400.000000
65.416667	-0.025325	625600.000000
65.520833	-0.026143	625800.000000
65.625000	-0.025996	626000.000000
65.729167	-0.025573	626200.000000
65.833333	-0.024586	626400.000000
65.937500	-0.023589	626600.000000
66.041667	-0.022727	626800.000000
66.145833	-0.022762	627000.000000
66.250000	-0.023496	627200.000000
66.354167	-0.024682	627400.000000
66.458333	-0.024902	627600.000000
66.562500	-0.023538	627800.000000
66.666667	-0.021673	628000.000000
66.770833	-0.020392	628200.000000
66.875000	-0.020373	628400.000000
66.979167	-0.021535	628600.000000
67.083333	-0.023839	628800.000000
67.187500	-0.025453	629000.000000
67.291667	-0.026211	629200.000000
67.395833	-0.026021	629400.000000
67.500000	-0.024894	629600.000000
67.604167	-0.023976	629800.000000
67.708333	-0.023584	630000.000000
67.812500	-0.023544	630200.000000
67.916667	-0.023609	630400.000000
68.020833	-0.023985	630600.000000
68.125000	-0.023957	630800.000000
68.229167	-0.023162	631000.000000
68.333333	-0.021922	631200.000000
68.437500	-0.020636	631400.000000
68.541667	-0.020270	631600.000000
68.645833	-0.021432	631800.000000
68.750000	-0.023399	632000.000000
68.854167	-0.025373	632200.000000
68.958333	-0.026460	632400.000000
69.062500	-0.026280	632600.000000
69.166667	-0.025465	632800.000000
69.270833	-0.024614	633000.000000
69.375000	-0.023619	633200.000000
69.479167	-0.022624	633400.000000
69.583333	-0.021471	633600.000000
69.687500	-0.020397	633800.000000
69.791667	-0.019765	634000.000000
69.895833	-0.019565	634200.000000
70.000000	-0.020049	634400.000000
70.104167	-0.020627	634600.000000
70.208333	-0.021392	634800.000000
70.312500	-0.021587	635000.000000
70.416667	-0.022179	635200.000000
70.520833	-0.022671	635400.000000
70.625000	-0.022852	635600.000000
70.729167	-0.023123	635800.000000
70.833333	-0.023081	636000.000000
70.937500	-0.023607	636200.000000
71.041667	-0.024377	636400.000000
71.145833	-0.025617	636600.000000
71.250000	-0.026175	636800.000000
71.354167	-0.026348	637000.000000
71.458333	-0.025503	637200.000000
71.562500	-0.024595	637400.000000
71.666667	-0.024378	637600.000000
71.770833	-0.024754	637800.000000
71.875000	-0.025625	638000.000000
71.979167	-0.026376	638200.000000
72.083333	-0.026727	638400.000000
72.187500	-0.026372	638600.000000
72.291667	-0.025495	638800.000000
72.395833	-0.024442	639000.000000
72.500000	-0.023579	639200.000000
72.604167	-0.023491	639400.000000
72.708333	-0.023966	639600.000000
72.812500	-0.024871	639800.000000
72.916667	-0.025545	640000.000000
73.020833	-0.025569	640200.000000
73.125000	-0.024303	640400.000000
73.229167	-0.022353	640600.000000
73.333333	-0.020134	640800.000000
73.437500	-0.019198	641000.000000
73.541667	-0.019089	641200.000000
73.645833	-0.019612	641400.000000
73.750000	-0.020660	641600.000000
73.854167	-0.021234	641800.000000
73.958333	-0.021319	642000.000000
74.062500	-0.021406	642200.000000
74.166667	-0.021736	642400.000000
74.270833	-0.022239	642600.000000
74.375000	-0.023486	642800.000000
74.479167	-0.024491	643000.000000
74.583333	-0.025203	643200.000000
74.687500	-0.025284	643400.000000
74.791667	-0.024337	643600.000000
74.895833	-0.022654	643800.000000
75.000000	-0.021360	644000.000000
75.104167	-0.020982	644200.000000
75.208333	-0.021706	644400.000000
75.312500	-0.022861	644600.000000
75.416667	-0.023915	644800.000000
75.520833	-0.024401	645000.000000
75.625000	-0.024146	645200.000000
75.729167	-0.023368	645400.000000
75.833333	-0.022785	645600.000000
75.937500	-0.022760	645800.000000
76.041667	-0.023167	646000.000000
76.145833	-0.023843	646200.000000
76.250000	-0.024669	646400.000000
76.354167	-0.024656	646600.000000
76.458333	-0.023648	646800.000000
76.562500	-0.022489	647000.000000
76.666667	-0.021067	647200.000000
76.770833	-0.020371	647400.000000
76.875000	-0.020955	647600.000000
76.979167	-0.022167	647800.000000
77.083333	-0.023695	648000.000000
77.187500	-0.024341	648200.000000
77.291667	-0.024037	648400.000000
77.395833	-0.023128	648600.000000
77.500000	-0.022450	648800.000000
77.604167	-0.022079	649000.000000
77.708333	-0.022519	649200.000000
77.812500	-0.023429	649400.000000
77.916667	-0.024585	649600.000000
78.020833	-0.025806	649800.000000
78.125000	-0.026554	650000.000000
78.229167	-0.026461	650200.000000
78.333333	-0.025955	650400.000000
78.437500	-0.025064	650600.000000
78.541667	-0.023948	650800.000000
78.645833	-0.023282	651000.000000
78.750000	-0.023020	651200.000000
78.854167	-0.022725	651400.000000
78.958333	-0.022568	651600.000000
79.062500	-0.022305	651800.000000
79.166667	-0.022261	652000.000000
79.270833	-0.022637	652200.000000
79.375000	-0.023280	652400.000000
79.479167	-0.023801	652600.000000
79.583333	-0.024368	652800.000000
79.687500	-0.024611	653000.000000
79.791667	-0.024726	653200.000000
79.895833	-0.024869	653400.000000
80.000000	-0.024773	653600.000000
80.104167	-0.024600	653800.000000
80.208333	-0.024385	654000.000000
80.312500	-0.024138	654200.000000
80.416667	-0.023509	654400.000000
80.520833	-0.022958	654600.000000
80.625000	-0.022661	654800.000000
80.729167	-0.022689	655000.000000
80.833333	-0.022888	655200.000000
80.937500	-0.022944	655400.000000
81.041667	-0.023425	655600.000000
81.145833	-0.023627	655800.000000
81.250000	-0.023683	656000.000000
81.354167	-0.023581	656200.000000
81.458333	-0.023750	656400.000000
81.562500	-0.023618	656600.000000
81.666667	-0.023349	656800.000000
81.770833	-0.023147	657000.000000
81.875000	-0.023142	657200.000000
81.979167	-0.023539	657400.000000
82.083333	-0.023857	657600.000000
82.187500	-0.023773	657800.000000
82.291667	-0.023406	658000.000000
82.395833	-0.023148	658200.000000
82.500000	-0.022662	658400.000000
82.604167	-0.022357	658600.000000
82.708333	-0.021759	658800.000000
82.812500	-0.021163	659000.000000
82.916667	-0.020896	659200.000000
83.020833	-0.021119	659400.000000
83.125000	-0.021952	659600.000000
83.229167	-0.022449	659800.000000
83.333333	-0.023411	660000.000000
83.437500	-0.023670	660200.000000
83.541667	-0.023525	660400.000000
83.645833	-0.023200	660600.000000
83.750000	-0.022819	660800.000000
83.854167	-0.022417	661000.000000
83.958333	-0.021704	661200.000000
84.062500	-0.020984	661400.000000
84.166667	-0.020927	661600.000000
84.270833	-0.021353	661800.000000
84.375000	-0.021728	662000.000000
84.479167	-0.021851	662200.000000
84.583333	-0.021867	662400.000000
84.687500	-0.021292	662600.000000
84.791667	-0.021494	662800.000000
84.895833	-0.022279	663000.000000
85.000000	-0.023331	663200.000000
85.104167	-0.024268	663400.000000
85.208333	-0.024432	663600.000000
85.312500	-0.024312	663800.000000
85.416667	-0.023656	664000.000000
85.520833	-0.022754	664200.000000
85.625000	-0.022023	664400.000000
85.729167	-0.021636	664600.000000
85.833333	-0.021552	664800.000000
85.937500	-0.022003	665000.000000
86.041667	-0.022644	665200.000000
86.145833	-0.023113	665400.000000
86.250000	-0.023308	665600.000000
86.354167	-0.023365	665800.000000
86.458333	-0.022810	666000.000000
86.562500	-0.022743	666200.000000
86.666667	-0.023090	666400.000000
86.770833	-0.023137	666600.000000
86.875000	-0.023601	666800.000000
86.979167	-0.023990	667000.000000
87.083333	-0.024049	667200.000000
87.187500	-0.023998	667400.000000
87.291667	-0.023931	667600.000000
87.395833	-0.024041	667800.000000
87.500000	-0.024154	668000.000000
87.604167	-0.023895	668200.000000
87.708333	-0.023443	668400.000000
87.812500	-0.022974	668600.000000
87.916667	-0.022392	668800.000000
88.020833	-0.021946	669000.000000
88.125000	-0.022040	669200.000000
88.229167	-0.022106	669400.000000
88.333333	-0.022436	669600.000000
88.437500	-0.022801	669800.000000
88.541667	-0.023150	670000.000000
88.645833	-0.023721	670200.000000
88.750000	-0.024093	670400.000000
88.854167	-0.024139	670600.000000
88.958333	-0.024257	670800.000000
89.062500	-0.024214	671000.000000
89.166667	-0.023977	671200.000000
89.270833	-0.023656	671400.000000
89.375000	-0.023364	671600.000000
89.479167	-0.023091	671800.000000
89.583333	-0.022373	672000.000000
89.687500	-0.022283	672200.000000
89.791667	-0.022216	672400.000000
89.895833	-0.022368	672600.000000
90.000000	-0.022934	672800.000000
90.104167	-0.023211	673000.000000
90.208333	-0.023798	673200.000000
90.312500	-0.024333	673400.000000
90.416667	-0.024766	673600.000000
90.520833	-0.024999	673800.000000
90.625000	-0.024862	674000.000000
90.729167	-0.024496	674200.000000
90.833333	-0.024000	674400.000000
90.937500	-0.023500	674600.000000
91.041667	-0.023509	674800.000000
91.145833	-0.023420	675000.000000
91.250000	-0.023671	675200.000000
91.354167	-0.023844	675400.000000
91.458333	-0.023981	675600.000000
91.562500	-0.024138	675800.000000
91.666667	-0.024062	676000.000000
91.770833	-0.023760	676200.000000
91.875000	-0.023327	676400.000000
91.979167	-0.022895	676600.000000
92.083333	-0.022967	676800.000000
92.187500	-0.023527	677000.000000
92.291667	-0.023984	677200.000000
92.395833	-0.024164	677400.000000
92.500000	-0.024357	677600.000000
92.604167	-0.024146	677800.000000
92.708333	-0.023805	678000.000000
92.812500	-0.023263	678200.000000
92.916667	-0.022712	678400.000000
93.020833	-0.022563	678600.000000
93.125000	-0.022580	678800.000000
93.229167	-0.022556	679000.000000
93.333333	-0.022445	679200.000000
93.437500	-0.022699	679400.000000
93.541667	-0.022614	679600.000000
93.645833	-0.022417	679800.000000
93.750000	-0.022367	680000.000000
93.854167	-0.022554	680200.000000
93.958333	-0.023185	680400.000000
94.062500	-0.024097	680600.000000
94.166667	-0.024528	680800.000000
94.270833	-0.025229	681000.000000
94.375000	-0.025472	681200.000000
94.479167	-0.025147	681400.000000
94.583333	-0.024546	681600.000000
94.687500	-0.023430	681800.000000
94.791667	-0.022627	682000.000000
94.895833	-0.022303	682200.000000
95.000000	-0.022462	682400.000000
95.104167	-0.022969	682600.000000
95.208333	-0.023506	682800.000000
95.312500	-0.023633	683000.000000
95.416667	-0.023410	683200.000000
95.520833	-0.023517	683400.000000
95.625000	-0.023517	683600.000000
95.729167	-0.023930	683800.000000
95.833333	-0.024226	684000.000000
95.937500	-0.024331	684200.000000
96.041667	-0.024407	684400.000000
96.145833	-0.024272	684600.000000
96.250000	-0.024028	684800.000000
96.354167	-0.023828	685000.000000
96.458333	-0.023590	685200.000000
96.562500	-0.023444	685400.000000
96.666667	-0.023365	685600.000000
96.770833	-0.023594	685800.000000
96.875000	-0.023714	686000.000000
96.979167	-0.023641	686200.000000
97.083333	-0.023246	686400.000000
97.187500	-0.023057	686600.000000
97.291667	-0.022691	686800.000000
97.395833	-0.022726	687000.000000
97.500000	-0.022682	687200.000000
97.604167	-0.022773	687400.000000
97.708333	-0.023264	687600.000000
97.812500	-0.023716	687800.000000
97.916667	-0.023872	688000.000000
98.020833	-0.024019	688200.000000
98.125000	-0.023846	688400.000000
98.229167	-0.023650	688600.000000
98.333333	-0.023737	688800.000000
98.437500	-0.023523	689000.000000
98.541667	-0.023598	689200.000000
98.645833	-0.024084	689400.000000
98.750000	-0.023995	689600.000000
98.854167	-0.023832	689800.000000
98.958333	-0.023337	690000.000000
99.062500	-0.022701	690200.000000
99.166667	-0.022747	690400.000000
99.270833	-0.023522	690600.000000
99.375000	-0.024090	690800.000000
99.479167	-0.024890	691000.000000
99.583333	-0.025185	691200.000000
99.687500	-0.025063	691400.000000
99.791667	-0.024374	691600.000000
99.895833	-0.023717	691800.000000
100.000000	-0.022873	692000.000000
100.104167	-0.022612	692200.000000
100.208333	-0.022586	692400.000000
100.312500	-0.022926	692600.000000
100.416667	-0.023407	692800.000000
100.520833	-0.023760	693000.000000
100.625000	-0.023804	693200.000000
100.729167	-0.023483	693400.000000
100.833333	-0.023147	693600.000000
100.937500	-0.023020	693800.000000
101.041667	-0.023119	694000.000000
101.145833	-0.023307	694200.000000
101.250000	-0.023666	694400.000000
101.354167	-0.023689	694600.000000
101.458333	-0.023954	694800.000000
101.562500	-0.023642	695000.000000
101.666667	-0.023316	695200.000000
101.770833	-0.022664	695400.000000
101.875000	-0.022598	695600.000000
101.979167	-0.022823	695800.000000
102.083333	-0.023319	696000.000000
102.187500	-0.023455	696200.000000
102.291667	-0.023877	696400.000000
102.395833	-0.023743	696600.000000
102.500000	-0.023574	696800.000000
102.604167	-0.023224	697000.000000
102.708333	-0.022848	697200.000000
102.812500	-0.023011	697400.000000
102.916667	-0.023489	697600.000000
103.020833	-0.023852	697800.000000
103.125000	-0.024253	698000.000000
103.229167	-0.024394	698200.000000
103.333333	-0.024556	698400.000000
103.437500	-0.024888	698600.000000
103.541667	-0.024904	698800.000000
103.645833	-0.024414	699000.000000
103.750000	-0.023903	699200.000000
103.854167	-0.023619	699400.000000
103.958333	-0.022994	699600.000000
104.062500	-0.022935	699800.000000
104.166667	-0.022952	700000.000000
104.270833	-0.023305	700200.000000
104.375000	-0.023409	700400.000000
104.479167	-0.023622	700600.000000
104.583333	-0.023556	700800.000000
104.687500	-0.023633	701000.000000
104.791667	-0.023691	701200.000000
104.895833	-0.023737	701400.000000
105.000000	-0.024069	701600.000000
105.104167	-0.024285	701800.000000
105.208333	-0.024003	702000.000000
105.312500	-0.023857	702200.000000
105.416667	-0.023354	702400.000000
105.520833	-0.022708	702600.000000
105.625000	-0.022507	702800.000000
105.729167	-0.022474	703000.000000
105.833333	-0.022769	703200.000000
105.937500	-0.023028	703400.000000
106.041667	-0.023313	703600.000000
106.145833	-0.023321	703800.000000
106.250000	-0.023275	704000.000000
106.354167	-0.023390	704200.000000
106.458333	-0.023268	704400.000000
106.562500	-0.023324	704600.000000
106.666667	-0.023373	704800.000000
106.770833	-0.023449	705000.000000
106.875000	-0.023874	705200.000000
106.979167	-0.023814	705400.000000
107.083333	-0.023526	705600.000000
107.187500	-0.023134	705800.000000
107.291667	-0.022755	706000.000000
107.395833	-0.022718	706200.000000
107.500000	-0.022812	706400.000000
107.604167	-0.023123	706600.000000
107.708333	-0.023299	706800.000000
107.812500	-0.023240	707000.000000
107.916667	-0.023242	707200.000000
108.020833	-0.022905	707400.000000
108.125000	-0.022328	707600.000000
108.229167	-0.022049	707800.000000
108.333333	-0.022278	708000.000000
108.437500	-0.022902	708200.000000
108.541667	-0.023830	708400.000000
108.645833	-0.024675	708600.000000
108.750000	-0.024821	708800.000000
108.854167	-0.024514	709000.000000
108.958333	-0.023713	709200.000000
109.062500	-0.023017	709400.000000
109.166667	-0.022781	709600.000000
109.270833	-0.023167	709800.000000
109.375000	-0.023485	710000.000000
109.479167	-0.024097	710200.000000
109.583333	-0.024115	710400.000000
109.687500	-0.023665	710600.000000
109.791667	-0.023501	710800.000000
109.895833	-0.023432	711000.000000
110.000000	-0.023344	711200.000000
110.104167	-0.023572	711400.000000
110.208333	-0.023940	711600.000000
110.312500	-0.024293	711800.000000
110.416667	-0.024630	712000.000000
110.520833	-0.024363	712200.000000
110.625000	-0.024017	712400.000000
110.729167	-0.023123	712600.000000
110.833333	-0.022454	712800.000000
110.937500	-0.021855	713000.000000
111.041667	-0.022021	713200.000000
111.145833	-0.022273	713400.000000
111.250000	-0.022934	713600.000000
111.354167	-0.023348	713800.000000
111.458333	-0.023492	714000.000000
111.562500	-0.023580	714200.000000
111.666667	-0.023514	714400.000000
111.770833	-0.023692	714600.000000
111.875000	-0.023792	714800.000000
111.979167	-0.024052	715000.000000
112.083333	-0.024333	715200.000000
112.187500	-0.024613	715400.000000
112.291667	-0.024603	715600.000000
112.395833	-0.024410	715800.000000
112.500000	-0.024183	716000.000000
112.604167	-0.023764	716200.000000
112.708333	-0.023621	716400.000000
112.812500	-0.023642	716600.000000
112.916667	-0.023411	716800.000000
113.020833	-0.023314	717000.000000
113.125000	-0.023155	717200.000000
113.229167	-0.023031	717400.000000
113.333333	-0.022868	717600.000000
113.437500	-0.023053	717800.000000
113.541667	-0.022968	718000.000000
113.645833	-0.022910	718200.000000
113.750000	-0.022892	718400.000000
113.854167	-0.023296	718600.000000
113.958333	-0.023675	718800.000000
114.062500	-0.023717	719000.000000
114.166667	-0.023831	719200.000000
114.270833	-0.023821	719400.000000
114.375000	-0.023623	719600.000000
114.479167	-0.023202	719800.000000
114.583333	-0.022575	720000.000000
114.687500	-0.022460	720200.000000
114.791667	-0.022809	720400.000000
114.895833	-0.023041	720600.000000
115.000000	-0.023228	720800.000000
115.104167	-0.023689	721000.000000
115.208333	-0.023740	721200.000000
115.312500	-0.023577	721400.000000
115.416667	-0.023654	721600.000000
115.520833	-0.023808	721800.000000
115.625000	-0.024085	722000.000000
115.729167	-0.024310	722200.000000
115.833333	-0.024300	722400.000000
115.937500	-0.024067	722600.000000
116.041667	-0.023810	722800.000000
116.145833	-0.023359	723000.000000
116.250000	-0.022991	723200.000000
116.354167	-0.023016	723400.000000
116.458333	-0.022800	723600.000000
116.562500	-0.022868	723800.000000
116.666667	-0.023199	724000.000000
116.770833	-0.023302	724200.000000
116.875000	-0.023183	724400.000000
116.979167	-0.023047	724600.000000
117.083333	-0.022700	724800.000000
117.187500	-0.022271	725000.000000
117.291667	-0.022193	725200.000000
117.395833	-0.022176	725400.000000
117.500000	-0.022326	725600.000000
117.604167	-0.022625	725800.000000
117.708333	-0.022949	726000.000000
117.812500	-0.022889	726200.000000
117.916667	-0.023094	726400.000000
118.020833	-0.022927	726600.000000
118.125000	-0.022808	726800.000000
118.229167	-0.023143	727000.000000
118.333333	-0.023635	727200.000000
118.437500	-0.024211	727400.000000
118.541667	-0.024650	727600.000000
118.645833	-0.024942	727800.000000
118.750000	-0.024913	728000.000000
118.854167	-0.024615	728200.000000
118.958333	-0.024598	728400.000000
119.062500	-0.024398	728600.000000
119.166667	-0.024773	728800.000000
119.270833	-0.024929	729000.000000
119.375000	-0.024989	729200.000000
119.479167	-0.025136	729400.000000
119.583333	-0.024526	729600.000000
119.687500	-0.024351	729800.000000
119.791667	-0.023883	730000.000000
119.895833	-0.023554	730200.000000
120.000000	-0.023159	730400.000000
120.104167	-0.023002	730600.000000
120.208333	-0.022517	730800.000000
120.312500	-0.022552	731000.000000
120.416667	-0.022851	731200.000000
120.520833	-0.022979	731400.000000
120.625000	-0.023607	731600.000000
120.729167	-0.023993	731800.000000
120.833333	-0.024218	732000.000000
120.937500	-0.024275	732200.000000
121.041667	-0.023975	732400.000000
121.145833	-0.023973	732600.000000
121.250000	-0.023886	732800.000000
121.354167	-0.024078	733000.000000
121.458333	-0.024087	733200.000000
121.562500	-0.024417	733400.000000
121.666667	-0.024721	733600.000000
121.770833	-0.024518	733800.000000
121.875000	-0.024538	734000.000000
121.979167	-0.024316	734200.000000
122.083333	-0.023966	734400.000000
122.187500	-0.023651	734600.000000
122.291667	-0.023848	734800.000000
122.395833	-0.023547	735000.000000
122.500000	-0.023409	735200.000000
122.604167	-0.023224	735400.000000
122.708333	-0.023083	735600.000000
122.812500	-0.023143	735800.000000
122.916667	-0.022782	736000.000000
123.020833	-0.022746	736200.000000
123.125000	-0.022800	736400.000000
123.229167	-0.022802	736600.000000
123.333333	-0.022736	736800.000000
123.437500	-0.022850	737000.000000
123.541667	-0.022712	737200.000000
123.645833	-0.022588	737400.000000
123.750000	-0.022326	737600.000000
123.854167	-0.022274	737800.000000
123.958333	-0.022394	738000.000000
124.062500	-0.022523	738200.000000
124.166667	-0.022655	738400.000000
124.270833	-0.022967	738600.000000
124.375000	-0.023123	738800.000000
124.479167	-0.022920	739000.000000
124.583333	-0.022846	739200.000000
124.687500	-0.023112	739400.000000
124.791667	-0.023046	739600.000000
124.895833	-0.023445	739800.000000
125.000000	-0.023769	740000.000000
125.104167	-0.023550	740200.000000
125.208333	-0.023396	740400.000000
125.312500	-0.023008	740600.000000
125.416667	-0.022721	740800.000000
125.520833	-0.022728	741000.000000
125.625000	-0.023090	741200.000000
125.729167	-0.023618	741400.000000
125.833333	-0.024224	741600.000000
125.937500	-0.024332	741800.000000
126.041667	-0.024223	742000.000000
126.145833	-0.024367	742200.000000
126.250000	-0.024259	742400.000000
126.354167	-0.023882	742600.000000
126.458333	-0.023986	742800.000000
126.562500	-0.024140	743000.000000
126.666667	-0.024370	743200.000000
126.770833	-0.024556	743400.000000
126.875000	-0.024385	743600.000000
126.979167	-0.023979	743800.000000
127.083333	-0.023813	744000.000000
127.187500	-0.023377	744200.000000
127.291667	-0.023308	744400.000000
127.395833	-0.023399	744600.000000
127.500000	-0.023716	744800.000000
127.604167	-0.024098	745000.000000
127.708333	-0.024369	745200.000000
127.812500	-0.024419	745400.000000
127.916667	-0.024141	745600.000000
128.020833	-0.023798	745800.000000
128.125000	-0.023578	746000.000000
128.229167	-0.023748	746200.000000
128.333333	-0.024060	746400.000000
128.437500	-0.024233	746600.000000
128.541667	-0.024351	746800.000000
128.645833	-0.024057	747000.000000
128.750000	-0.023514	747200.000000
128.854167	-0.023358	747400.000000
128.958333	-0.022977	747600.000000
129.062500	-0.022958	747800.000000
129.166667	-0.022726	748000.000000
129.270833	-0.022634	748200.000000
129.375000	-0.022704	748400.000000
129.479167	-0.022827	748600.000000
129.583333	-0.023133	748800.000000
129.687500	-0.023476	749000.000000
129.791667	-0.023444	749200.000000
129.895833	-0.023771	749400.000000
130.000000	-0.023869	749600.000000
130.104167	-0.024561	749800.000000
130.208333	-0.025020	750000.000000
