0.000000	-0.021856	500000.000000
0.104167	-0.021839	500200.000000
0.208333	-0.021670	500400.000000
0.312500	-0.021786	500600.000000
0.416667	-0.021767	500800.000000
0.520833	-0.021555	501000.000000
0.625000	-0.021744	501200.000000
0.729167	-0.021634	501400.000000
0.833333	-0.021718	501600.000000
0.937500	-0.021603	501800.000000
1.041667	-0.021508	502000.000000
1.145833	-0.021682	502200.000000
1.250000	-0.021779	502400.000000
1.354167	-0.021734	502600.000000
1.458333	-0.021814	502800.000000
1.562500	-0.021740	503000.000000
1.666667	-0.021817	503200.000000
1.770833	-0.021678	503400.000000
1.875000	-0.021798	503600.000000
1.979167	-0.021695	503800.000000
2.083333	-0.021817	504000.000000
2.187500	-0.021993	504200.000000
2.291667	-0.021833	504400.000000
2.395833	-0.021822	504600.000000
2.500000	-0.021859	504800.000000
2.604167	-0.021783	505000.000000
2.708333	-0.021838	505200.000000
2.812500	-0.022109	505400.000000
2.916667	-0.021962	505600.000000
3.020833	-0.021925	505800.000000
3.125000	-0.021827	506000.000000
3.229167	-0.021841	506200.000000
3.333333	-0.021881	506400.000000
3.437500	-0.021729	506600.000000
3.541667	-0.021705	506800.000000
3.645833	-0.021761	507000.000000
3.750000	-0.021616	507200.000000
3.854167	-0.021807	507400.000000
3.958333	-0.021848	507600.000000
4.062500	-0.021761	507800.000000
4.166667	-0.021610	508000.000000
4.270833	-0.021644	508200.000000
4.375000	-0.021715	508400.000000
4.479167	-0.021847	508600.000000
4.583333	-0.021904	508800.000000
4.687500	-0.021697	509000.000000
4.791667	-0.021628	509200.000000
4.895833	-0.021772	509400.000000
5.000000	-0.021691	509600.000000
5.104167	-0.021723	509800.000000
5.208333	-0.021726	510000.000000
5.312500	-0.021814	510200.000000
5.416667	-0.021905	510400.000000
5.520833	-0.021888	510600.000000
5.625000	-0.021889	510800.000000
5.729167	-0.021766	511000.000000
5.833333	-0.021806	511200.000000
5.937500	-0.021737	511400.000000
6.041667	-0.021791	511600.000000
6.145833	-0.021850	511800.000000
6.250000	-0.021824	512000.000000
6.354167	-0.021798	512200.000000
6.458333	-0.021738	512400.000000
6.562500	-0.021847	512600.000000
6.666667	-0.021770	512800.000000
6.770833	-0.021874	513000.000000
6.875000	-0.021788	513200.000000
6.979167	-0.021797	513400.000000
7.083333	-0.021848	513600.000000
7.187500	-0.021804	513800.000000
7.291667	-0.021909	514000.000000
7.395833	-0.021881	514200.000000
7.500000	-0.021811	514400.000000
7.604167	-0.021820	514600.000000
7.708333	-0.021650	514800.000000
7.812500	-0.021846	515000.000000
7.916667	-0.021838	515200.000000
8.020833	-0.021744	515400.000000
8.125000	-0.021738	515600.000000
8.229167	-0.021950	515800.000000
8.333333	-0.021957	516000.000000
8.437500	-0.021746	516200.000000
8.541667	-0.021903	516400.000000
8.645833	-0.021890	516600.000000
8.750000	-0.021767	516800.000000
8.854167	-0.022003	517000.000000
8.958333	-0.021887	517200.000000
9.062500	-0.021815	517400.000000
9.166667	-0.022032	517600.000000
9.270833	-0.021947	517800.000000
9.375000	-0.021878	518000.000000
9.479167	-0.021814	518200.000000
9.583333	-0.021761	518400.000000
9.687500	-0.021779	518600.000000
9.791667	-0.021682	518800.000000
9.895833	-0.021821	519000.000000
10.000000	-0.021882	519200.000000
10.104167	-0.021836	519400.000000
10.208333	-0.021768	519600.000000
10.312500	-0.021815	519800.000000
10.416667	-0.021931	520000.000000
10.520833	-0.021816	520200.000000
10.625000	-0.021664	520400.000000
10.729167	-0.021936	520600.000000
10.833333	-0.021816	520800.000000
10.937500	-0.021952	521000.000000
11.041667	-0.022072	521200.000000
11.145833	-0.021967	521400.000000
11.250000	-0.021929	521600.000000
11.354167	-0.022176	521800.000000
11.458333	-0.021817	522000.000000
11.562500	-0.021872	522200.000000
11.666667	-0.021966	522400.000000
11.770833	-0.021799	522600.000000
11.875000	-0.021839	522800.000000
11.979167	-0.021882	523000.000000
12.083333	-0.021949	523200.000000
12.187500	-0.021972	523400.000000
12.291667	-0.021884	523600.000000
12.395833	-0.021785	523800.000000
12.500000	-0.021872	524000.000000
12.604167	-0.022045	524200.000000
12.708333	-0.021947	524400.000000
12.812500	-0.021961	524600.000000
12.916667	-0.021997	524800.000000
13.020833	-0.022010	525000.000000
13.125000	-0.021936	525200.000000
13.229167	-0.021960	525400.000000
13.333333	-0.021940	525600.000000
13.437500	-0.021907	525800.000000
13.541667	-0.021987	526000.000000
13.645833	-0.022116	526200.000000
13.750000	-0.022175	526400.000000
13.854167	-0.022048	526600.000000
13.958333	-0.021992	526800.000000
14.062500	-0.022053	527000.000000
14.166667	-0.022008	527200.000000
14.270833	-0.022131	527400.000000
14.375000	-0.022139	527600.000000
14.479167	-0.022095	527800.000000
14.583333	-0.022305	528000.000000
14.687500	-0.022156	528200.000000
14.791667	-0.022003	528400.000000
14.895833	-0.022028	528600.000000
15.000000	-0.021973	528800.000000
15.104167	-0.022002	529000.000000
15.208333	-0.022134	529200.000000
15.312500	-0.021988	529400.000000
15.416667	-0.022249	529600.000000
15.520833	-0.022168	529800.000000
15.625000	-0.022231	530000.000000
15.729167	-0.022154	530200.000000
15.833333	-0.022086	530400.000000
15.937500	-0.022241	530600.000000
16.041667	-0.022106	530800.000000
16.145833	-0.022170	531000.000000
16.250000	-0.022235	531200.000000
16.354167	-0.022215	531400.000000
16.458333	-0.022306	531600.000000
16.562500	-0.022272	531800.000000
16.666667	-0.022374	532000.000000
16.770833	-0.022252	532200.000000
16.875000	-0.022425	532400.000000
16.979167	-0.022477	532600.000000
17.083333	-0.022450	532800.000000
17.187500	-0.022377	533000.000000
17.291667	-0.022504	533200.000000
17.395833	-0.022486	533400.000000
17.500000	-0.022677	533600.000000
17.604167	-0.022859	533800.000000
17.708333	-0.022691	534000.000000
17.812500	-0.022823	534200.000000
17.916667	-0.023021	534400.000000
18.020833	-0.023185	534600.000000
18.125000	-0.023230	534800.000000
18.229167	-0.023150	535000.000000
18.333333	-0.023311	535200.000000
18.437500	-0.023263	535400.000000
18.541667	-0.023563	535600.000000
18.645833	-0.023728	535800.000000
18.750000	-0.023782	536000.000000
18.854167	-0.024066	536200.000000
18.958333	-0.024287	536400.000000
19.062500	-0.024575	536600.000000
19.166667	-0.024769	536800.000000
19.270833	-0.024738	537000.000000
19.375000	-0.025184	537200.000000
19.479167	-0.025487	537400.000000
19.583333	-0.025846	537600.000000
19.687500	-0.026231	537800.000000
19.791667	-0.026783	538000.000000
19.895833	-0.027172	538200.000000
20.000000	-0.028025	538400.000000
20.104167	-0.028789	538600.000000
20.208333	-0.029482	538800.000000
20.312500	-0.030604	539000.000000
20.416667	-0.031568	539200.000000
20.520833	-0.032737	539400.000000
20.625000	-0.034132	539600.000000
20.729167	-0.035570	539800.000000
20.833333	-0.037170	540000.000000
20.937500	-0.039158	540200.000000
21.041667	-0.041083	540400.000000
21.145833	-0.043059	540600.000000
21.250000	-0.045342	540800.000000
21.354167	-0.047560	541000.000000
21.458333	-0.049648	541200.000000
21.562500	-0.051570	541400.000000
21.666667	-0.053202	541600.000000
21.770833	-0.053948	541800.000000
21.875000	-0.053309	542000.000000
21.979167	-0.049584	542200.000000
22.083333	-0.038684	542400.000000
22.187500	-0.014610	542600.000000
22.291667	0.033151	542800.000000
22.395833	0.110829	543000.000000
22.500000	0.211783	543200.000000
22.604167	0.316057	543400.000000
22.708333	0.382188	543600.000000
22.812500	0.378733	543800.000000
22.916667	0.296205	544000.000000
23.020833	0.157290	544200.000000
23.125000	0.001139	544400.000000
23.229167	-0.124406	544600.000000
23.333333	-0.198968	544800.000000
23.437500	-0.225101	545000.000000
23.541667	-0.218210	545200.000000
23.645833	-0.197719	545400.000000
23.750000	-0.176132	545600.000000
23.854167	-0.156460	545800.000000
23.958333	-0.138896	546000.000000
24.062500	-0.124475	546200.000000
24.166667	-0.117752	546400.000000
24.270833	-0.121109	546600.000000
24.375000	-0.130314	546800.000000
24.479167	-0.134919	547000.000000
24.583333	-0.125125	547200.000000
24.687500	-0.097847	547400.000000
24.791667	-0.061052	547600.000000
24.895833	-0.031034	547800.000000
25.000000	-0.016684	548000.000000
25.104167	-0.018624	548200.000000
25.208333	-0.029283	548400.000000
25.312500	-0.038723	548600.000000
25.416667	-0.040494	548800.000000
25.520833	-0.034552	549000.000000
25.625000	-0.023700	549200.000000
25.729167	-0.011248	549400.000000
25.833333	-0.001247	549600.000000
25.937500	0.002615	549800.000000
26.041667	-0.002341	550000.000000
26.145833	-0.014206	550200.000000
26.250000	-0.026868	550400.000000
26.354167	-0.032068	550600.000000
26.458333	-0.025870	550800.000000
26.562500	-0.011555	551000.000000
26.666667	0.002005	551200.000000
26.770833	0.007867	551400.000000
26.875000	0.005014	551600.000000
26.979167	-0.001072	551800.000000
27.083333	-0.003351	552000.000000
27.187500	0.000907	552200.000000
27.291667	0.008138	552400.000000
27.395833	0.012068	552600.000000
27.500000	0.009139	552800.000000
27.604167	-0.000352	553000.000000
27.708333	-0.012201	553200.000000
27.812500	-0.021825	553400.000000
27.916667	-0.028023	553600.000000
28.020833	-0.030872	553800.000000
28.125000	-0.031399	554000.000000
28.229167	-0.030210	554200.000000
28.333333	-0.026834	554400.000000
28.437500	-0.020751	554600.000000
28.541667	-0.013209	554800.000000
28.645833	-0.005849	555000.000000
28.750000	-0.002037	555200.000000
28.854167	-0.003832	555400.000000
28.958333	-0.010784	555600.000000
29.062500	-0.018674	555800.000000
29.166667	-0.024456	556000.000000
29.270833	-0.025888	556200.000000
29.375000	-0.023812	556400.000000
29.479167	-0.021042	556600.000000
29.583333	-0.020331	556800.000000
29.687500	-0.022342	557000.000000
29.791667	-0.026444	557200.000000
29.895833	-0.029206	557400.000000
30.000000	-0.029784	557600.000000
30.104167	-0.027376	557800.000000
30.208333	-0.021856	558000.000000
30.312500	-0.016323	558200.000000
30.416667	-0.012261	558400.000000
30.520833	-0.010630	558600.000000
30.625000	-0.010861	558800.000000
30.729167	-0.011941	559000.000000
30.833333	-0.012886	559200.000000
30.937500	-0.013784	559400.000000
31.041667	-0.015275	559600.000000
31.145833	-0.016237	559800.000000
31.250000	-0.016499	560000.000000
31.354167	-0.016244	560200.000000
31.458333	-0.017069	560400.000000
31.562500	-0.020804	560600.000000
31.666667	-0.029079	560800.000000
31.770833	-0.039981	561000.000000
31.875000	-0.049390	561200.000000
31.979167	-0.052091	561400.000000
32.083333	-0.046173	561600.000000
32.187500	-0.034017	561800.000000
32.291667	-0.020930	562000.000000
32.395833	-0.012181	562200.000000
32.500000	-0.009930	562400.000000
32.604167	-0.013519	562600.000000
32.708333	-0.019666	562800.000000
32.812500	-0.024702	563000.000000
32.916667	-0.027208	563200.000000
33.020833	-0.027788	563400.000000
33.125000	-0.027425	563600.000000
33.229167	-0.026598	563800.000000
33.333333	-0.026091	564000.000000
33.437500	-0.026331	564200.000000
33.541667	-0.026340	564400.000000
33.645833	-0.026192	564600.000000
33.750000	-0.025414	564800.000000
33.854167	-0.023436	565000.000000
33.958333	-0.019513	565200.000000
34.062500	-0.014137	565400.000000
34.166667	-0.008026	565600.000000
34.270833	-0.003002	565800.000000
34.375000	-0.001941	566000.000000
34.479167	-0.006587	566200.000000
34.583333	-0.016067	566400.000000
34.687500	-0.027016	566600.000000
34.791667	-0.033793	566800.000000
34.895833	-0.033404	567000.000000
35.000000	-0.025403	567200.000000
35.104167	-0.015389	567400.000000
35.208333	-0.009257	567600.000000
35.312500	-0.010848	567800.000000
35.416667	-0.018933	568000.000000
35.520833	-0.027290	568200.000000
35.625000	-0.030649	568400.000000
35.729167	-0.026518	568600.000000
35.833333	-0.018381	568800.000000
35.937500	-0.010455	569000.000000
36.041667	-0.006357	569200.000000
36.145833	-0.006991	569400.000000
36.250000	-0.010646	569600.000000
36.354167	-0.015394	569800.000000
36.458333	-0.019891	570000.000000
36.562500	-0.022452	570200.000000
36.666667	-0.022036	570400.000000
36.770833	-0.019429	570600.000000
36.875000	-0.017288	570800.000000
36.979167	-0.018636	571000.000000
37.083333	-0.024421	571200.000000
37.187500	-0.031409	571400.000000
37.291667	-0.036816	571600.000000
37.395833	-0.036622	571800.000000
37.500000	-0.030573	572000.000000
37.604167	-0.020879	572200.000000
37.708333	-0.011648	572400.000000
37.812500	-0.005094	572600.000000
37.916667	-0.004206	572800.000000
38.020833	-0.009330	573000.000000
38.125000	-0.018916	573200.000000
38.229167	-0.029036	573400.000000
38.333333	-0.035589	573600.000000
38.437500	-0.036221	573800.000000
38.541667	-0.032176	574000.000000
38.645833	-0.027654	574200.000000
38.750000	-0.027080	574400.000000
38.854167	-0.031844	574600.000000
38.958333	-0.038221	574800.000000
39.062500	-0.040896	575000.000000
39.166667	-0.036337	575200.000000
39.270833	-0.025914	575400.000000
39.375000	-0.013306	575600.000000
39.479167	-0.004180	575800.000000
39.583333	-0.002858	576000.000000
39.687500	-0.008957	576200.000000
39.791667	-0.019368	576400.000000
39.895833	-0.028467	576600.000000
40.000000	-0.032735	576800.000000
40.104167	-0.031319	577000.000000
40.208333	-0.026716	577200.000000
40.312500	-0.022017	577400.000000
40.416667	-0.019345	577600.000000
40.520833	-0.019901	577800.000000
40.625000	-0.023003	578000.000000
40.729167	-0.027895	578200.000000
40.833333	-0.032420	578400.000000
40.937500	-0.034168	578600.000000
41.041667	-0.032404	578800.000000
41.145833	-0.027247	579000.000000
41.250000	-0.020893	579200.000000
41.354167	-0.016120	579400.000000
41.458333	-0.014440	579600.000000
41.562500	-0.016696	579800.000000
41.666667	-0.020141	580000.000000
41.770833	-0.022514	580200.000000
41.875000	-0.023236	580400.000000
41.979167	-0.022333	580600.000000
42.083333	-0.020919	580800.000000
42.187500	-0.021466	581000.000000
42.291667	-0.023873	581200.000000
42.395833	-0.028418	581400.000000
42.500000	-0.033051	581600.000000
42.604167	-0.035526	581800.000000
42.708333	-0.034251	582000.000000
42.812500	-0.029943	582200.000000
42.916667	-0.024095	582400.000000
43.020833	-0.019049	582600.000000
43.125000	-0.015907	582800.000000
43.229167	-0.014887	583000.000000
43.333333	-0.015655	583200.000000
43.437500	-0.016791	583400.000000
43.541667	-0.017572	583600.000000
43.645833	-0.018866	583800.000000
43.750000	-0.021276	584000.000000
43.854167	-0.025383	584200.000000
43.958333	-0.030656	584400.000000
44.062500	-0.034484	584600.000000
44.166667	-0.034722	584800.000000
44.270833	-0.031297	585000.000000
44.375000	-0.026058	585200.000000
44.479167	-0.021629	585400.000000
44.583333	-0.019882	585600.000000
44.687500	-0.019768	585800.000000
44.791667	-0.019286	586000.000000
44.895833	-0.018592	586200.000000
45.000000	-0.017742	586400.000000
45.104167	-0.017727	586600.000000
45.208333	-0.019245	586800.000000
45.312500	-0.021063	587000.000000
45.416667	-0.021495	587200.000000
45.520833	-0.021347	587400.000000
45.625000	-0.021295	587600.000000
45.729167	-0.021974	587800.000000
45.833333	-0.024177	588000.000000
45.937500	-0.026616	588200.000000
46.041667	-0.027560	588400.000000
46.145833	-0.026517	588600.000000
46.250000	-0.023861	588800.000000
46.354167	-0.021598	589000.000000
46.458333	-0.020743	589200.000000
46.562500	-0.021412	589400.000000
46.666667	-0.022526	589600.000000
46.770833	-0.022539	589800.000000
46.875000	-0.021142	590000.000000
46.979167	-0.019073	590200.000000
47.083333	-0.016704	590400.000000
47.187500	-0.015277	590600.000000
47.291667	-0.015466	590800.000000
47.395833	-0.017881	591000.000000
47.500000	-0.022106	591200.000000
47.604167	-0.026668	591400.000000
47.708333	-0.029853	591600.000000
47.812500	-0.030144	591800.000000
47.916667	-0.028006	592000.000000
48.020833	-0.025527	592200.000000
48.125000	-0.024256	592400.000000
48.229167	-0.024109	592600.000000
48.333333	-0.023535	592800.000000
48.437500	-0.021093	593000.000000
48.541667	-0.016816	593200.000000
48.645833	-0.013021	593400.000000
48.750000	-0.011467	593600.000000
48.854167	-0.013405	593800.000000
48.958333	-0.017632	594000.000000
49.062500	-0.022349	594200.000000
49.166667	-0.026197	594400.000000
49.270833	-0.028902	594600.000000
49.375000	-0.030022	594800.000000
49.479167	-0.029473	595000.000000
49.583333	-0.027168	595200.000000
49.687500	-0.023942	595400.000000
49.791667	-0.021083	595600.000000
49.895833	-0.019632	595800.000000
50.000000	-0.019751	596000.000000
50.104167	-0.021403	596200.000000
50.208333	-0.022535	596400.000000
50.312500	-0.022066	596600.000000
50.416667	-0.019999	596800.000000
50.520833	-0.017180	597000.000000
50.625000	-0.015185	597200.000000
50.729167	-0.015609	597400.000000
50.833333	-0.018776	597600.000000
50.937500	-0.022946	597800.000000
51.041667	-0.026254	598000.000000
51.145833	-0.027110	598200.000000
51.250000	-0.025743	598400.000000
51.354167	-0.023103	598600.000000
51.458333	-0.021237	598800.000000
51.562500	-0.020807	599000.000000
51.666667	-0.022141	599200.000000
51.770833	-0.024137	599400.000000
51.875000	-0.025651	599600.000000
51.979167	-0.025559	599800.000000
52.083333	-0.023410	600000.000000
52.187500	-0.019837	600200.000000
52.291667	-0.016296	600400.000000
52.395833	-0.013963	600600.000000
52.500000	-0.013822	600800.000000
52.604167	-0.015414	601000.000000
52.708333	-0.018237	601200.000000
52.812500	-0.021333	601400.000000
52.916667	-0.024016	601600.000000
53.020833	-0.026858	601800.000000
53.125000	-0.029273	602000.000000
53.229167	-0.030500	602200.000000
53.333333	-0.029756	602400.000000
53.437500	-0.027006	602600.000000
53.541667	-0.023260	602800.000000
53.645833	-0.020302	603000.000000
53.750000	-0.018349	603200.000000
53.854167	-0.017663	603400.000000
53.958333	-0.017578	603600.000000
54.062500	-0.017448	603800.000000
54.166667	-0.017877	604000.000000
54.270833	-0.018682	604200.000000
54.375000	-0.020088	604400.000000
54.479167	-0.021708	604600.000000
54.583333	-0.023229	604800.000000
54.687500	-0.024924	605000.000000
54.791667	-0.026026	605200.000000
54.895833	-0.027604	605400.000000
55.000000	-0.028241	605600.000000
55.104167	-0.027088	605800.000000
55.208333	-0.025091	606000.000000
55.312500	-0.022847	606200.000000
55.416667	-0.020916	606400.000000
55.520833	-0.019847	606600.000000
55.625000	-0.019656	606800.000000
55.729167	-0.020595	607000.000000
55.833333	-0.022646	607200.000000
55.937500	-0.024743	607400.000000
56.041667	-0.025315	607600.000000
56.145833	-0.024011	607800.000000
56.250000	-0.021835	608000.000000
56.354167	-0.020170	608200.000000
56.458333	-0.020989	608400.000000
56.562500	-0.023892	608600.000000
56.666667	-0.027190	608800.000000
56.770833	-0.028957	609000.000000
56.875000	-0.028510	609200.000000
56.979167	-0.026215	609400.000000
57.083333	-0.024474	609600.000000
57.187500	-0.023901	609800.000000
57.291667	-0.024195	610000.000000
57.395833	-0.024357	610200.000000
57.500000	-0.023719	610400.000000
57.604167	-0.022171	610600.000000
57.708333	-0.020024	610800.000000
57.812500	-0.017821	611000.000000
57.916667	-0.016615	611200.000000
58.020833	-0.017416	611400.000000
58.125000	-0.020312	611600.000000
58.229167	-0.024740	611800.000000
58.333333	-0.029275	612000.000000
58.437500	-0.031654	612200.000000
58.541667	-0.031327	612400.000000
58.645833	-0.028458	612600.000000
58.750000	-0.024930	612800.000000
58.854167	-0.022798	613000.000000
58.958333	-0.022444	613200.000000
59.062500	-0.022523	613400.000000
59.166667	-0.022279	613600.000000
59.270833	-0.021500	613800.000000
59.375000	-0.020403	614000.000000
59.479167	-0.019352	614200.000000
59.583333	-0.019072	614400.000000
59.687500	-0.019278	614600.000000
59.791667	-0.020342	614800.000000
59.895833	-0.022563	615000.000000
60.000000	-0.025159	615200.000000
60.104167	-0.028168	615400.000000
60.208333	-0.029260	615600.000000
60.312500	-0.028113	615800.000000
60.416667	-0.025078	616000.000000
60.520833	-0.021616	616200.000000
60.625000	-0.019540	616400.000000
60.729167	-0.019509	616600.000000
60.833333	-0.020833	616800.000000
60.937500	-0.022313	617000.000000
61.041667	-0.023296	617200.000000
61.145833	-0.022949	617400.000000
61.250000	-0.022058	617600.000000
61.354167	-0.021067	617800.000000
61.458333	-0.019912	618000.000000
61.562500	-0.018976	618200.000000
61.666667	-0.018444	618400.000000
61.770833	-0.018846	618600.000000
61.875000	-0.019818	618800.000000
61.979167	-0.021475	619000.000000
62.083333	-0.023280	619200.000000
62.187500	-0.024910	619400.000000
62.291667	-0.026066	619600.000000
62.395833	-0.025661	619800.000000
62.500000	-0.024436	620000.000000
62.604167	-0.022911	620200.000000
62.708333	-0.020801	620400.000000
62.812500	-0.019289	620600.000000
62.916667	-0.018957	620800.000000
63.020833	-0.018925	621000.000000
63.125000	-0.019503	621200.000000
63.229167	-0.020111	621400.000000
63.333333	-0.020162	621600.000000
63.437500	-0.019843	621800.000000
63.541667	-0.019777	622000.000000
63.645833	-0.020872	622200.000000
63.750000	-0.022622	622400.000000
63.854167	-0.025073	622600.000000
63.958333	-0.026747	622800.000000
64.062500	-0.026677	623000.000000
64.166667	-0.025021	623200.000000
64.270833	-0.022019	623400.000000
64.375000	-0.018970	623600.000000
64.479167	-0.016703	623800.000000
64.583333	-0.016007	624000.000000
64.687500	-0.016805	624200.000000
64.791667	-0.019334	624400.000000
64.895833	-0.021326	624600.000000
65.000000	-0.022767	624800.000000
65.104167	-0.023854	625000.000000
65.208333	-0.024096	625200.000000
65.312500	-0.024566	625400.000000
65.416667	-0.025202	625600.000000
65.520833	-0.026017	625800.000000
65.625000	-0.027322	626000.000000
65.729167	-0.027744	626200.000000
65.833333	-0.027718	626400.000000
65.937500	-0.026528	626600.000000
66.041667	-0.024597	626800.000000
66.145833	-0.023356	627000.000000
66.250000	-0.022797	627200.000000
66.354167	-0.023711	627400.000000
66.458333	-0.025101	627600.000000
66.562500	-0.025731	627800.000000
66.666667	-0.024704	628000.000000
66.770833	-0.022396	628200.000000
66.875000	-0.019721	628400.000000
66.979167	-0.018316	628600.000000
67.083333	-0.019371	628800.000000
67.187500	-0.021966	629000.000000
67.291667	-0.024904	629200.000000
67.395833	-0.027026	629400.000000
67.500000	-0.027445	629600.000000
67.604167	-0.026721	629800.000000
67.708333	-0.025157	630000.000000
67.812500	-0.023714	630200.000000
67.916667	-0.023150	630400.000000
68.020833	-0.023100	630600.000000
68.125000	-0.023303	630800.000000
68.229167	-0.023296	631000.000000
68.333333	-0.022577	631200.000000
68.437500	-0.020707	631400.000000
68.541667	-0.018526	631600.000000
68.645833	-0.017467	631800.000000
68.750000	-0.017820	632000.000000
68.854167	-0.020161	632200.000000
68.958333	-0.023239	632400.000000
69.062500	-0.025822	632600.000000
69.166667	-0.026708	632800.000000
69.270833	-0.026419	633000.000000
69.375000	-0.025420	633200.000000
69.479167	-0.023916	633400.000000
69.583333	-0.022329	633600.000000
69.687500	-0.020488	633800.000000
69.791667	-0.018369	634000.000000
69.895833	-0.016936	634200.000000
70.000000	-0.016080	634400.000000
70.104167	-0.016452	634600.000000
70.208333	-0.017245	634800.000000
70.312500	-0.018454	635000.000000
70.416667	-0.019562	635200.000000
70.520833	-0.020475	635400.000000
70.625000	-0.021081	635600.000000
70.729167	-0.021592	635800.000000
70.833333	-0.021627	636000.000000
70.937500	-0.021569	636200.000000
71.041667	-0.022091	636400.000000
71.145833	-0.023532	636600.000000
71.250000	-0.025634	636800.000000
71.354167	-0.027265	637000.000000
71.458333	-0.027896	637200.000000
71.562500	-0.027388	637400.000000
71.666667	-0.026194	637600.000000
71.770833	-0.024989	637800.000000
71.875000	-0.024792	638000.000000
71.979167	-0.025915	638200.000000
72.083333	-0.027260	638400.000000
72.187500	-0.028682	638600.000000
72.291667	-0.028948	638800.000000
72.395833	-0.027942	639000.000000
72.500000	-0.026454	639200.000000
72.604167	-0.025075	639400.000000
72.708333	-0.023924	639600.000000
72.812500	-0.024697	639800.000000
72.916667	-0.026067	640000.000000
73.020833	-0.027679	640200.000000
73.125000	-0.028070	640400.000000
73.229167	-0.027152	640600.000000
73.333333	-0.024549	640800.000000
73.437500	-0.021282	641000.000000
73.541667	-0.018209	641200.000000
73.645833	-0.016837	641400.000000
73.750000	-0.016838	641600.000000
73.854167	-0.017813	641800.000000
73.958333	-0.018545	642000.000000
74.062500	-0.019409	642200.000000
74.166667	-0.019520	642400.000000
74.270833	-0.019630	642600.000000
74.375000	-0.020373	642800.000000
74.479167	-0.021775	643000.000000
74.583333	-0.023648	643200.000000
74.687500	-0.025188	643400.000000
74.791667	-0.025771	643600.000000
74.895833	-0.024793	643800.000000
75.000000	-0.022840	644000.000000
75.104167	-0.020819	644200.000000
75.208333	-0.019671	644400.000000
75.312500	-0.020018	644600.000000
75.416667	-0.021677	644800.000000
75.520833	-0.023743	645000.000000
75.625000	-0.025214	645200.000000
75.729167	-0.025141	645400.000000
75.833333	-0.024049	645600.000000
75.937500	-0.022934	645800.000000
76.041667	-0.022045	646000.000000
76.145833	-0.022380	646200.000000
76.250000	-0.023624	646400.000000
76.354167	-0.024712	646600.000000
76.458333	-0.025293	646800.000000
76.562500	-0.024609	647000.000000
76.666667	-0.022570	647200.000000
76.770833	-0.020343	647400.000000
76.875000	-0.018869	647600.000000
76.979167	-0.018835	647800.000000
77.083333	-0.020550	648000.000000
77.187500	-0.022669	648200.000000
77.291667	-0.024211	648400.000000
77.395833	-0.024631	648600.000000
77.500000	-0.023527	648800.000000
77.604167	-0.021974	649000.000000
77.708333	-0.021059	649200.000000
77.812500	-0.021107	649400.000000
77.916667	-0.022085	649600.000000
78.020833	-0.024046	649800.000000
78.125000	-0.026691	650000.000000
78.229167	-0.028407	650200.000000
78.333333	-0.029133	650400.000000
78.437500	-0.028677	650600.000000
78.541667	-0.027278	650800.000000
78.645833	-0.025653	651000.000000
78.750000	-0.024222	651200.000000
78.854167	-0.023163	651400.000000
78.958333	-0.022795	651600.000000
79.062500	-0.021919	651800.000000
79.166667	-0.021638	652000.000000
79.270833	-0.021785	652200.000000
79.375000	-0.021815	652400.000000
79.479167	-0.022490	652600.000000
79.583333	-0.023425	652800.000000
79.687500	-0.024401	653000.000000
79.791667	-0.025254	653200.000000
79.895833	-0.025519	653400.000000
80.000000	-0.025347	653600.000000
80.104167	-0.025325	653800.000000
80.208333	-0.025154	654000.000000
80.312500	-0.024864	654200.000000
80.416667	-0.024554	654400.000000
80.520833	-0.024103	654600.000000
80.625000	-0.023320	654800.000000
80.729167	-0.022876	655000.000000
80.833333	-0.022490	655200.000000
80.937500	-0.022302	655400.000000
81.041667	-0.022653	655600.000000
81.145833	-0.023026	655800.000000
81.250000	-0.023398	656000.000000
81.354167	-0.023892	656200.000000
81.458333	-0.024089	656400.000000
81.562500	-0.023964	656600.000000
81.666667	-0.023612	656800.000000
81.770833	-0.023383	657000.000000
81.875000	-0.022900	657200.000000
81.979167	-0.022796	657400.000000
82.083333	-0.023068	657600.000000
82.187500	-0.023230	657800.000000
82.291667	-0.023387	658000.000000
82.395833	-0.023087	658200.000000
82.500000	-0.022895	658400.000000
82.604167	-0.022377	658600.000000
82.708333	-0.021492	658800.000000
82.812500	-0.020706	659000.000000
82.916667	-0.019625	659200.000000
83.020833	-0.018670	659400.000000
83.125000	-0.018680	659600.000000
83.229167	-0.019697	659800.000000
83.333333	-0.021018	660000.000000
83.437500	-0.022422	660200.000000
83.541667	-0.023234	660400.000000
83.645833	-0.023588	660600.000000
83.750000	-0.023599	660800.000000
83.854167	-0.022996	661000.000000
83.958333	-0.022215	661200.000000
84.062500	-0.021307	661400.000000
84.166667	-0.020297	661600.000000
84.270833	-0.019543	661800.000000
84.375000	-0.019846	662000.000000
84.479167	-0.020457	662200.000000
84.583333	-0.020723	662400.000000
84.687500	-0.020382	662600.000000
84.791667	-0.020355	662800.000000
84.895833	-0.020445	663000.000000
85.000000	-0.021099	663200.000000
85.104167	-0.022296	663400.000000
85.208333	-0.023804	663600.000000
85.312500	-0.024719	663800.000000
85.416667	-0.025004	664000.000000
85.520833	-0.024235	664200.000000
85.625000	-0.023245	664400.000000
85.729167	-0.021813	664600.000000
85.833333	-0.020707	664800.000000
85.937500	-0.020533	665000.000000
86.041667	-0.020722	665200.000000
86.145833	-0.021286	665400.000000
86.250000	-0.022250	665600.000000
86.354167	-0.022822	665800.000000
86.458333	-0.022913	666000.000000
86.562500	-0.022806	666200.000000
86.666667	-0.022427	666400.000000
86.770833	-0.022453	666600.000000
86.875000	-0.022772	666800.000000
86.979167	-0.023158	667000.000000
87.083333	-0.023526	667200.000000
87.187500	-0.023751	667400.000000
87.291667	-0.023786	667600.000000
87.395833	-0.024136	667800.000000
87.500000	-0.024473	668000.000000
87.604167	-0.024456	668200.000000
87.708333	-0.024397	668400.000000
87.812500	-0.023888	668600.000000
87.916667	-0.022963	668800.000000
88.020833	-0.022032	669000.000000
88.125000	-0.021517	669200.000000
88.229167	-0.021063	669400.000000
88.333333	-0.021204	669600.000000
88.437500	-0.021470	669800.000000
88.541667	-0.021869	670000.000000
88.645833	-0.022644	670200.000000
88.750000	-0.023480	670400.000000
88.854167	-0.024349	670600.000000
88.958333	-0.024884	670800.000000
89.062500	-0.025102	671000.000000
89.166667	-0.024956	671200.000000
89.270833	-0.024379	671400.000000
89.375000	-0.023982	671600.000000
89.479167	-0.023515	671800.000000
89.583333	-0.022954	672000.000000
89.687500	-0.022201	672200.000000
89.791667	-0.021455	672400.000000
89.895833	-0.021022	672600.000000
90.000000	-0.021182	672800.000000
90.104167	-0.021680	673000.000000
90.208333	-0.022159	673200.000000
90.312500	-0.022998	673400.000000
90.416667	-0.023976	673600.000000
90.520833	-0.024553	673800.000000
90.625000	-0.024832	674000.000000
90.729167	-0.025017	674200.000000
90.833333	-0.024724	674400.000000
90.937500	-0.023891	674600.000000
91.041667	-0.023054	674800.000000
91.145833	-0.022298	675000.000000
91.250000	-0.022404	675200.000000
91.354167	-0.022648	675400.000000
91.458333	-0.023019	675600.000000
91.562500	-0.023478	675800.000000
91.666667	-0.023942	676000.000000
91.770833	-0.024002	676200.000000
91.875000	-0.023871	676400.000000
91.979167	-0.022919	676600.000000
92.083333	-0.022398	676800.000000
92.187500	-0.022353	677000.000000
92.291667	-0.022698	677200.000000
92.395833	-0.023565	677400.000000
92.500000	-0.024280	677600.000000
92.604167	-0.024906	677800.000000
92.708333	-0.024660	678000.000000
92.812500	-0.024231	678200.000000
92.916667	-0.023321	678400.000000
93.020833	-0.022405	678600.000000
93.125000	-0.021933	678800.000000
93.229167	-0.021903	679000.000000
93.333333	-0.021856	679200.000000
93.437500	-0.022126	679400.000000
93.541667	-0.022013	679600.000000
93.645833	-0.021708	679800.000000
93.750000	-0.021344	680000.000000
93.854167	-0.021201	680200.000000
93.958333	-0.021371	680400.000000
94.062500	-0.022041	680600.000000
94.166667	-0.023017	680800.000000
94.270833	-0.024261	681000.000000
94.375000	-0.025696	681200.000000
94.479167	-0.026282	681400.000000
94.583333	-0.026170	681600.000000
94.687500	-0.025367	681800.000000
94.791667	-0.023734	682000.000000
94.895833	-0.022170	682200.000000
95.000000	-0.021317	682400.000000
95.104167	-0.021374	682600.000000
95.208333	-0.021626	682800.000000
95.312500	-0.022448	683000.000000
95.416667	-0.023247	683200.000000
95.520833	-0.023433	683400.000000
95.625000	-0.023450	683600.000000
95.729167	-0.023504	683800.000000
95.833333	-0.023717	684000.000000
95.937500	-0.024365	684200.000000
96.041667	-0.024767	684400.000000
96.145833	-0.024946	684600.000000
96.250000	-0.024819	684800.000000
96.354167	-0.024356	685000.000000
96.458333	-0.023877	685200.000000
96.562500	-0.023450	685400.000000
96.666667	-0.023125	685600.000000
96.770833	-0.023123	685800.000000
96.875000	-0.023144	686000.000000
96.979167	-0.023245	686200.000000
97.083333	-0.023398	686400.000000
97.187500	-0.023043	686600.000000
97.291667	-0.022255	686800.000000
97.395833	-0.021788	687000.000000
97.500000	-0.021442	687200.000000
97.604167	-0.021583	687400.000000
97.708333	-0.021650	687600.000000
97.812500	-0.022059	687800.000000
97.916667	-0.022686	688000.000000
98.020833	-0.023476	688200.000000
98.125000	-0.023672	688400.000000
98.229167	-0.023764	688600.000000
98.333333	-0.023471	688800.000000
98.437500	-0.023192	689000.000000
98.541667	-0.023191	689200.000000
98.645833	-0.023158	689400.000000
98.750000	-0.023491	689600.000000
98.854167	-0.023602	689800.000000
98.958333	-0.023366	690000.000000
99.062500	-0.022723	690200.000000
99.166667	-0.021647	690400.000000
99.270833	-0.021378	690600.000000
99.375000	-0.021702	690800.000000
99.479167	-0.022679	691000.000000
99.583333	-0.024402	691200.000000
99.687500	-0.025381	691400.000000
99.791667	-0.025391	691600.000000
99.895833	-0.025080	691800.000000
100.000000	-0.024035	692000.000000
100.104167	-0.022724	692200.000000
100.208333	-0.021920	692400.000000
100.312500	-0.021461	692600.000000
100.416667	-0.021797	692800.000000
100.520833	-0.022550	693000.000000
100.625000	-0.023293	693200.000000
100.729167	-0.023489	693400.000000
100.833333	-0.023331	693600.000000
100.937500	-0.022683	693800.000000
101.041667	-0.022511	694000.000000
101.145833	-0.022494	694200.000000
101.250000	-0.022502	694400.000000
101.354167	-0.023229	694600.000000
101.458333	-0.023265	694800.000000
101.562500	-0.023423	695000.000000
101.666667	-0.023400	695200.000000
101.770833	-0.023031	695400.000000
101.875000	-0.022370	695600.000000
101.979167	-0.022328	695800.000000
102.083333	-0.022477	696000.000000
102.187500	-0.022692	696200.000000
102.291667	-0.023318	696400.000000
102.395833	-0.023971	696600.000000
102.500000	-0.024046	696800.000000
102.604167	-0.023813	697000.000000
102.708333	-0.023276	697200.000000
102.812500	-0.022607	697400.000000
102.916667	-0.022440	697600.000000
103.020833	-0.022442	697800.000000
103.125000	-0.022932	698000.000000
103.229167	-0.023541	698200.000000
103.333333	-0.024405	698400.000000
103.437500	-0.024686	698600.000000
103.541667	-0.025088	698800.000000
103.645833	-0.025309	699000.000000
103.750000	-0.025094	699200.000000
103.854167	-0.024493	699400.000000
103.958333	-0.023747	699600.000000
104.062500	-0.023051	699800.000000
104.166667	-0.022605	700000.000000
104.270833	-0.022176	700200.000000
104.375000	-0.022578	700400.000000
104.479167	-0.023001	700600.000000
104.583333	-0.023376	700800.000000
104.687500	-0.023574	701000.000000
104.791667	-0.023648	701200.000000
104.895833	-0.023437	701400.000000
105.000000	-0.023890	701600.000000
105.104167	-0.024354	701800.000000
105.208333	-0.024626	702000.000000
105.312500	-0.024739	702200.000000
105.416667	-0.024209	702400.000000
105.520833	-0.023253	702600.000000
105.625000	-0.022454	702800.000000
105.729167	-0.021907	703000.000000
105.833333	-0.021868	703200.000000
105.937500	-0.022104	703400.000000
106.041667	-0.022316	703600.000000
106.145833	-0.023014	703800.000000
106.250000	-0.023253	704000.000000
106.354167	-0.023379	704200.000000
106.458333	-0.023719	704400.000000
106.562500	-0.023383	704600.000000
106.666667	-0.023102	704800.000000
106.770833	-0.023398	705000.000000
106.875000	-0.023500	705200.000000
106.979167	-0.023888	705400.000000
107.083333	-0.024079	705600.000000
107.187500	-0.024082	705800.000000
107.291667	-0.023459	706000.000000
107.395833	-0.023010	706200.000000
107.500000	-0.022382	706400.000000
107.604167	-0.022363	706600.000000
107.708333	-0.022660	706800.000000
107.812500	-0.023096	707000.000000
107.916667	-0.023325	707200.000000
108.020833	-0.023196	707400.000000
108.125000	-0.022736	707600.000000
108.229167	-0.021945	707800.000000
108.333333	-0.021331	708000.000000
108.437500	-0.021100	708200.000000
108.541667	-0.021996	708400.000000
108.645833	-0.023300	708600.000000
108.750000	-0.024463	708800.000000
108.854167	-0.025313	709000.000000
108.958333	-0.025337	709200.000000
109.062500	-0.024248	709400.000000
109.166667	-0.023191	709600.000000
109.270833	-0.022450	709800.000000
109.375000	-0.022444	710000.000000
109.479167	-0.023001	710200.000000
109.583333	-0.023854	710400.000000
109.687500	-0.024422	710600.000000
109.791667	-0.024528	710800.000000
109.895833	-0.024255	711000.000000
110.000000	-0.023853	711200.000000
110.104167	-0.023538	711400.000000
110.208333	-0.023562	711600.000000
110.312500	-0.023939	711800.000000
110.416667	-0.024808	712000.000000
110.520833	-0.025542	712200.000000
110.625000	-0.025467	712400.000000
110.729167	-0.024683	712600.000000
110.833333	-0.023734	712800.000000
110.937500	-0.022553	713000.000000
111.041667	-0.021741	713200.000000
111.145833	-0.021221	713400.000000
111.250000	-0.021056	713600.000000
111.354167	-0.021574	713800.000000
111.458333	-0.022125	714000.000000
111.562500	-0.022520	714200.000000
111.666667	-0.022472	714400.000000
111.770833	-0.022274	714600.000000
111.875000	-0.021919	714800.000000
111.979167	-0.021510	715000.000000
112.083333	-0.021275	715200.000000
112.187500	-0.021348	715400.000000
112.291667	-0.021962	715600.000000
112.395833	-0.021955	715800.000000
112.500000	-0.021875	716000.000000
112.604167	-0.021717	716200.000000
112.708333	-0.021583	716400.000000
112.812500	-0.021460	716600.000000
112.916667	-0.021557	716800.000000
113.020833	-0.021470	717000.000000
113.125000	-0.021456	717200.000000
113.229167	-0.021168	717400.000000
113.333333	-0.020688	717600.000000
113.437500	-0.019951	717800.000000
113.541667	-0.019475	718000.000000
113.645833	-0.018898	718200.000000
113.750000	-0.018410	718400.000000
113.854167	-0.018570	718600.000000
113.958333	-0.018993	718800.000000
114.062500	-0.020537	719000.000000
114.166667	-0.022842	719200.000000
114.270833	-0.025387	719400.000000
114.375000	-0.027865	719600.000000
114.479167	-0.029785	719800.000000
114.583333	-0.030940	720000.000000
114.687500	-0.031578	720200.000000
114.791667	-0.031579	720400.000000
114.895833	-0.031249	720600.000000
115.000000	-0.030946	720800.000000
115.104167	-0.030232	721000.000000
115.208333	-0.029002	721200.000000
115.312500	-0.027150	721400.000000
115.416667	-0.024957	721600.000000
115.520833	-0.022832	721800.000000
115.625000	-0.021243	722000.000000
115.729167	-0.020176	722200.000000
115.833333	-0.019770	722400.000000
115.937500	-0.019709	722600.000000
116.041667	-0.019545	722800.000000
116.145833	-0.019440	723000.000000
116.250000	-0.019177	723200.000000
116.354167	-0.019115	723400.000000
116.458333	-0.019512	723600.000000
116.562500	-0.019924	723800.000000
116.666667	-0.020403	724000.000000
116.770833	-0.020874	724200.000000
116.875000	-0.021383	724400.000000
116.979167	-0.021478	724600.000000
117.083333	-0.021707	724800.000000
117.187500	-0.021853	725000.000000
117.291667	-0.021837	725200.000000
117.395833	-0.021888	725400.000000
117.500000	-0.022120	725600.000000
117.604167	-0.022333	725800.000000
117.708333	-0.022717	726000.000000
117.812500	-0.022964	726200.000000
117.916667	-0.023212	726400.000000
118.020833	-0.023296	726600.000000
118.125000	-0.023078	726800.000000
118.229167	-0.022997	727000.000000
118.333333	-0.023212	727200.000000
118.437500	-0.023909	727400.000000
118.541667	-0.024603	727600.000000
118.645833	-0.025252	727800.000000
118.750000	-0.025917	728000.000000
118.854167	-0.025805	728200.000000
118.958333	-0.025294	728400.000000
119.062500	-0.024954	728600.000000
119.166667	-0.024657	728800.000000
119.270833	-0.024876	729000.000000
119.375000	-0.025330	729200.000000
119.479167	-0.025830	729400.000000
119.583333	-0.025987	729600.000000
119.687500	-0.025827	729800.000000
119.791667	-0.025443	730000.000000
119.895833	-0.024959	730200.000000
120.000000	-0.024156	730400.000000
120.104167	-0.023537	730600.000000
120.208333	-0.023186	730800.000000
120.312500	-0.022556	731000.000000
120.416667	-0.022079	731200.000000
120.520833	-0.022141	731400.000000
120.625000	-0.022441	731600.000000
120.729167	-0.023021	731800.000000
120.833333	-0.023962	732000.000000
120.937500	-0.024311	732200.000000
121.041667	-0.024156	732400.000000
121.145833	-0.023907	732600.000000
121.250000	-0.023230	732800.000000
121.354167	-0.023152	733000.000000
121.458333	-0.022828	733200.000000
121.562500	-0.022821	733400.000000
121.666667	-0.023023	733600.000000
121.770833	-0.023170	733800.000000
121.875000	-0.023447	734000.000000
121.979167	-0.023666	734200.000000
122.083333	-0.023613	734400.000000
122.187500	-0.023377	734600.000000
122.291667	-0.023332	734800.000000
122.395833	-0.023302	735000.000000
122.500000	-0.023519	735200.000000
122.604167	-0.023916	735400.000000
122.708333	-0.023795	735600.000000
122.812500	-0.023523	735800.000000
122.916667	-0.023192	736000.000000
123.020833	-0.023216	736200.000000
123.125000	-0.023046	736400.000000
123.229167	-0.023227	736600.000000
123.333333	-0.023223	736800.000000
123.437500	-0.023292	737000.000000
123.541667	-0.022941	737200.000000
123.645833	-0.022682	737400.000000
123.750000	-0.022510	737600.000000
123.854167	-0.021899	737800.000000
123.958333	-0.021694	738000.000000
124.062500	-0.021672	738200.000000
124.166667	-0.022124	738400.000000
124.270833	-0.022415	738600.000000
124.375000	-0.022583	738800.000000
124.479167	-0.022834	739000.000000
124.583333	-0.022868	739200.000000
124.687500	-0.022906	739400.000000
124.791667	-0.023050	739600.000000
124.895833	-0.023350	739800.000000
125.000000	-0.023968	740000.000000
125.104167	-0.024135	740200.000000
125.208333	-0.024024	740400.000000
125.312500	-0.023410	740600.000000
125.416667	-0.022740	740800.000000
125.520833	-0.022051	741000.000000
125.625000	-0.021805	741200.000000
125.729167	-0.022133	741400.000000
125.833333	-0.022675	741600.000000
125.937500	-0.023590	741800.000000
126.041667	-0.024269	742000.000000
126.145833	-0.024601	742200.000000
126.250000	-0.024566	742400.000000
126.354167	-0.024194	742600.000000
126.458333	-0.023881	742800.000000
126.562500	-0.023802	743000.000000
126.666667	-0.024001	743200.000000
126.770833	-0.024384	743400.000000
126.875000	-0.024564	743600.000000
126.979167	-0.024543	743800.000000
127.083333	-0.024333	744000.000000
127.187500	-0.023873	744200.000000
127.291667	-0.023086	744400.000000
127.395833	-0.022897	744600.000000
127.500000	-0.022814	744800.000000
127.604167	-0.023010	745000.000000
127.708333	-0.023645	745200.000000
127.812500	-0.023971	745400.000000
127.916667	-0.024002	745600.000000
128.020833	-0.023661	745800.000000
128.125000	-0.023146	746000.000000
128.229167	-0.022617	746200.000000
128.333333	-0.022690	746400.000000
128.437500	-0.023020	746600.000000
128.541667	-0.023473	746800.000000
128.645833	-0.024177	747000.000000
128.750000	-0.024074	747200.000000
128.854167	-0.023506	747400.000000
128.958333	-0.022948	747600.000000
129.062500	-0.022415	747800.000000
129.166667	-0.021964	748000.000000
129.270833	-0.021746	748200.000000
129.375000	-0.021921	748400.000000
129.479167	-0.021831	748600.000000
129.583333	-0.021982	748800.000000
129.687500	-0.022535	749000.000000
129.791667	-0.022855	749200.000000
129.895833	-0.023339	749400.000000
130.000000	-0.023843	749600.000000
130.104167	-0.024174	749800.000000
130.208333	-0.024440	750000.000000
