0.000000	-0.023438	550000.000000
0.104167	-0.023358	550200.000000
0.208333	-0.023296	550400.000000
0.312500	-0.023309	550600.000000
0.416667	-0.023292	550800.000000
0.520833	-0.023152	551000.000000
0.625000	-0.023418	551200.000000
0.729167	-0.023457	551400.000000
0.833333	-0.023335	551600.000000
0.937500	-0.023261	551800.000000
1.041667	-0.023231	552000.000000
1.145833	-0.023143	552200.000000
1.250000	-0.023142	552400.000000
1.354167	-0.023103	552600.000000
1.458333	-0.023123	552800.000000
1.562500	-0.023099	553000.000000
1.666667	-0.023059	553200.000000
1.770833	-0.023179	553400.000000
1.875000	-0.023242	553600.000000
1.979167	-0.023574	553800.000000
2.083333	-0.023240	554000.000000
2.187500	-0.023182	554200.000000
2.291667	-0.023169	554400.000000
2.395833	-0.023176	554600.000000
2.500000	-0.023350	554800.000000
2.604167	-0.023261	555000.000000
2.708333	-0.023272	555200.000000
2.812500	-0.023363	555400.000000
2.916667	-0.023438	555600.000000
3.020833	-0.023367	555800.000000
3.125000	-0.023346	556000.000000
3.229167	-0.023230	556200.000000
3.333333	-0.023241	556400.000000
3.437500	-0.023389	556600.000000
3.541667	-0.023249	556800.000000
3.645833	-0.023255	557000.000000
3.750000	-0.023184	557200.000000
3.854167	-0.023448	557400.000000
3.958333	-0.023357	557600.000000
4.062500	-0.023138	557800.000000
4.166667	-0.023405	558000.000000
4.270833	-0.023505	558200.000000
4.375000	-0.023582	558400.000000
4.479167	-0.023405	558600.000000
4.583333	-0.023343	558800.000000
4.687500	-0.023242	559000.000000
4.791667	-0.023353	559200.000000
4.895833	-0.023351	559400.000000
5.000000	-0.023308	559600.000000
5.104167	-0.023400	559800.000000
5.208333	-0.023346	560000.000000
5.312500	-0.023275	560200.000000
5.416667	-0.023400	560400.000000
5.520833	-0.023339	560600.000000
5.625000	-0.023193	560800.000000
5.729167	-0.023392	561000.000000
5.833333	-0.023319	561200.000000
5.937500	-0.023363	561400.000000
6.041667	-0.023401	561600.000000
6.145833	-0.023101	561800.000000
6.250000	-0.023282	562000.000000
6.354167	-0.023334	562200.000000
6.458333	-0.023281	562400.000000
6.562500	-0.023300	562600.000000
6.666667	-0.023391	562800.000000
6.770833	-0.023321	563000.000000
6.875000	-0.023282	563200.000000
6.979167	-0.023090	563400.000000
7.083333	-0.022960	563600.000000
7.187500	-0.022935	563800.000000
7.291667	-0.023222	564000.000000
7.395833	-0.023103	564200.000000
7.500000	-0.023134	564400.000000
7.604167	-0.023083	564600.000000
7.708333	-0.022772	564800.000000
7.812500	-0.023048	565000.000000
7.916667	-0.022956	565200.000000
8.020833	-0.022961	565400.000000
8.125000	-0.023081	565600.000000
8.229167	-0.023281	565800.000000
8.333333	-0.023060	566000.000000
8.437500	-0.023037	566200.000000
8.541667	-0.023186	566400.000000
8.645833	-0.023202	566600.000000
8.750000	-0.023151	566800.000000
8.854167	-0.023322	567000.000000
8.958333	-0.023275	567200.000000
9.062500	-0.023244	567400.000000
9.166667	-0.023287	567600.000000
9.270833	-0.023079	567800.000000
9.375000	-0.023000	568000.000000
9.479167	-0.023234	568200.000000
9.583333	-0.023400	568400.000000
9.687500	-0.023140	568600.000000
9.791667	-0.023278	568800.000000
9.895833	-0.023394	569000.000000
10.000000	-0.023319	569200.000000
10.104167	-0.023246	569400.000000
10.208333	-0.023247	569600.000000
10.312500	-0.023156	569800.000000
10.416667	-0.023081	570000.000000
10.520833	-0.023255	570200.000000
10.625000	-0.023186	570400.000000
10.729167	-0.023307	570600.000000
10.833333	-0.023202	570800.000000
10.937500	-0.023250	571000.000000
11.041667	-0.023301	571200.000000
11.145833	-0.023118	571400.000000
11.250000	-0.023149	571600.000000
11.354167	-0.023022	571800.000000
11.458333	-0.023149	572000.000000
11.562500	-0.023292	572200.000000
11.666667	-0.023251	572400.000000
11.770833	-0.023109	572600.000000
11.875000	-0.023175	572800.000000
11.979167	-0.023205	573000.000000
12.083333	-0.023008	573200.000000
12.187500	-0.022998	573400.000000
12.291667	-0.023103	573600.000000
12.395833	-0.023116	573800.000000
12.500000	-0.023212	574000.000000
12.604167	-0.023145	574200.000000
12.708333	-0.023295	574400.000000
12.812500	-0.023437	574600.000000
12.916667	-0.023343	574800.000000
13.020833	-0.023381	575000.000000
13.125000	-0.023468	575200.000000
13.229167	-0.023459	575400.000000
13.333333	-0.023302	575600.000000
13.437500	-0.023293	575800.000000
13.541667	-0.023125	576000.000000
13.645833	-0.023566	576200.000000
13.750000	-0.023536	576400.000000
13.854167	-0.023345	576600.000000
13.958333	-0.023305	576800.000000
14.062500	-0.023237	577000.000000
14.166667	-0.023045	577200.000000
14.270833	-0.023173	577400.000000
14.375000	-0.023346	577600.000000
14.479167	-0.023306	577800.000000
14.583333	-0.023126	578000.000000
14.687500	-0.022994	578200.000000
14.791667	-0.022977	578400.000000
14.895833	-0.023034	578600.000000
15.000000	-0.023053	578800.000000
15.104167	-0.022897	579000.000000
15.208333	-0.023083	579200.000000
15.312500	-0.022851	579400.000000
15.416667	-0.022874	579600.000000
15.520833	-0.022962	579800.000000
15.625000	-0.023124	580000.000000
15.729167	-0.022914	580200.000000
15.833333	-0.022938	580400.000000
15.937500	-0.023163	580600.000000
16.041667	-0.023041	580800.000000
16.145833	-0.023157	581000.000000
16.250000	-0.023331	581200.000000
16.354167	-0.023256	581400.000000
16.458333	-0.023314	581600.000000
16.562500	-0.023410	581800.000000
16.666667	-0.023334	582000.000000
16.770833	-0.023202	582200.000000
16.875000	-0.023273	582400.000000
16.979167	-0.023258	582600.000000
17.083333	-0.023237	582800.000000
17.187500	-0.023327	583000.000000
17.291667	-0.023327	583200.000000
17.395833	-0.023197	583400.000000
17.500000	-0.022993	583600.000000
17.604167	-0.022964	583800.000000
17.708333	-0.022792	584000.000000
17.812500	-0.022703	584200.000000
17.916667	-0.022857	584400.000000
18.020833	-0.022589	584600.000000
18.125000	-0.022526	584800.000000
18.229167	-0.022645	585000.000000
18.333333	-0.022479	585200.000000
18.437500	-0.022461	585400.000000
18.541667	-0.022303	585600.000000
18.645833	-0.022121	585800.000000
18.750000	-0.021894	586000.000000
18.854167	-0.021887	586200.000000
18.958333	-0.021573	586400.000000
19.062500	-0.021693	586600.000000
19.166667	-0.021699	586800.000000
19.270833	-0.021643	587000.000000
19.375000	-0.021538	587200.000000
19.479167	-0.021512	587400.000000
19.583333	-0.021268	587600.000000
19.687500	-0.020904	587800.000000
19.791667	-0.020865	588000.000000
19.895833	-0.020801	588200.000000
20.000000	-0.020532	588400.000000
20.104167	-0.020404	588600.000000
20.208333	-0.019886	588800.000000
20.312500	-0.019670	589000.000000
20.416667	-0.019282	589200.000000
20.520833	-0.018917	589400.000000
20.625000	-0.018501	589600.000000
20.729167	-0.018061	589800.000000
20.833333	-0.017378	590000.000000
20.937500	-0.016682	590200.000000
21.041667	-0.016130	590400.000000
21.145833	-0.015360	590600.000000
21.250000	-0.014376	590800.000000
21.354167	-0.013466	591000.000000
21.458333	-0.012289	591200.000000
21.562500	-0.011055	591400.000000
21.666667	-0.009705	591600.000000
21.770833	-0.008408	591800.000000
21.875000	-0.006416	592000.000000
21.979167	-0.004513	592200.000000
22.083333	-0.002281	592400.000000
22.187500	-0.000007	592600.000000
22.291667	0.002188	592800.000000
22.395833	0.004968	593000.000000
22.500000	0.007987	593200.000000
22.604167	0.010734	593400.000000
22.708333	0.014007	593600.000000
22.812500	0.017429	593800.000000
22.916667	0.020947	594000.000000
23.020833	0.024740	594200.000000
23.125000	0.028300	594400.000000
23.229167	0.032313	594600.000000
23.333333	0.036441	594800.000000
23.437500	0.040290	595000.000000
23.541667	0.044106	595200.000000
23.645833	0.047372	595400.000000
23.750000	0.049424	595600.000000
23.854167	0.047069	595800.000000
23.958333	0.033437	596000.000000
24.062500	-0.006165	596200.000000
24.166667	-0.089314	596400.000000
24.270833	-0.232624	596600.000000
24.375000	-0.424541	596800.000000
24.479167	-0.619638	597000.000000
24.583333	-0.758002	597200.000000
24.687500	-0.778289	597400.000000
24.791667	-0.673661	597600.000000
24.895833	-0.470356	597800.000000
25.000000	-0.235844	598000.000000
25.104167	-0.023767	598200.000000
25.208333	0.133517	598400.000000
25.312500	0.226951	598600.000000
25.416667	0.264117	598800.000000
25.520833	0.266344	599000.000000
25.625000	0.252672	599200.000000
25.729167	0.231101	599400.000000
25.833333	0.204879	599600.000000
25.937500	0.178082	599800.000000
26.041667	0.157737	600000.000000
26.145833	0.147856	600200.000000
26.250000	0.145265	600400.000000
26.354167	0.139059	600600.000000
26.458333	0.119114	600800.000000
26.562500	0.085991	601000.000000
26.666667	0.048818	601200.000000
26.770833	0.018689	601400.000000
26.875000	0.002991	601600.000000
26.979167	-0.000096	601800.000000
27.083333	0.003256	602000.000000
27.187500	0.007506	602200.000000
27.291667	0.008442	602400.000000
27.395833	0.003015	602600.000000
27.500000	-0.008288	602800.000000
27.604167	-0.022267	603000.000000
27.708333	-0.034850	603200.000000
27.812500	-0.039705	603400.000000
27.916667	-0.033654	603600.000000
28.020833	-0.019209	603800.000000
28.125000	-0.005278	604000.000000
28.229167	-0.000620	604200.000000
28.333333	-0.007637	604400.000000
28.437500	-0.020829	604600.000000
28.541667	-0.031574	604800.000000
28.645833	-0.033719	605000.000000
28.750000	-0.029536	605200.000000
28.854167	-0.024645	605400.000000
28.958333	-0.024672	605600.000000
29.062500	-0.029846	605800.000000
29.166667	-0.036614	606000.000000
29.270833	-0.040433	606200.000000
29.375000	-0.039522	606400.000000
29.479167	-0.033903	606600.000000
29.583333	-0.024990	606800.000000
29.687500	-0.015241	607000.000000
29.791667	-0.006147	607200.000000
29.895833	0.000416	607400.000000
30.000000	0.002538	607600.000000
30.104167	0.000239	607800.000000
30.208333	-0.005616	608000.000000
30.312500	-0.013573	608200.000000
30.416667	-0.021705	608400.000000
30.520833	-0.028890	608600.000000
30.625000	-0.033194	608800.000000
30.729167	-0.033080	609000.000000
30.833333	-0.028914	609200.000000
30.937500	-0.023504	609400.000000
31.041667	-0.019616	609600.000000
31.145833	-0.019049	609800.000000
31.250000	-0.021278	610000.000000
31.354167	-0.023564	610200.000000
31.458333	-0.023600	610400.000000
31.562500	-0.021322	610600.000000
31.666667	-0.017886	610800.000000
31.770833	-0.015599	611000.000000
31.875000	-0.016712	611200.000000
31.979167	-0.021568	611400.000000
32.083333	-0.028623	611600.000000
32.187500	-0.035047	611800.000000
32.291667	-0.039682	612000.000000
32.395833	-0.041535	612200.000000
32.500000	-0.042250	612400.000000
32.604167	-0.042442	612600.000000
32.708333	-0.041700	612800.000000
32.812500	-0.039706	613000.000000
32.916667	-0.037272	613200.000000
33.020833	-0.035773	613400.000000
33.125000	-0.035914	613600.000000
33.229167	-0.036576	613800.000000
33.333333	-0.035138	614000.000000
33.437500	-0.029198	614200.000000
33.541667	-0.019946	614400.000000
33.645833	-0.009224	614600.000000
33.750000	-0.001437	614800.000000
33.854167	-0.000629	615000.000000
33.958333	-0.007642	615200.000000
34.062500	-0.019313	615400.000000
34.166667	-0.031331	615600.000000
34.270833	-0.038559	615800.000000
34.375000	-0.040234	616000.000000
34.479167	-0.037134	616200.000000
34.583333	-0.031570	616400.000000
34.687500	-0.025998	616600.000000
34.791667	-0.022310	616800.000000
34.895833	-0.020874	617000.000000
35.000000	-0.020316	617200.000000
35.104167	-0.019813	617400.000000
35.208333	-0.018665	617600.000000
35.312500	-0.016848	617800.000000
35.416667	-0.015329	618000.000000
35.520833	-0.014634	618200.000000
35.625000	-0.015605	618400.000000
35.729167	-0.019109	618600.000000
35.833333	-0.025127	618800.000000
35.937500	-0.032464	619000.000000
36.041667	-0.040910	619200.000000
36.145833	-0.047426	619400.000000
36.250000	-0.049313	619600.000000
36.354167	-0.044746	619800.000000
36.458333	-0.034875	620000.000000
36.562500	-0.023392	620200.000000
36.666667	-0.016407	620400.000000
36.770833	-0.017046	620600.000000
36.875000	-0.024480	620800.000000
36.979167	-0.033039	621000.000000
37.083333	-0.036637	621200.000000
37.187500	-0.032856	621400.000000
37.291667	-0.024667	621600.000000
37.395833	-0.017648	621800.000000
37.500000	-0.016787	622000.000000
37.604167	-0.022070	622200.000000
37.708333	-0.030460	622400.000000
37.812500	-0.037860	622600.000000
37.916667	-0.042334	622800.000000
38.020833	-0.043196	623000.000000
38.125000	-0.040852	623200.000000
38.229167	-0.036450	623400.000000
38.333333	-0.031508	623600.000000
38.437500	-0.029069	623800.000000
38.541667	-0.030997	624000.000000
38.645833	-0.035824	624200.000000
38.750000	-0.038579	624400.000000
38.854167	-0.036063	624600.000000
38.958333	-0.027659	624800.000000
39.062500	-0.018431	625000.000000
39.166667	-0.013122	625200.000000
39.270833	-0.014487	625400.000000
39.375000	-0.020938	625600.000000
39.479167	-0.030442	625800.000000
39.583333	-0.040129	626000.000000
39.687500	-0.047468	626200.000000
39.791667	-0.049235	626400.000000
39.895833	-0.044152	626600.000000
40.000000	-0.033172	626800.000000
40.104167	-0.022183	627000.000000
40.208333	-0.016482	627200.000000
40.312500	-0.018033	627400.000000
40.416667	-0.024013	627600.000000
40.520833	-0.027935	627800.000000
40.625000	-0.025055	628000.000000
40.729167	-0.015890	628200.000000
40.833333	-0.006147	628400.000000
40.937500	-0.002612	628600.000000
41.041667	-0.008013	628800.000000
41.145833	-0.020560	629000.000000
41.250000	-0.034289	629200.000000
41.354167	-0.044458	629400.000000
41.458333	-0.047014	629600.000000
41.562500	-0.041745	629800.000000
41.666667	-0.031611	630000.000000
41.770833	-0.021296	630200.000000
41.875000	-0.015351	630400.000000
41.979167	-0.014576	630600.000000
42.083333	-0.018091	630800.000000
42.187500	-0.023764	631000.000000
42.291667	-0.028153	631200.000000
42.395833	-0.029009	631400.000000
42.500000	-0.024856	631600.000000
42.604167	-0.017720	631800.000000
42.708333	-0.011416	632000.000000
42.812500	-0.009244	632200.000000
42.916667	-0.012221	632400.000000
43.020833	-0.018442	632600.000000
43.125000	-0.024692	632800.000000
43.229167	-0.029021	633000.000000
43.333333	-0.030269	633200.000000
43.437500	-0.028403	633400.000000
43.541667	-0.024345	633600.000000
43.645833	-0.020580	633800.000000
43.750000	-0.019154	634000.000000
43.854167	-0.020549	634200.000000
43.958333	-0.023255	634400.000000
44.062500	-0.023941	634600.000000
44.166667	-0.020417	634800.000000
44.270833	-0.012614	635000.000000
44.375000	-0.004305	635200.000000
44.479167	-0.000139	635400.000000
44.583333	-0.001683	635600.000000
44.687500	-0.007914	635800.000000
44.791667	-0.016122	636000.000000
44.895833	-0.023326	636200.000000
45.000000	-0.027986	636400.000000
45.104167	-0.030064	636600.000000
45.208333	-0.029942	636800.000000
45.312500	-0.028591	637000.000000
45.416667	-0.027179	637200.000000
45.520833	-0.025331	637400.000000
45.625000	-0.022497	637600.000000
45.729167	-0.017878	637800.000000
45.833333	-0.012517	638000.000000
45.937500	-0.008306	638200.000000
46.041667	-0.007151	638400.000000
46.145833	-0.008965	638600.000000
46.250000	-0.012089	638800.000000
46.354167	-0.015393	639000.000000
46.458333	-0.018362	639200.000000
46.562500	-0.020345	639400.000000
46.666667	-0.022696	639600.000000
46.770833	-0.024714	639800.000000
46.875000	-0.025620	640000.000000
46.979167	-0.025270	640200.000000
47.083333	-0.023342	640400.000000
47.187500	-0.022178	640600.000000
47.291667	-0.022307	640800.000000
47.395833	-0.022834	641000.000000
47.500000	-0.023163	641200.000000
47.604167	-0.021848	641400.000000
47.708333	-0.019277	641600.000000
47.812500	-0.016366	641800.000000
47.916667	-0.014679	642000.000000
48.020833	-0.015355	642200.000000
48.125000	-0.017465	642400.000000
48.229167	-0.019606	642600.000000
48.333333	-0.020758	642800.000000
48.437500	-0.020371	643000.000000
48.541667	-0.020237	643200.000000
48.645833	-0.020899	643400.000000
48.750000	-0.022618	643600.000000
48.854167	-0.025885	643800.000000
48.958333	-0.029180	644000.000000
49.062500	-0.031161	644200.000000
49.166667	-0.031026	644400.000000
49.270833	-0.027907	644600.000000
49.375000	-0.022083	644800.000000
49.479167	-0.016209	645000.000000
49.583333	-0.012593	645200.000000
49.687500	-0.012479	645400.000000
49.791667	-0.015029	645600.000000
49.895833	-0.016837	645800.000000
50.000000	-0.017060	646000.000000
50.104167	-0.016902	646200.000000
50.208333	-0.018819	646400.000000
50.312500	-0.023458	646600.000000
50.416667	-0.029457	646800.000000
50.520833	-0.034455	647000.000000
50.625000	-0.036552	647200.000000
50.729167	-0.035564	647400.000000
50.833333	-0.032295	647600.000000
50.937500	-0.027201	647800.000000
51.041667	-0.021686	648000.000000
51.145833	-0.016816	648200.000000
51.250000	-0.014381	648400.000000
51.354167	-0.014521	648600.000000
51.458333	-0.017469	648800.000000
51.562500	-0.021635	649000.000000
51.666667	-0.025251	649200.000000
51.770833	-0.026551	649400.000000
51.875000	-0.025610	649600.000000
51.979167	-0.024133	649800.000000
52.083333	-0.023809	650000.000000
52.187500	-0.025516	650200.000000
52.291667	-0.028903	650400.000000
52.395833	-0.032875	650600.000000
52.500000	-0.035443	650800.000000
52.604167	-0.035094	651000.000000
52.708333	-0.031258	651200.000000
52.812500	-0.025157	651400.000000
52.916667	-0.020153	651600.000000
53.020833	-0.018791	651800.000000
53.125000	-0.021112	652000.000000
53.229167	-0.025175	652200.000000
53.333333	-0.028472	652400.000000
53.437500	-0.028683	652600.000000
53.541667	-0.025976	652800.000000
53.645833	-0.022079	653000.000000
53.750000	-0.019340	653200.000000
53.854167	-0.019352	653400.000000
53.958333	-0.022955	653600.000000
54.062500	-0.028261	653800.000000
54.166667	-0.033230	654000.000000
54.270833	-0.036538	654200.000000
54.375000	-0.036608	654400.000000
54.479167	-0.033705	654600.000000
54.583333	-0.029169	654800.000000
54.687500	-0.024744	655000.000000
54.791667	-0.021006	655200.000000
54.895833	-0.018332	655400.000000
55.000000	-0.016448	655600.000000
55.104167	-0.016004	655800.000000
55.208333	-0.016465	656000.000000
55.312500	-0.017852	656200.000000
55.416667	-0.019530	656400.000000
55.520833	-0.021435	656600.000000
55.625000	-0.023504	656800.000000
55.729167	-0.026246	657000.000000
55.833333	-0.028959	657200.000000
55.937500	-0.031467	657400.000000
56.041667	-0.032493	657600.000000
56.145833	-0.031223	657800.000000
56.250000	-0.027828	658000.000000
56.354167	-0.023586	658200.000000
56.458333	-0.019785	658400.000000
56.562500	-0.017490	658600.000000
56.666667	-0.016759	658800.000000
56.770833	-0.016935	659000.000000
56.875000	-0.017726	659200.000000
56.979167	-0.018227	659400.000000
57.083333	-0.019068	659600.000000
57.187500	-0.019778	659800.000000
57.291667	-0.020881	660000.000000
57.395833	-0.022860	660200.000000
57.500000	-0.025381	660400.000000
57.604167	-0.026201	660600.000000
57.708333	-0.025405	660800.000000
57.812500	-0.023661	661000.000000
57.916667	-0.022514	661200.000000
58.020833	-0.022917	661400.000000
58.125000	-0.024214	661600.000000
58.229167	-0.024318	661800.000000
58.333333	-0.022917	662000.000000
58.437500	-0.020920	662200.000000
58.541667	-0.019345	662400.000000
58.645833	-0.018357	662600.000000
58.750000	-0.018100	662800.000000
58.854167	-0.018214	663000.000000
58.958333	-0.018382	663200.000000
59.062500	-0.018378	663400.000000
59.166667	-0.018371	663600.000000
59.270833	-0.019313	663800.000000
59.375000	-0.021169	664000.000000
59.479167	-0.024127	664200.000000
59.583333	-0.027177	664400.000000
59.687500	-0.029541	664600.000000
59.791667	-0.030273	664800.000000
59.895833	-0.028580	665000.000000
60.000000	-0.024444	665200.000000
60.104167	-0.019320	665400.000000
60.208333	-0.015086	665600.000000
60.312500	-0.012930	665800.000000
60.416667	-0.013366	666000.000000
60.520833	-0.015157	666200.000000
60.625000	-0.016955	666400.000000
60.729167	-0.018265	666600.000000
60.833333	-0.018907	666800.000000
60.937500	-0.020578	667000.000000
61.041667	-0.023022	667200.000000
61.145833	-0.025702	667400.000000
61.250000	-0.027473	667600.000000
61.354167	-0.028249	667800.000000
61.458333	-0.028417	668000.000000
61.562500	-0.028112	668200.000000
61.666667	-0.026893	668400.000000
61.770833	-0.024677	668600.000000
61.875000	-0.020889	668800.000000
61.979167	-0.017121	669000.000000
62.083333	-0.015388	669200.000000
62.187500	-0.016323	669400.000000
62.291667	-0.019463	669600.000000
62.395833	-0.023008	669800.000000
62.500000	-0.025362	670000.000000
62.604167	-0.025911	670200.000000
62.708333	-0.025025	670400.000000
62.812500	-0.023879	670600.000000
62.916667	-0.023680	670800.000000
63.020833	-0.023942	671000.000000
63.125000	-0.024681	671200.000000
63.229167	-0.025987	671400.000000
63.333333	-0.026958	671600.000000
63.437500	-0.028083	671800.000000
63.541667	-0.028608	672000.000000
63.645833	-0.027984	672200.000000
63.750000	-0.026786	672400.000000
63.854167	-0.025151	672600.000000
63.958333	-0.023018	672800.000000
64.062500	-0.021293	673000.000000
64.166667	-0.020384	673200.000000
64.270833	-0.020843	673400.000000
64.375000	-0.022344	673600.000000
64.479167	-0.024429	673800.000000
64.583333	-0.026424	674000.000000
64.687500	-0.028251	674200.000000
64.791667	-0.028666	674400.000000
64.895833	-0.028570	674600.000000
65.000000	-0.028002	674800.000000
65.104167	-0.027908	675000.000000
65.208333	-0.028923	675200.000000
65.312500	-0.030080	675400.000000
65.416667	-0.029762	675600.000000
65.520833	-0.027475	675800.000000
65.625000	-0.023509	676000.000000
65.729167	-0.019492	676200.000000
65.833333	-0.017977	676400.000000
65.937500	-0.019497	676600.000000
66.041667	-0.023128	676800.000000
66.145833	-0.027467	677000.000000
66.250000	-0.031008	677200.000000
66.354167	-0.033309	677400.000000
66.458333	-0.033883	677600.000000
66.562500	-0.032745	677800.000000
66.666667	-0.030789	678000.000000
66.770833	-0.028714	678200.000000
66.875000	-0.027286	678400.000000
66.979167	-0.026699	678600.000000
67.083333	-0.026478	678800.000000
67.187500	-0.025391	679000.000000
67.291667	-0.023251	679200.000000
67.395833	-0.020662	679400.000000
67.500000	-0.018042	679600.000000
67.604167	-0.016684	679800.000000
67.708333	-0.017112	680000.000000
67.812500	-0.019058	680200.000000
67.916667	-0.021802	680400.000000
68.020833	-0.023613	680600.000000
68.125000	-0.023738	680800.000000
68.229167	-0.021669	681000.000000
68.333333	-0.019421	681200.000000
68.437500	-0.018081	681400.000000
68.541667	-0.019135	681600.000000
68.645833	-0.022455	681800.000000
68.750000	-0.026200	682000.000000
68.854167	-0.028490	682200.000000
68.958333	-0.027746	682400.000000
69.062500	-0.023947	682600.000000
69.166667	-0.018974	682800.000000
69.270833	-0.015514	683000.000000
69.375000	-0.014093	683200.000000
69.479167	-0.015781	683400.000000
69.583333	-0.019048	683600.000000
69.687500	-0.022100	683800.000000
69.791667	-0.023215	684000.000000
69.895833	-0.022842	684200.000000
70.000000	-0.021799	684400.000000
70.104167	-0.021309	684600.000000
70.208333	-0.022907	684800.000000
70.312500	-0.026264	685000.000000
70.416667	-0.030025	685200.000000
70.520833	-0.032355	685400.000000
70.625000	-0.032173	685600.000000
70.729167	-0.029596	685800.000000
70.833333	-0.025630	686000.000000
70.937500	-0.021682	686200.000000
71.041667	-0.019022	686400.000000
71.145833	-0.018568	686600.000000
71.250000	-0.019939	686800.000000
71.354167	-0.022667	687000.000000
71.458333	-0.026304	687200.000000
71.562500	-0.029933	687400.000000
71.666667	-0.032270	687600.000000
71.770833	-0.033332	687800.000000
71.875000	-0.033811	688000.000000
71.979167	-0.034060	688200.000000
72.083333	-0.033892	688400.000000
72.187500	-0.034314	688600.000000
72.291667	-0.034337	688800.000000
72.395833	-0.033485	689000.000000
72.500000	-0.031832	689200.000000
72.604167	-0.029524	689400.000000
72.708333	-0.027190	689600.000000
72.812500	-0.025382	689800.000000
72.916667	-0.023789	690000.000000
73.020833	-0.022530	690200.000000
73.125000	-0.020800	690400.000000
73.229167	-0.019415	690600.000000
73.333333	-0.017707	690800.000000
73.437500	-0.016648	691000.000000
73.541667	-0.016536	691200.000000
73.645833	-0.016385	691400.000000
73.750000	-0.015893	691600.000000
73.854167	-0.015102	691800.000000
73.958333	-0.013951	692000.000000
74.062500	-0.012757	692200.000000
74.166667	-0.012223	692400.000000
74.270833	-0.012930	692600.000000
74.375000	-0.013907	692800.000000
74.479167	-0.015592	693000.000000
74.583333	-0.016131	693200.000000
74.687500	-0.015705	693400.000000
74.791667	-0.014648	693600.000000
74.895833	-0.013843	693800.000000
75.000000	-0.013801	694000.000000
75.104167	-0.015850	694200.000000
75.208333	-0.019028	694400.000000
75.312500	-0.023356	694600.000000
75.416667	-0.026871	694800.000000
75.520833	-0.029059	695000.000000
75.625000	-0.030353	695200.000000
75.729167	-0.030723	695400.000000
75.833333	-0.030553	695600.000000
75.937500	-0.030295	695800.000000
76.041667	-0.030412	696000.000000
76.145833	-0.029786	696200.000000
76.250000	-0.028203	696400.000000
76.354167	-0.025527	696600.000000
76.458333	-0.023027	696800.000000
76.562500	-0.020500	697000.000000
76.666667	-0.019545	697200.000000
76.770833	-0.020105	697400.000000
76.875000	-0.022150	697600.000000
76.979167	-0.024417	697800.000000
77.083333	-0.025641	698000.000000
77.187500	-0.025724	698200.000000
77.291667	-0.024572	698400.000000
77.395833	-0.022889	698600.000000
77.500000	-0.021101	698800.000000
77.604167	-0.020477	699000.000000
77.708333	-0.021634	699200.000000
77.812500	-0.023438	699400.000000
77.916667	-0.025639	699600.000000
78.020833	-0.026321	699800.000000
78.125000	-0.025209	700000.000000
78.229167	-0.023308	700200.000000
78.333333	-0.021808	700400.000000
78.437500	-0.021162	700600.000000
78.541667	-0.022638	700800.000000
78.645833	-0.024850	701000.000000
78.750000	-0.026716	701200.000000
78.854167	-0.026890	701400.000000
78.958333	-0.025559	701600.000000
79.062500	-0.023480	701800.000000
79.166667	-0.022176	702000.000000
79.270833	-0.022258	702200.000000
79.375000	-0.023953	702400.000000
79.479167	-0.026206	702600.000000
79.583333	-0.028124	702800.000000
79.687500	-0.029227	703000.000000
79.791667	-0.028421	703200.000000
79.895833	-0.025809	703400.000000
80.000000	-0.022191	703600.000000
80.104167	-0.018586	703800.000000
80.208333	-0.016967	704000.000000
80.312500	-0.017198	704200.000000
80.416667	-0.018971	704400.000000
80.520833	-0.021210	704600.000000
80.625000	-0.023398	704800.000000
80.729167	-0.024800	705000.000000
80.833333	-0.026125	705200.000000
80.937500	-0.026844	705400.000000
81.041667	-0.026535	705600.000000
81.145833	-0.025761	705800.000000
81.250000	-0.024635	706000.000000
81.354167	-0.023547	706200.000000
81.458333	-0.023121	706400.000000
81.562500	-0.022407	706600.000000
81.666667	-0.020698	706800.000000
81.770833	-0.018879	707000.000000
81.875000	-0.016848	707200.000000
81.979167	-0.015536	707400.000000
82.083333	-0.015270	707600.000000
82.187500	-0.016233	707800.000000
82.291667	-0.017359	708000.000000
82.395833	-0.019003	708200.000000
82.500000	-0.020772	708400.000000
82.604167	-0.021678	708600.000000
82.708333	-0.021906	708800.000000
82.812500	-0.021306	709000.000000
82.916667	-0.020501	709200.000000
83.020833	-0.019721	709400.000000
83.125000	-0.019379	709600.000000
83.229167	-0.019327	709800.000000
83.333333	-0.019731	710000.000000
83.437500	-0.020252	710200.000000
83.541667	-0.020435	710400.000000
83.645833	-0.020501	710600.000000
83.750000	-0.020080	710800.000000
83.854167	-0.019503	711000.000000
83.958333	-0.018894	711200.000000
84.062500	-0.019280	711400.000000
84.166667	-0.020364	711600.000000
84.270833	-0.021589	711800.000000
84.375000	-0.023031	712000.000000
84.479167	-0.023855	712200.000000
84.583333	-0.024026	712400.000000
84.687500	-0.024535	712600.000000
84.791667	-0.025338	712800.000000
84.895833	-0.026240	713000.000000
85.000000	-0.027435	713200.000000
85.104167	-0.027788	713400.000000
85.208333	-0.026838	713600.000000
85.312500	-0.025216	713800.000000
85.416667	-0.023322	714000.000000
85.520833	-0.021633	714200.000000
85.625000	-0.020556	714400.000000
85.729167	-0.021140	714600.000000
85.833333	-0.022879	714800.000000
85.937500	-0.025470	715000.000000
86.041667	-0.027699	715200.000000
86.145833	-0.028695	715400.000000
86.250000	-0.028554	715600.000000
86.354167	-0.028217	715800.000000
86.458333	-0.027895	716000.000000
86.562500	-0.028361	716200.000000
86.666667	-0.029170	716400.000000
86.770833	-0.029617	716600.000000
86.875000	-0.029445	716800.000000
86.979167	-0.028211	717000.000000
87.083333	-0.026333	717200.000000
87.187500	-0.024694	717400.000000
87.291667	-0.023715	717600.000000
87.395833	-0.023733	717800.000000
87.500000	-0.025124	718000.000000
87.604167	-0.027121	718200.000000
87.708333	-0.029195	718400.000000
87.812500	-0.030807	718600.000000
87.916667	-0.031286	718800.000000
88.020833	-0.030214	719000.000000
88.125000	-0.028280	719200.000000
88.229167	-0.026795	719400.000000
88.333333	-0.025895	719600.000000
88.437500	-0.025962	719800.000000
88.541667	-0.026303	720000.000000
88.645833	-0.026439	720200.000000
88.750000	-0.025995	720400.000000
88.854167	-0.025055	720600.000000
88.958333	-0.023520	720800.000000
89.062500	-0.022183	721000.000000
89.166667	-0.021561	721200.000000
89.270833	-0.021006	721400.000000
89.375000	-0.020890	721600.000000
89.479167	-0.021268	721800.000000
89.583333	-0.021566	722000.000000
89.687500	-0.022336	722200.000000
89.791667	-0.023421	722400.000000
89.895833	-0.024487	722600.000000
90.000000	-0.025090	722800.000000
90.104167	-0.025679	723000.000000
90.208333	-0.026197	723200.000000
90.312500	-0.026145	723400.000000
90.416667	-0.025407	723600.000000
90.520833	-0.024467	723800.000000
90.625000	-0.023397	724000.000000
90.729167	-0.022549	724200.000000
90.833333	-0.021819	724400.000000
90.937500	-0.021532	724600.000000
91.041667	-0.021206	724800.000000
91.145833	-0.021289	725000.000000
91.250000	-0.021808	725200.000000
91.354167	-0.022945	725400.000000
91.458333	-0.024352	725600.000000
91.562500	-0.026117	725800.000000
91.666667	-0.026970	726000.000000
91.770833	-0.027305	726200.000000
91.875000	-0.027123	726400.000000
91.979167	-0.026398	726600.000000
92.083333	-0.025297	726800.000000
92.187500	-0.023977	727000.000000
92.291667	-0.022623	727200.000000
92.395833	-0.021445	727400.000000
92.500000	-0.020746	727600.000000
92.604167	-0.020733	727800.000000
92.708333	-0.021182	728000.000000
92.812500	-0.021691	728200.000000
92.916667	-0.022351	728400.000000
93.020833	-0.022857	728600.000000
93.125000	-0.023185	728800.000000
93.229167	-0.023343	729000.000000
93.333333	-0.023357	729200.000000
93.437500	-0.023085	729400.000000
93.541667	-0.022641	729600.000000
93.645833	-0.022747	729800.000000
93.750000	-0.022713	730000.000000
93.854167	-0.022945	730200.000000
93.958333	-0.023018	730400.000000
94.062500	-0.023114	730600.000000
94.166667	-0.023602	730800.000000
94.270833	-0.023798	731000.000000
94.375000	-0.023938	731200.000000
94.479167	-0.023712	731400.000000
94.583333	-0.023450	731600.000000
94.687500	-0.023551	731800.000000
94.791667	-0.024246	732000.000000
94.895833	-0.025316	732200.000000
95.000000	-0.026526	732400.000000
95.104167	-0.027705	732600.000000
95.208333	-0.028009	732800.000000
95.312500	-0.027715	733000.000000
95.416667	-0.027519	733200.000000
95.520833	-0.027213	733400.000000
95.625000	-0.026804	733600.000000
95.729167	-0.026482	733800.000000
95.833333	-0.025674	734000.000000
95.937500	-0.025016	734200.000000
96.041667	-0.023953	734400.000000
96.145833	-0.022590	734600.000000
96.250000	-0.020763	734800.000000
96.354167	-0.019011	735000.000000
96.458333	-0.018732	735200.000000
96.562500	-0.019751	735400.000000
96.666667	-0.021348	735600.000000
96.770833	-0.023600	735800.000000
96.875000	-0.025548	736000.000000
96.979167	-0.026897	736200.000000
97.083333	-0.026706	736400.000000
97.187500	-0.026370	736600.000000
97.291667	-0.025276	736800.000000
97.395833	-0.023020	737000.000000
97.500000	-0.020793	737200.000000
97.604167	-0.018500	737400.000000
97.708333	-0.016767	737600.000000
97.812500	-0.015572	737800.000000
97.916667	-0.015073	738000.000000
98.020833	-0.014939	738200.000000
98.125000	-0.014996	738400.000000
98.229167	-0.015101	738600.000000
98.333333	-0.016004	738800.000000
98.437500	-0.017895	739000.000000
98.541667	-0.020261	739200.000000
98.645833	-0.022478	739400.000000
98.750000	-0.024178	739600.000000
98.854167	-0.025185	739800.000000
98.958333	-0.026000	740000.000000
99.062500	-0.026566	740200.000000
99.166667	-0.027290	740400.000000
99.270833	-0.027973	740600.000000
99.375000	-0.028733	740800.000000
99.479167	-0.029174	741000.000000
99.583333	-0.028783	741200.000000
99.687500	-0.028035	741400.000000
99.791667	-0.026455	741600.000000
99.895833	-0.024381	741800.000000
100.000000	-0.022858	742000.000000
100.104167	-0.022119	742200.000000
100.208333	-0.021764	742400.000000
100.312500	-0.022162	742600.000000
100.416667	-0.022967	742800.000000
100.520833	-0.023696	743000.000000
100.625000	-0.024331	743200.000000
100.729167	-0.024930	743400.000000
100.833333	-0.025128	743600.000000
100.937500	-0.025692	743800.000000
101.041667	-0.025931	744000.000000
101.145833	-0.025824	744200.000000
101.250000	-0.025305	744400.000000
101.354167	-0.024376	744600.000000
101.458333	-0.022729	744800.000000
101.562500	-0.021303	745000.000000
101.666667	-0.020250	745200.000000
101.770833	-0.020247	745400.000000
101.875000	-0.021023	745600.000000
101.979167	-0.022473	745800.000000
102.083333	-0.023610	746000.000000
102.187500	-0.024583	746200.000000
102.291667	-0.024965	746400.000000
102.395833	-0.024678	746600.000000
102.500000	-0.024086	746800.000000
102.604167	-0.023738	747000.000000
102.708333	-0.024039	747200.000000
102.812500	-0.024554	747400.000000
102.916667	-0.025347	747600.000000
103.020833	-0.025455	747800.000000
103.125000	-0.025060	748000.000000
103.229167	-0.024290	748200.000000
103.333333	-0.023432	748400.000000
103.437500	-0.023114	748600.000000
103.541667	-0.023277	748800.000000
103.645833	-0.024003	749000.000000
103.750000	-0.024730	749200.000000
103.854167	-0.025389	749400.000000
103.958333	-0.025876	749600.000000
104.062500	-0.026124	749800.000000
104.166667	-0.026240	750000.000000
104.270833	-0.026038	750200.000000
104.375000	-0.026028	750400.000000
104.479167	-0.025813	750600.000000
104.583333	-0.026150	750800.000000
104.687500	-0.026226	751000.000000
104.791667	-0.026336	751200.000000
104.895833	-0.026058	751400.000000
105.000000	-0.024979	751600.000000
105.104167	-0.024076	751800.000000
105.208333	-0.023166	752000.000000
105.312500	-0.022221	752200.000000
105.416667	-0.021406	752400.000000
105.520833	-0.021041	752600.000000
105.625000	-0.020939	752800.000000
105.729167	-0.021268	753000.000000
105.833333	-0.022188	753200.000000
105.937500	-0.022726	753400.000000
106.041667	-0.023272	753600.000000
106.145833	-0.023659	753800.000000
106.250000	-0.023474	754000.000000
106.354167	-0.023296	754200.000000
106.458333	-0.022818	754400.000000
106.562500	-0.022270	754600.000000
106.666667	-0.021662	754800.000000
106.770833	-0.021346	755000.000000
106.875000	-0.020792	755200.000000
106.979167	-0.020188	755400.000000
107.083333	-0.020225	755600.000000
107.187500	-0.020499	755800.000000
107.291667	-0.020600	756000.000000
107.395833	-0.021450	756200.000000
107.500000	-0.022198	756400.000000
107.604167	-0.023046	756600.000000
107.708333	-0.024042	756800.000000
107.812500	-0.024357	757000.000000
107.916667	-0.024022	757200.000000
108.020833	-0.023746	757400.000000
108.125000	-0.023224	757600.000000
108.229167	-0.022611	757800.000000
108.333333	-0.022055	758000.000000
108.437500	-0.021597	758200.000000
108.541667	-0.021032	758400.000000
108.645833	-0.020766	758600.000000
108.750000	-0.020414	758800.000000
108.854167	-0.020092	759000.000000
108.958333	-0.020155	759200.000000
109.062500	-0.020458	759400.000000
109.166667	-0.021281	759600.000000
109.270833	-0.021883	759800.000000
109.375000	-0.022631	760000.000000
109.479167	-0.022858	760200.000000
109.583333	-0.022800	760400.000000
109.687500	-0.022409	760600.000000
109.791667	-0.022359	760800.000000
109.895833	-0.022772	761000.000000
110.000000	-0.023790	761200.000000
110.104167	-0.024729	761400.000000
110.208333	-0.025287	761600.000000
110.312500	-0.025297	761800.000000
110.416667	-0.024293	762000.000000
110.520833	-0.022815	762200.000000
110.625000	-0.021415	762400.000000
110.729167	-0.020519	762600.000000
110.833333	-0.020284	762800.000000
110.937500	-0.021122	763000.000000
111.041667	-0.022276	763200.000000
111.145833	-0.023130	763400.000000
111.250000	-0.023235	763600.000000
111.354167	-0.022889	763800.000000
111.458333	-0.022406	764000.000000
111.562500	-0.022238	764200.000000
111.666667	-0.022259	764400.000000
111.770833	-0.022773	764600.000000
111.875000	-0.023316	764800.000000
111.979167	-0.023178	765000.000000
112.083333	-0.023059	765200.000000
112.187500	-0.022087	765400.000000
112.291667	-0.021243	765600.000000
112.395833	-0.020528	765800.000000
112.500000	-0.020454	766000.000000
112.604167	-0.020978	766200.000000
112.708333	-0.021861	766400.000000
112.812500	-0.023027	766600.000000
112.916667	-0.023882	766800.000000
113.020833	-0.024288	767000.000000
113.125000	-0.024443	767200.000000
113.229167	-0.024612	767400.000000
113.333333	-0.024530	767600.000000
113.437500	-0.024809	767800.000000
113.541667	-0.024700	768000.000000
113.645833	-0.024513	768200.000000
113.750000	-0.024434	768400.000000
113.854167	-0.024229	768600.000000
113.958333	-0.023866	768800.000000
114.062500	-0.023810	769000.000000
114.166667	-0.023770	769200.000000
114.270833	-0.023889	769400.000000
114.375000	-0.024198	769600.000000
114.479167	-0.024281	769800.000000
114.583333	-0.024238	770000.000000
114.687500	-0.024567	770200.000000
114.791667	-0.024750	770400.000000
114.895833	-0.025043	770600.000000
115.000000	-0.025700	770800.000000
115.104167	-0.026371	771000.000000
115.208333	-0.026796	771200.000000
115.312500	-0.027540	771400.000000
115.416667	-0.027913	771600.000000
115.520833	-0.027913	771800.000000
115.625000	-0.027621	772000.000000
115.729167	-0.027417	772200.000000
115.833333	-0.027341	772400.000000
115.937500	-0.027293	772600.000000
116.041667	-0.027287	772800.000000
116.145833	-0.027017	773000.000000
116.250000	-0.026510	773200.000000
116.354167	-0.026437	773400.000000
116.458333	-0.026727	773600.000000
116.562500	-0.027152	773800.000000
116.666667	-0.027546	774000.000000
116.770833	-0.028000	774200.000000
116.875000	-0.027790	774400.000000
116.979167	-0.027748	774600.000000
117.083333	-0.027185	774800.000000
117.187500	-0.026455	775000.000000
117.291667	-0.026111	775200.000000
117.395833	-0.025652	775400.000000
117.500000	-0.025054	775600.000000
117.604167	-0.024720	775800.000000
117.708333	-0.024834	776000.000000
117.812500	-0.024690	776200.000000
117.916667	-0.024788	776400.000000
118.020833	-0.025357	776600.000000
118.125000	-0.026047	776800.000000
118.229167	-0.027053	777000.000000
118.333333	-0.027897	777200.000000
118.437500	-0.028554	777400.000000
118.541667	-0.028746	777600.000000
118.645833	-0.028488	777800.000000
118.750000	-0.028242	778000.000000
118.854167	-0.028138	778200.000000
118.958333	-0.028720	778400.000000
119.062500	-0.028929	778600.000000
119.166667	-0.029062	778800.000000
119.270833	-0.028753	779000.000000
119.375000	-0.027711	779200.000000
119.479167	-0.025948	779400.000000
119.583333	-0.024032	779600.000000
119.687500	-0.022406	779800.000000
119.791667	-0.021035	780000.000000
119.895833	-0.020656	780200.000000
120.000000	-0.020465	780400.000000
120.104167	-0.020968	780600.000000
120.208333	-0.021560	780800.000000
120.312500	-0.021569	781000.000000
120.416667	-0.021596	781200.000000
120.520833	-0.021792	781400.000000
120.625000	-0.021992	781600.000000
120.729167	-0.022842	781800.000000
120.833333	-0.023834	782000.000000
120.937500	-0.024467	782200.000000
121.041667	-0.024434	782400.000000
121.145833	-0.024058	782600.000000
121.250000	-0.022712	782800.000000
121.354167	-0.021334	783000.000000
121.458333	-0.020645	783200.000000
121.562500	-0.020161	783400.000000
121.666667	-0.020335	783600.000000
121.770833	-0.020779	783800.000000
121.875000	-0.021535	784000.000000
121.979167	-0.022081	784200.000000
122.083333	-0.022175	784400.000000
122.187500	-0.022299	784600.000000
122.291667	-0.022131	784800.000000
122.395833	-0.021888	785000.000000
122.500000	-0.021479	785200.000000
122.604167	-0.020666	785400.000000
122.708333	-0.019838	785600.000000
122.812500	-0.019452	785800.000000
122.916667	-0.018869	786000.000000
123.020833	-0.018799	786200.000000
123.125000	-0.018908	786400.000000
123.229167	-0.019349	786600.000000
123.333333	-0.019923	786800.000000
123.437500	-0.020624	787000.000000
123.541667	-0.020865	787200.000000
123.645833	-0.021157	787400.000000
123.750000	-0.021484	787600.000000
123.854167	-0.021769	787800.000000
123.958333	-0.022474	788000.000000
124.062500	-0.022972	788200.000000
124.166667	-0.023373	788400.000000
124.270833	-0.023685	788600.000000
124.375000	-0.024072	788800.000000
124.479167	-0.023971	789000.000000
124.583333	-0.024234	789200.000000
124.687500	-0.024347	789400.000000
124.791667	-0.024580	789600.000000
124.895833	-0.024782	789800.000000
125.000000	-0.024667	790000.000000
125.104167	-0.024497	790200.000000
125.208333	-0.024312	790400.000000
125.312500	-0.024090	790600.000000
125.416667	-0.023979	790800.000000
125.520833	-0.023946	791000.000000
125.625000	-0.024698	791200.000000
125.729167	-0.025386	791400.000000
125.833333	-0.025627	791600.000000
125.937500	-0.025748	791800.000000
126.041667	-0.025541	792000.000000
126.145833	-0.025462	792200.000000
126.250000	-0.025203	792400.000000
126.354167	-0.025236	792600.000000
126.458333	-0.025146	792800.000000
126.562500	-0.024889	793000.000000
126.666667	-0.024633	793200.000000
126.770833	-0.023583	793400.000000
126.875000	-0.022958	793600.000000
126.979167	-0.022427	793800.000000
127.083333	-0.022137	794000.000000
127.187500	-0.022396	794200.000000
127.291667	-0.023207	794400.000000
127.395833	-0.023918	794600.000000
127.500000	-0.024462	794800.000000
127.604167	-0.024767	795000.000000
127.708333	-0.024423	795200.000000
127.812500	-0.023786	795400.000000
127.916667	-0.023395	795600.000000
128.020833	-0.023347	795800.000000
128.125000	-0.023605	796000.000000
128.229167	-0.023972	796200.000000
128.333333	-0.024439	796400.000000
128.437500	-0.024416	796600.000000
128.541667	-0.024281	796800.000000
128.645833	-0.023958	797000.000000
128.750000	-0.023506	797200.000000
128.854167	-0.023483	797400.000000
128.958333	-0.024233	797600.000000
129.062500	-0.024911	797800.000000
129.166667	-0.025464	798000.000000
129.270833	-0.025592	798200.000000
129.375000	-0.025227	798400.000000
129.479167	-0.024687	798600.000000
129.583333	-0.024048	798800.000000
129.687500	-0.023682	799000.000000
129.791667	-0.023845	799200.000000
129.895833	-0.024151	799400.000000
130.000000	-0.024825	799600.000000
130.104167	-0.025420	799800.000000
130.208333	-0.025255	800000.000000
