0.000000	-0.023062	500000.000000
0.104167	-0.023016	500200.000000
0.208333	-0.023020	500400.000000
0.312500	-0.022809	500600.000000
0.416667	-0.022945	500800.000000
0.520833	-0.022904	501000.000000
0.625000	-0.022938	501200.000000
0.729167	-0.022974	501400.000000
0.833333	-0.022949	501600.000000
0.937500	-0.023086	501800.000000
1.041667	-0.022862	502000.000000
1.145833	-0.022821	502200.000000
1.250000	-0.023044	502400.000000
1.354167	-0.023098	502600.000000
1.458333	-0.023022	502800.000000
1.562500	-0.023012	503000.000000
1.666667	-0.022975	503200.000000
1.770833	-0.023086	503400.000000
1.875000	-0.023176	503600.000000
1.979167	-0.023166	503800.000000
2.083333	-0.023164	504000.000000
2.187500	-0.023141	504200.000000
2.291667	-0.023125	504400.000000
2.395833	-0.022889	504600.000000
2.500000	-0.022915	504800.000000
2.604167	-0.022873	505000.000000
2.708333	-0.022889	505200.000000
2.812500	-0.022818	505400.000000
2.916667	-0.022821	505600.000000
3.020833	-0.022709	505800.000000
3.125000	-0.022753	506000.000000
3.229167	-0.022928	506200.000000
3.333333	-0.022674	506400.000000
3.437500	-0.022767	506600.000000
3.541667	-0.022968	506800.000000
3.645833	-0.022787	507000.000000
3.750000	-0.022823	507200.000000
3.854167	-0.022982	507400.000000
3.958333	-0.022875	507600.000000
4.062500	-0.022895	507800.000000
4.166667	-0.022922	508000.000000
4.270833	-0.022939	508200.000000
4.375000	-0.022710	508400.000000
4.479167	-0.022895	508600.000000
4.583333	-0.022733	508800.000000
4.687500	-0.022764	509000.000000
4.791667	-0.022804	509200.000000
4.895833	-0.022802	509400.000000
5.000000	-0.022831	509600.000000
5.104167	-0.023077	509800.000000
5.208333	-0.022991	510000.000000
5.312500	-0.022993	510200.000000
5.416667	-0.023107	510400.000000
5.520833	-0.023003	510600.000000
5.625000	-0.023048	510800.000000
5.729167	-0.023106	511000.000000
5.833333	-0.023178	511200.000000
5.937500	-0.023019	511400.000000
6.041667	-0.022815	511600.000000
6.145833	-0.023036	511800.000000
6.250000	-0.023145	512000.000000
6.354167	-0.022876	512200.000000
6.458333	-0.022798	512400.000000
6.562500	-0.022801	512600.000000
6.666667	-0.022575	512800.000000
6.770833	-0.022692	513000.000000
6.875000	-0.022737	513200.000000
6.979167	-0.022763	513400.000000
7.083333	-0.022851	513600.000000
7.187500	-0.022978	513800.000000
7.291667	-0.022847	514000.000000
7.395833	-0.022843	514200.000000
7.500000	-0.023093	514400.000000
7.604167	-0.022874	514600.000000
7.708333	-0.022991	514800.000000
7.812500	-0.023248	515000.000000
7.916667	-0.023014	515200.000000
8.020833	-0.022962	515400.000000
8.125000	-0.022828	515600.000000
8.229167	-0.022942	515800.000000
8.333333	-0.022897	516000.000000
8.437500	-0.023105	516200.000000
8.541667	-0.022921	516400.000000
8.645833	-0.023019	516600.000000
8.750000	-0.022939	516800.000000
8.854167	-0.022872	517000.000000
8.958333	-0.022934	517200.000000
9.062500	-0.022704	517400.000000
9.166667	-0.022774	517600.000000
9.270833	-0.022726	517800.000000
9.375000	-0.022723	518000.000000
9.479167	-0.022962	518200.000000
9.583333	-0.023021	518400.000000
9.687500	-0.022875	518600.000000
9.791667	-0.023056	518800.000000
9.895833	-0.022910	519000.000000
10.000000	-0.022944	519200.000000
10.104167	-0.023096	519400.000000
10.208333	-0.022926	519600.000000
10.312500	-0.022900	519800.000000
10.416667	-0.022796	520000.000000
10.520833	-0.022760	520200.000000
10.625000	-0.022795	520400.000000
10.729167	-0.022753	520600.000000
10.833333	-0.022748	520800.000000
10.937500	-0.022586	521000.000000
11.041667	-0.022866	521200.000000
11.145833	-0.022794	521400.000000
11.250000	-0.022776	521600.000000
11.354167	-0.022639	521800.000000
11.458333	-0.022963	522000.000000
11.562500	-0.022741	522200.000000
11.666667	-0.022663	522400.000000
11.770833	-0.022814	522600.000000
11.875000	-0.022781	522800.000000
11.979167	-0.022790	523000.000000
12.083333	-0.022807	523200.000000
12.187500	-0.022796	523400.000000
12.291667	-0.022705	523600.000000
12.395833	-0.022878	523800.000000
12.500000	-0.022741	524000.000000
12.604167	-0.022992	524200.000000
12.708333	-0.023032	524400.000000
12.812500	-0.022918	524600.000000
12.916667	-0.023061	524800.000000
13.020833	-0.022990	525000.000000
13.125000	-0.023129	525200.000000
13.229167	-0.023046	525400.000000
13.333333	-0.023102	525600.000000
13.437500	-0.023063	525800.000000
13.541667	-0.022992	526000.000000
13.645833	-0.023216	526200.000000
13.750000	-0.023290	526400.000000
13.854167	-0.023313	526600.000000
13.958333	-0.023320	526800.000000
14.062500	-0.023226	527000.000000
14.166667	-0.023240	527200.000000
14.270833	-0.023356	527400.000000
14.375000	-0.023447	527600.000000
14.479167	-0.023348	527800.000000
14.583333	-0.023305	528000.000000
14.687500	-0.023294	528200.000000
14.791667	-0.023337	528400.000000
14.895833	-0.023315	528600.000000
15.000000	-0.023471	528800.000000
15.104167	-0.023332	529000.000000
15.208333	-0.023193	529200.000000
15.312500	-0.023381	529400.000000
15.416667	-0.023406	529600.000000
15.520833	-0.023503	529800.000000
15.625000	-0.023673	530000.000000
15.729167	-0.023602	530200.000000
15.833333	-0.023407	530400.000000
15.937500	-0.023479	530600.000000
16.041667	-0.023495	530800.000000
16.145833	-0.023420	531000.000000
16.250000	-0.023642	531200.000000
16.354167	-0.023676	531400.000000
16.458333	-0.023811	531600.000000
16.562500	-0.024006	531800.000000
16.666667	-0.024081	532000.000000
16.770833	-0.024203	532200.000000
16.875000	-0.024159	532400.000000
16.979167	-0.024352	532600.000000
17.083333	-0.024461	532800.000000
17.187500	-0.024549	533000.000000
17.291667	-0.025091	533200.000000
17.395833	-0.024958	533400.000000
17.500000	-0.025168	533600.000000
17.604167	-0.025178	533800.000000
17.708333	-0.025398	534000.000000
17.812500	-0.025761	534200.000000
17.916667	-0.026118	534400.000000
18.020833	-0.026434	534600.000000
18.125000	-0.026525	534800.000000
18.229167	-0.026979	535000.000000
18.333333	-0.027414	535200.000000
18.437500	-0.027692	535400.000000
18.541667	-0.028176	535600.000000
18.645833	-0.028767	535800.000000
18.750000	-0.029400	536000.000000
18.854167	-0.030232	536200.000000
18.958333	-0.031082	536400.000000
19.062500	-0.031857	536600.000000
19.166667	-0.032850	536800.000000
19.270833	-0.034178	537000.000000
19.375000	-0.035528	537200.000000
19.479167	-0.036839	537400.000000
19.583333	-0.038526	537600.000000
19.687500	-0.040188	537800.000000
19.791667	-0.042328	538000.000000
19.895833	-0.044510	538200.000000
20.000000	-0.047117	538400.000000
20.104167	-0.049837	538600.000000
20.208333	-0.052999	538800.000000
20.312500	-0.056170	539000.000000
20.416667	-0.059647	539200.000000
20.520833	-0.063274	539400.000000
20.625000	-0.067414	539600.000000
20.729167	-0.071306	539800.000000
20.833333	-0.075122	540000.000000
20.937500	-0.078515	540200.000000
21.041667	-0.081803	540400.000000
21.145833	-0.084586	540600.000000
21.250000	-0.086458	540800.000000
21.354167	-0.087351	541000.000000
21.458333	-0.086664	541200.000000
21.562500	-0.083584	541400.000000
21.666667	-0.076566	541600.000000
21.770833	-0.062179	541800.000000
21.875000	-0.030287	542000.000000
21.979167	0.034683	542200.000000
22.083333	0.163123	542400.000000
22.187500	0.372116	542600.000000
22.291667	0.652306	542800.000000
22.395833	0.936785	543000.000000
22.500000	1.108524	543200.000000
22.604167	1.074208	543400.000000
22.708333	0.814312	543600.000000
22.812500	0.396671	543800.000000
22.916667	-0.057722	544000.000000
23.020833	-0.405936	544200.000000
23.125000	-0.604016	544400.000000
23.229167	-0.659709	544600.000000
23.333333	-0.626975	544800.000000
23.437500	-0.563465	545000.000000
23.541667	-0.501835	545200.000000
23.645833	-0.443256	545400.000000
23.750000	-0.382757	545600.000000
23.854167	-0.322493	545800.000000
23.958333	-0.278510	546000.000000
24.062500	-0.264938	546200.000000
24.166667	-0.274440	546400.000000
24.270833	-0.277122	546600.000000
24.375000	-0.242368	546800.000000
24.479167	-0.160915	547000.000000
24.583333	-0.060998	547200.000000
24.687500	0.020717	547400.000000
24.791667	0.054697	547600.000000
24.895833	0.042156	547800.000000
25.000000	0.006555	548000.000000
25.104167	-0.024145	548200.000000
25.208333	-0.034874	548400.000000
25.312500	-0.024413	548600.000000
25.416667	-0.000912	548800.000000
25.520833	0.025495	549000.000000
25.625000	0.043599	549200.000000
25.729167	0.044053	549400.000000
25.833333	0.021416	549600.000000
25.937500	-0.018218	549800.000000
26.041667	-0.057786	550000.000000
26.145833	-0.073177	550200.000000
26.250000	-0.054219	550400.000000
26.354167	-0.013705	550600.000000
26.458333	0.022394	550800.000000
26.562500	0.032936	551000.000000
26.666667	0.017873	551200.000000
26.770833	-0.002408	551400.000000
26.875000	-0.007456	551600.000000
26.979167	0.008652	551800.000000
27.083333	0.035040	552000.000000
27.187500	0.052641	552200.000000
27.291667	0.048898	552400.000000
27.395833	0.025630	552600.000000
27.500000	-0.004537	552800.000000
27.604167	-0.029738	553000.000000
27.708333	-0.044886	553200.000000
27.812500	-0.049380	553400.000000
27.916667	-0.047711	553600.000000
28.020833	-0.042000	553800.000000
28.125000	-0.031400	554000.000000
28.229167	-0.015385	554200.000000
28.333333	0.005591	554400.000000
28.437500	0.026720	554600.000000
28.541667	0.039457	554800.000000
28.645833	0.036550	555000.000000
28.750000	0.019252	555200.000000
28.854167	-0.002505	555400.000000
28.958333	-0.018660	555600.000000
29.062500	-0.022606	555800.000000
29.166667	-0.016960	556000.000000
29.270833	-0.010579	556200.000000
29.375000	-0.009996	556400.000000
29.479167	-0.017806	556600.000000
29.583333	-0.030687	556800.000000
29.687500	-0.041215	557000.000000
29.791667	-0.044013	557200.000000
29.895833	-0.037295	557400.000000
30.000000	-0.023162	557600.000000
30.104167	-0.007841	557800.000000
30.208333	0.001179	558000.000000
30.312500	0.003148	558200.000000
30.416667	0.000159	558400.000000
30.520833	-0.003208	558600.000000
30.625000	-0.005098	558800.000000
30.729167	-0.006826	559000.000000
30.833333	-0.009374	559200.000000
30.937500	-0.011692	559400.000000
31.041667	-0.012220	559600.000000
31.145833	-0.011202	559800.000000
31.250000	-0.012937	560000.000000
31.354167	-0.023135	560200.000000
31.458333	-0.043812	560400.000000
31.562500	-0.072295	560600.000000
31.666667	-0.097115	560800.000000
31.770833	-0.103445	561000.000000
31.875000	-0.085148	561200.000000
31.979167	-0.050204	561400.000000
32.083333	-0.014700	561600.000000
32.187500	0.008558	561800.000000
32.291667	0.012763	562000.000000
32.395833	0.001248	562200.000000
32.500000	-0.016255	562400.000000
32.604167	-0.030484	562600.000000
32.708333	-0.037185	562800.000000
32.812500	-0.037655	563000.000000
32.916667	-0.035516	563200.000000
33.020833	-0.033592	563400.000000
33.125000	-0.033024	563600.000000
33.229167	-0.033807	563800.000000
33.333333	-0.035287	564000.000000
33.437500	-0.036020	564200.000000
33.541667	-0.034634	564400.000000
33.645833	-0.029578	564600.000000
33.750000	-0.020179	564800.000000
33.854167	-0.006540	565000.000000
33.958333	0.009294	565200.000000
34.062500	0.021347	565400.000000
34.166667	0.023146	565600.000000
34.270833	0.010006	565800.000000
34.375000	-0.016766	566000.000000
34.479167	-0.046354	566200.000000
34.583333	-0.065209	566400.000000
34.687500	-0.061724	566600.000000
34.791667	-0.038287	566800.000000
34.895833	-0.008475	567000.000000
35.000000	0.008271	567200.000000
35.104167	0.002355	567400.000000
35.208333	-0.020516	567600.000000
35.312500	-0.042626	567800.000000
35.416667	-0.048170	568000.000000
35.520833	-0.033732	568200.000000
35.625000	-0.007381	568400.000000
35.729167	0.016117	568600.000000
35.833333	0.026823	568800.000000
35.937500	0.024127	569000.000000
36.041667	0.013252	569200.000000
36.145833	-0.000247	569400.000000
36.250000	-0.012241	569600.000000
36.354167	-0.018046	569800.000000
36.458333	-0.015496	570000.000000
36.562500	-0.007512	570200.000000
36.666667	-0.001310	570400.000000
36.770833	-0.006311	570600.000000
36.875000	-0.024273	570800.000000
36.979167	-0.048267	571000.000000
37.083333	-0.063440	571200.000000
37.187500	-0.060858	571400.000000
37.291667	-0.041931	571600.000000
37.395833	-0.015746	571800.000000
37.500000	0.010084	572000.000000
37.604167	0.026887	572200.000000
37.708333	0.028328	572400.000000
37.812500	0.013036	572600.000000
37.916667	-0.014219	572800.000000
38.020833	-0.044150	573000.000000
38.125000	-0.061533	573200.000000
38.229167	-0.061550	573400.000000
38.333333	-0.047766	573600.000000
38.437500	-0.034313	573800.000000
38.541667	-0.033932	574000.000000
38.645833	-0.049527	574200.000000
38.750000	-0.068351	574400.000000
38.854167	-0.076079	574600.000000
38.958333	-0.063193	574800.000000
39.062500	-0.032423	575000.000000
39.166667	0.004569	575200.000000
39.270833	0.029999	575400.000000
39.375000	0.033862	575600.000000
39.479167	0.015392	575800.000000
39.583333	-0.014580	576000.000000
39.687500	-0.041766	576200.000000
39.791667	-0.053529	576400.000000
39.895833	-0.048326	576600.000000
40.000000	-0.034703	576800.000000
40.104167	-0.021314	577000.000000
40.208333	-0.013816	577200.000000
40.312500	-0.015994	577400.000000
40.416667	-0.026090	577600.000000
40.520833	-0.039927	577800.000000
40.625000	-0.051823	578000.000000
40.729167	-0.056521	578200.000000
40.833333	-0.049773	578400.000000
40.937500	-0.033873	578600.000000
41.041667	-0.015729	578800.000000
41.145833	-0.003951	579000.000000
41.250000	-0.002373	579200.000000
41.354167	-0.009686	579400.000000
41.458333	-0.019854	579600.000000
41.562500	-0.027517	579800.000000
41.666667	-0.029636	580000.000000
41.770833	-0.026204	580200.000000
41.875000	-0.021570	580400.000000
41.979167	-0.021531	580600.000000
42.083333	-0.029097	580800.000000
42.187500	-0.042369	581000.000000
42.291667	-0.055720	581200.000000
42.395833	-0.062123	581400.000000
42.500000	-0.057403	581600.000000
42.604167	-0.043598	581800.000000
42.708333	-0.026648	582000.000000
42.812500	-0.012164	582200.000000
42.916667	-0.003855	582400.000000
43.020833	-0.002995	582600.000000
43.125000	-0.006704	582800.000000
43.229167	-0.010432	583000.000000
43.333333	-0.012695	583200.000000
43.437500	-0.014838	583400.000000
43.541667	-0.020795	583600.000000
43.645833	-0.032818	583800.000000
43.750000	-0.047842	584000.000000
43.854167	-0.058499	584200.000000
43.958333	-0.059083	584400.000000
44.062500	-0.048473	584600.000000
44.166667	-0.033487	584800.000000
44.270833	-0.021942	585000.000000
44.375000	-0.017227	585200.000000
44.479167	-0.017128	585400.000000
44.583333	-0.017166	585600.000000
44.687500	-0.014397	585800.000000
44.791667	-0.011205	586000.000000
44.895833	-0.011129	586200.000000
45.000000	-0.015068	586400.000000
45.104167	-0.020252	586600.000000
45.208333	-0.022615	586800.000000
45.312500	-0.022037	587000.000000
45.416667	-0.021644	587200.000000
45.520833	-0.024634	587400.000000
45.625000	-0.031156	587600.000000
45.729167	-0.038150	587800.000000
45.833333	-0.040947	588000.000000
45.937500	-0.037407	588200.000000
46.041667	-0.030121	588400.000000
46.145833	-0.024059	588600.000000
46.250000	-0.021873	588800.000000
46.354167	-0.023764	589000.000000
46.458333	-0.026357	589200.000000
46.562500	-0.026484	589400.000000
46.666667	-0.022333	589600.000000
46.770833	-0.015412	589800.000000
46.875000	-0.008579	590000.000000
46.979167	-0.004551	590200.000000
47.083333	-0.005756	590400.000000
47.187500	-0.013183	590600.000000
47.291667	-0.025928	590800.000000
47.395833	-0.039770	591000.000000
47.500000	-0.048443	591200.000000
47.604167	-0.047701	591400.000000
47.708333	-0.039880	591600.000000
47.812500	-0.032153	591800.000000
47.916667	-0.029400	592000.000000
48.020833	-0.029912	592200.000000
48.125000	-0.028140	592400.000000
48.229167	-0.020281	592600.000000
48.333333	-0.008067	592800.000000
48.437500	0.002645	593000.000000
48.541667	0.005715	593200.000000
48.645833	0.000139	593400.000000
48.750000	-0.012429	593600.000000
48.854167	-0.026529	593800.000000
48.958333	-0.038083	594000.000000
49.062500	-0.045266	594200.000000
49.166667	-0.047685	594400.000000
49.270833	-0.044823	594600.000000
49.375000	-0.038271	594800.000000
49.479167	-0.028981	595000.000000
49.583333	-0.020539	595200.000000
49.687500	-0.016824	595400.000000
49.791667	-0.018343	595600.000000
49.895833	-0.022840	595800.000000
50.000000	-0.025257	596000.000000
50.104167	-0.023311	596200.000000
50.208333	-0.016761	596400.000000
50.312500	-0.008098	596600.000000
50.416667	-0.003090	596800.000000
50.520833	-0.005212	597000.000000
50.625000	-0.014691	597200.000000
50.729167	-0.026923	597400.000000
50.833333	-0.036593	597600.000000
50.937500	-0.038571	597800.000000
51.041667	-0.033135	598000.000000
51.145833	-0.024923	598200.000000
51.250000	-0.018776	598400.000000
51.354167	-0.018146	598600.000000
51.458333	-0.022670	598800.000000
51.562500	-0.029285	599000.000000
51.666667	-0.033961	599200.000000
51.770833	-0.032764	599400.000000
51.875000	-0.025942	599600.000000
51.979167	-0.015479	599800.000000
52.083333	-0.005106	600000.000000
52.187500	0.000628	600200.000000
52.291667	-0.000191	600400.000000
52.395833	-0.005960	600600.000000
52.500000	-0.014424	600800.000000
52.604167	-0.022177	601000.000000
52.708333	-0.029414	601200.000000
52.812500	-0.036869	601400.000000
52.916667	-0.043180	601600.000000
53.020833	-0.046533	601800.000000
53.125000	-0.044124	602000.000000
53.229167	-0.035729	602200.000000
53.333333	-0.026076	602400.000000
53.437500	-0.018203	602600.000000
53.541667	-0.013163	602800.000000
53.645833	-0.010904	603000.000000
53.750000	-0.010286	603200.000000
53.854167	-0.009821	603400.000000
53.958333	-0.010275	603600.000000
54.062500	-0.012923	603800.000000
54.166667	-0.017249	604000.000000
54.270833	-0.022374	604200.000000
54.375000	-0.027220	604400.000000
54.479167	-0.031342	604600.000000
54.583333	-0.034949	604800.000000
54.687500	-0.038507	605000.000000
54.791667	-0.039267	605200.000000
54.895833	-0.036177	605400.000000
55.000000	-0.030186	605600.000000
55.104167	-0.024090	605800.000000
55.208333	-0.018801	606000.000000
55.312500	-0.015461	606200.000000
55.416667	-0.014166	606400.000000
55.520833	-0.016572	606600.000000
55.625000	-0.022514	606800.000000
55.729167	-0.029005	607000.000000
55.833333	-0.030768	607200.000000
55.937500	-0.027099	607400.000000
56.041667	-0.020366	607600.000000
56.145833	-0.016877	607800.000000
56.250000	-0.019795	608000.000000
56.354167	-0.028457	608200.000000
56.458333	-0.037808	608400.000000
56.562500	-0.042444	608600.000000
56.666667	-0.040335	608800.000000
56.770833	-0.034206	609000.000000
56.875000	-0.029109	609200.000000
56.979167	-0.027691	609400.000000
57.083333	-0.028909	609600.000000
57.187500	-0.029667	609800.000000
57.291667	-0.028336	610000.000000
57.395833	-0.023877	610200.000000
57.500000	-0.017359	610400.000000
57.604167	-0.010890	610600.000000
57.708333	-0.007759	610800.000000
57.812500	-0.009908	611000.000000
57.916667	-0.018595	611200.000000
58.020833	-0.031568	611400.000000
58.125000	-0.044109	611600.000000
58.229167	-0.050879	611800.000000
58.333333	-0.049056	612000.000000
58.437500	-0.040488	612200.000000
58.541667	-0.030817	612400.000000
58.645833	-0.024659	612600.000000
58.750000	-0.023441	612800.000000
58.854167	-0.024078	613000.000000
58.958333	-0.023444	613200.000000
59.062500	-0.020417	613400.000000
59.166667	-0.016649	613600.000000
59.270833	-0.014209	613800.000000
59.375000	-0.013529	614000.000000
59.479167	-0.014899	614200.000000
59.583333	-0.017810	614400.000000
59.687500	-0.023965	614600.000000
59.791667	-0.032136	614800.000000
59.895833	-0.039670	615000.000000
60.000000	-0.043145	615200.000000
60.104167	-0.039767	615400.000000
60.208333	-0.030531	615600.000000
60.312500	-0.020516	615800.000000
60.416667	-0.014315	616000.000000
60.520833	-0.014479	616200.000000
60.625000	-0.018604	616400.000000
60.729167	-0.023270	616600.000000
60.833333	-0.025367	616800.000000
60.937500	-0.024524	617000.000000
61.041667	-0.021530	617200.000000
61.145833	-0.018189	617400.000000
61.250000	-0.015236	617600.000000
61.354167	-0.013487	617800.000000
61.458333	-0.013074	618000.000000
61.562500	-0.014055	618200.000000
61.666667	-0.016869	618400.000000
61.770833	-0.020809	618600.000000
61.875000	-0.025426	618800.000000
61.979167	-0.029676	619000.000000
62.083333	-0.031710	619200.000000
62.187500	-0.031073	619400.000000
62.291667	-0.027347	619600.000000
62.395833	-0.022324	619800.000000
62.500000	-0.017432	620000.000000
62.604167	-0.013457	620200.000000
62.708333	-0.011934	620400.000000
62.812500	-0.012614	620600.000000
62.916667	-0.014507	620800.000000
63.020833	-0.015939	621000.000000
63.125000	-0.015607	621200.000000
63.229167	-0.014409	621400.000000
63.333333	-0.014339	621600.000000
63.437500	-0.017390	621800.000000
63.541667	-0.023505	622000.000000
63.645833	-0.030237	622200.000000
63.750000	-0.034749	622400.000000
63.854167	-0.034118	622600.000000
63.958333	-0.028030	622800.000000
64.062500	-0.019023	623000.000000
64.166667	-0.010132	623200.000000
64.270833	-0.004201	623400.000000
64.375000	-0.002816	623600.000000
64.479167	-0.005805	623800.000000
64.583333	-0.011526	624000.000000
64.687500	-0.017587	624200.000000
64.791667	-0.021941	624400.000000
64.895833	-0.024128	624600.000000
65.000000	-0.025087	624800.000000
65.104167	-0.026288	625000.000000
65.208333	-0.028543	625200.000000
65.312500	-0.031420	625400.000000
65.416667	-0.034599	625600.000000
65.520833	-0.036685	625800.000000
65.625000	-0.036076	626000.000000
65.729167	-0.032376	626200.000000
65.833333	-0.026871	626400.000000
65.937500	-0.022304	626600.000000
66.041667	-0.021200	626800.000000
66.145833	-0.024252	627000.000000
66.250000	-0.028797	627200.000000
66.354167	-0.031389	627400.000000
66.458333	-0.028715	627600.000000
66.562500	-0.021343	627800.000000
66.666667	-0.013466	628000.000000
66.770833	-0.010048	628200.000000
66.875000	-0.013418	628400.000000
66.979167	-0.021316	628600.000000
67.083333	-0.030435	628800.000000
67.187500	-0.036587	629000.000000
67.291667	-0.037544	629200.000000
67.395833	-0.034730	629400.000000
67.500000	-0.030316	629600.000000
67.604167	-0.026249	629800.000000
67.708333	-0.024529	630000.000000
67.812500	-0.024851	630200.000000
67.916667	-0.026253	630400.000000
68.020833	-0.027026	630600.000000
68.125000	-0.025058	630800.000000
68.229167	-0.019076	631000.000000
68.333333	-0.012656	631200.000000
68.437500	-0.009302	631400.000000
68.541667	-0.011533	631600.000000
68.645833	-0.018834	631800.000000
68.750000	-0.028021	632000.000000
68.854167	-0.034886	632200.000000
68.958333	-0.037494	632400.000000
69.062500	-0.036168	632600.000000
69.166667	-0.032395	632800.000000
69.270833	-0.028132	633000.000000
69.375000	-0.023468	633200.000000
69.479167	-0.018065	633400.000000
69.583333	-0.012490	633600.000000
69.687500	-0.008759	633800.000000
69.791667	-0.007452	634000.000000
69.895833	-0.008455	634200.000000
70.000000	-0.010902	634400.000000
70.104167	-0.014014	634600.000000
70.208333	-0.017181	634800.000000
70.312500	-0.019891	635000.000000
70.416667	-0.022064	635200.000000
70.520833	-0.023100	635400.000000
70.625000	-0.023713	635600.000000
70.729167	-0.024031	635800.000000
70.833333	-0.025671	636000.000000
70.937500	-0.029459	636200.000000
71.041667	-0.034770	636400.000000
71.145833	-0.039286	636600.000000
71.250000	-0.040593	636800.000000
71.354167	-0.038487	637000.000000
71.458333	-0.034462	637200.000000
71.562500	-0.031331	637400.000000
71.666667	-0.031261	637600.000000
71.770833	-0.033994	637800.000000
71.875000	-0.038327	638000.000000
71.979167	-0.041458	638200.000000
72.083333	-0.041614	638400.000000
72.187500	-0.038348	638600.000000
72.291667	-0.033494	638800.000000
72.395833	-0.029390	639000.000000
72.500000	-0.027349	639200.000000
72.604167	-0.029127	639400.000000
72.708333	-0.033092	639600.000000
72.812500	-0.037346	639800.000000
72.916667	-0.039058	640000.000000
73.020833	-0.035243	640200.000000
73.125000	-0.027360	640400.000000
73.229167	-0.017329	640600.000000
73.333333	-0.009691	640800.000000
73.437500	-0.006574	641000.000000
73.541667	-0.007449	641200.000000
73.645833	-0.010770	641400.000000
73.750000	-0.013743	641600.000000
73.854167	-0.015211	641800.000000
73.958333	-0.015778	642000.000000
74.062500	-0.016057	642200.000000
74.166667	-0.017805	642400.000000
74.270833	-0.022318	642600.000000
74.375000	-0.028016	642800.000000
74.479167	-0.032313	643000.000000
74.583333	-0.033611	643200.000000
74.687500	-0.029981	643400.000000
74.791667	-0.023585	643600.000000
74.895833	-0.017195	643800.000000
75.000000	-0.013804	644000.000000
75.104167	-0.014900	644200.000000
75.208333	-0.019655	644400.000000
75.312500	-0.025248	644600.000000
75.416667	-0.028619	644800.000000
75.520833	-0.028613	645000.000000
75.625000	-0.025852	645200.000000
75.729167	-0.021914	645400.000000
75.833333	-0.019962	645600.000000
75.937500	-0.021023	645800.000000
76.041667	-0.024577	646000.000000
76.145833	-0.028466	646200.000000
76.250000	-0.030737	646400.000000
76.354167	-0.028717	646600.000000
76.458333	-0.023171	646800.000000
76.562500	-0.016469	647000.000000
76.666667	-0.011965	647200.000000
76.770833	-0.012710	647400.000000
76.875000	-0.017642	647600.000000
76.979167	-0.023765	647800.000000
77.083333	-0.028038	648000.000000
77.187500	-0.028539	648200.000000
77.291667	-0.025193	648400.000000
77.395833	-0.020944	648600.000000
77.500000	-0.017735	648800.000000
77.604167	-0.017608	649000.000000
77.708333	-0.020680	649200.000000
77.812500	-0.026952	649400.000000
77.916667	-0.033507	649600.000000
78.020833	-0.038660	649800.000000
78.125000	-0.040632	650000.000000
78.229167	-0.038917	650200.000000
78.333333	-0.034782	650400.000000
78.437500	-0.030135	650600.000000
78.541667	-0.026481	650800.000000
78.645833	-0.024215	651000.000000
78.750000	-0.022956	651200.000000
78.854167	-0.021674	651400.000000
78.958333	-0.020751	651600.000000
79.062500	-0.020695	651800.000000
79.166667	-0.022099	652000.000000
79.270833	-0.024243	652200.000000
79.375000	-0.027222	652400.000000
79.479167	-0.030053	652600.000000
79.583333	-0.031858	652800.000000
79.687500	-0.032659	653000.000000
79.791667	-0.032651	653200.000000
79.895833	-0.032159	653400.000000
80.000000	-0.031400	653600.000000
80.104167	-0.030636	653800.000000
80.208333	-0.029238	654000.000000
80.312500	-0.027292	654200.000000
80.416667	-0.025054	654400.000000
80.520833	-0.022831	654600.000000
80.625000	-0.021597	654800.000000
80.729167	-0.021790	655000.000000
80.833333	-0.022604	655200.000000
80.937500	-0.023677	655400.000000
81.041667	-0.024848	655600.000000
81.145833	-0.025478	655800.000000
81.250000	-0.026155	656000.000000
81.354167	-0.026354	656200.000000
81.458333	-0.025426	656400.000000
81.562500	-0.023915	656600.000000
81.666667	-0.023302	656800.000000
81.770833	-0.023655	657000.000000
81.875000	-0.024606	657200.000000
81.979167	-0.025598	657400.000000
82.083333	-0.025807	657600.000000
82.187500	-0.024848	657800.000000
82.291667	-0.023685	658000.000000
82.395833	-0.022342	658200.000000
82.500000	-0.020631	658400.000000
82.604167	-0.018294	658600.000000
82.708333	-0.015692	658800.000000
82.812500	-0.013410	659000.000000
82.916667	-0.013102	659200.000000
83.020833	-0.015589	659400.000000
83.125000	-0.019227	659600.000000
83.229167	-0.022720	659800.000000
83.333333	-0.025170	660000.000000
83.437500	-0.025761	660200.000000
83.541667	-0.025248	660400.000000
83.645833	-0.023527	660600.000000
83.750000	-0.020764	660800.000000
83.854167	-0.017141	661000.000000
83.958333	-0.014237	661200.000000
84.062500	-0.012610	661400.000000
84.166667	-0.013244	661600.000000
84.270833	-0.015013	661800.000000
84.375000	-0.016267	662000.000000
84.479167	-0.015904	662200.000000
84.583333	-0.015128	662400.000000
84.687500	-0.015424	662600.000000
84.791667	-0.017559	662800.000000
84.895833	-0.021550	663000.000000
85.000000	-0.026419	663200.000000
85.104167	-0.029362	663400.000000
85.208333	-0.029872	663600.000000
85.312500	-0.028255	663800.000000
85.416667	-0.024936	664000.000000
85.520833	-0.020983	664200.000000
85.625000	-0.018149	664400.000000
85.729167	-0.016789	664600.000000
85.833333	-0.017628	664800.000000
85.937500	-0.020220	665000.000000
86.041667	-0.022985	665200.000000
86.145833	-0.024552	665400.000000
86.250000	-0.024521	665600.000000
86.354167	-0.023408	665800.000000
86.458333	-0.022280	666000.000000
86.562500	-0.022307	666200.000000
86.666667	-0.023068	666400.000000
86.770833	-0.024549	666600.000000
86.875000	-0.025582	666800.000000
86.979167	-0.025880	667000.000000
87.083333	-0.026145	667200.000000
87.187500	-0.026580	667400.000000
87.291667	-0.027213	667600.000000
87.395833	-0.027465	667800.000000
87.500000	-0.027072	668000.000000
87.604167	-0.025403	668200.000000
87.708333	-0.022799	668400.000000
87.812500	-0.020602	668600.000000
87.916667	-0.018897	668800.000000
88.020833	-0.018327	669000.000000
88.125000	-0.018251	669200.000000
88.229167	-0.019139	669400.000000
88.333333	-0.020521	669600.000000
88.437500	-0.022486	669800.000000
88.541667	-0.025016	670000.000000
88.645833	-0.027272	670200.000000
88.750000	-0.028851	670400.000000
88.854167	-0.029238	670600.000000
88.958333	-0.028920	670800.000000
89.062500	-0.028118	671000.000000
89.166667	-0.027073	671200.000000
89.270833	-0.025447	671400.000000
89.375000	-0.023020	671600.000000
89.479167	-0.020902	671800.000000
89.583333	-0.018968	672000.000000
89.687500	-0.018105	672200.000000
89.791667	-0.018374	672400.000000
89.895833	-0.019673	672600.000000
90.000000	-0.021959	672800.000000
90.104167	-0.024372	673000.000000
90.208333	-0.026990	673200.000000
90.312500	-0.029177	673400.000000
90.416667	-0.030343	673600.000000
90.520833	-0.030401	673800.000000
90.625000	-0.029062	674000.000000
90.729167	-0.026952	674200.000000
90.833333	-0.025136	674400.000000
90.937500	-0.023819	674600.000000
91.041667	-0.023445	674800.000000
91.145833	-0.023743	675000.000000
91.250000	-0.025046	675200.000000
91.354167	-0.026564	675400.000000
91.458333	-0.027578	675600.000000
91.562500	-0.027734	675800.000000
91.666667	-0.026362	676000.000000
91.770833	-0.024783	676200.000000
91.875000	-0.023208	676400.000000
91.979167	-0.022818	676600.000000
92.083333	-0.023861	676800.000000
92.187500	-0.025810	677000.000000
92.291667	-0.027826	677200.000000
92.395833	-0.029159	677400.000000
92.500000	-0.029091	677600.000000
92.604167	-0.027552	677800.000000
92.708333	-0.025663	678000.000000
92.812500	-0.023755	678200.000000
92.916667	-0.022394	678400.000000
93.020833	-0.021965	678600.000000
93.125000	-0.022279	678800.000000
93.229167	-0.022983	679000.000000
93.333333	-0.022813	679200.000000
93.437500	-0.022287	679400.000000
93.541667	-0.021299	679600.000000
93.645833	-0.020886	679800.000000
93.750000	-0.021229	680000.000000
93.854167	-0.022871	680200.000000
93.958333	-0.025679	680400.000000
94.062500	-0.029575	680600.000000
94.166667	-0.032359	680800.000000
94.270833	-0.033838	681000.000000
94.375000	-0.033342	681200.000000
94.479167	-0.030436	681400.000000
94.583333	-0.025750	681600.000000
94.687500	-0.021440	681800.000000
94.791667	-0.018687	682000.000000
94.895833	-0.018350	682200.000000
95.000000	-0.020399	682400.000000
95.104167	-0.022640	682600.000000
95.208333	-0.023936	682800.000000
95.312500	-0.024716	683000.000000
95.416667	-0.024677	683200.000000
95.520833	-0.024897	683400.000000
95.625000	-0.025859	683600.000000
95.729167	-0.026971	683800.000000
95.833333	-0.027827	684000.000000
95.937500	-0.028543	684200.000000
96.041667	-0.028326	684400.000000
96.145833	-0.026943	684600.000000
96.250000	-0.025641	684800.000000
96.354167	-0.024470	685000.000000
96.458333	-0.023268	685200.000000
96.562500	-0.022714	685400.000000
96.666667	-0.022987	685600.000000
96.770833	-0.023322	685800.000000
96.875000	-0.023121	686000.000000
96.979167	-0.022329	686200.000000
97.083333	-0.021277	686400.000000
97.187500	-0.019828	686600.000000
97.291667	-0.019390	686800.000000
97.395833	-0.019629	687000.000000
97.500000	-0.020632	687200.000000
97.604167	-0.022360	687400.000000
97.708333	-0.024067	687600.000000
97.812500	-0.025896	687800.000000
97.916667	-0.026933	688000.000000
98.020833	-0.027020	688200.000000
98.125000	-0.026340	688400.000000
98.229167	-0.025452	688600.000000
98.333333	-0.024891	688800.000000
98.437500	-0.025228	689000.000000
98.541667	-0.026338	689200.000000
98.645833	-0.026815	689400.000000
98.750000	-0.026160	689600.000000
98.854167	-0.024153	689800.000000
98.958333	-0.021685	690000.000000
99.062500	-0.020497	690200.000000
99.166667	-0.021690	690400.000000
99.270833	-0.024828	690600.000000
99.375000	-0.028840	690800.000000
99.479167	-0.031423	691000.000000
99.583333	-0.031863	691200.000000
99.687500	-0.030027	691400.000000
99.791667	-0.026721	691600.000000
99.895833	-0.023246	691800.000000
100.000000	-0.020425	692000.000000
100.104167	-0.019576	692200.000000
100.208333	-0.020677	692400.000000
100.312500	-0.022507	692600.000000
100.416667	-0.023925	692800.000000
100.520833	-0.024593	693000.000000
100.625000	-0.023774	693200.000000
100.729167	-0.022371	693400.000000
100.833333	-0.021509	693600.000000
100.937500	-0.021606	693800.000000
101.041667	-0.022643	694000.000000
101.145833	-0.024274	694200.000000
101.250000	-0.025929	694400.000000
101.354167	-0.026574	694600.000000
101.458333	-0.025853	694800.000000
101.562500	-0.024275	695000.000000
101.666667	-0.022571	695200.000000
101.770833	-0.022143	695400.000000
101.875000	-0.022684	695600.000000
101.979167	-0.023853	695800.000000
102.083333	-0.025958	696000.000000
102.187500	-0.027329	696200.000000
102.291667	-0.027593	696400.000000
102.395833	-0.026603	696600.000000
102.500000	-0.024979	696800.000000
102.604167	-0.023345	697000.000000
102.708333	-0.022542	697200.000000
102.812500	-0.023069	697400.000000
102.916667	-0.024431	697600.000000
103.020833	-0.026357	697800.000000
103.125000	-0.028046	698000.000000
103.229167	-0.029206	698200.000000
103.333333	-0.029901	698400.000000
103.437500	-0.030068	698600.000000
103.541667	-0.029482	698800.000000
103.645833	-0.028061	699000.000000
103.750000	-0.025981	699200.000000
103.854167	-0.023855	699400.000000
103.958333	-0.022448	699600.000000
104.062500	-0.022086	699800.000000
104.166667	-0.022833	700000.000000
104.270833	-0.023806	700200.000000
104.375000	-0.025108	700400.000000
104.479167	-0.025698	700600.000000
104.583333	-0.025766	700800.000000
104.687500	-0.025864	701000.000000
104.791667	-0.026428	701200.000000
104.895833	-0.027185	701400.000000
105.000000	-0.028065	701600.000000
105.104167	-0.027997	701800.000000
105.208333	-0.026372	702000.000000
105.312500	-0.023956	702200.000000
105.416667	-0.021540	702400.000000
105.520833	-0.019588	702600.000000
105.625000	-0.019197	702800.000000
105.729167	-0.019876	703000.000000
105.833333	-0.021004	703200.000000
105.937500	-0.022071	703400.000000
106.041667	-0.023277	703600.000000
106.145833	-0.024048	703800.000000
106.250000	-0.024234	704000.000000
106.354167	-0.024359	704200.000000
106.458333	-0.024026	704400.000000
106.562500	-0.024186	704600.000000
106.666667	-0.025119	704800.000000
106.770833	-0.025889	705000.000000
106.875000	-0.026527	705200.000000
106.979167	-0.025975	705400.000000
107.083333	-0.024258	705600.000000
107.187500	-0.022150	705800.000000
107.291667	-0.020829	706000.000000
107.395833	-0.020436	706200.000000
107.500000	-0.021115	706400.000000
107.604167	-0.022666	706600.000000
107.708333	-0.023644	706800.000000
107.812500	-0.023598	707000.000000
107.916667	-0.022110	707200.000000
108.020833	-0.019992	707400.000000
108.125000	-0.018270	707600.000000
108.229167	-0.018142	707800.000000
108.333333	-0.019964	708000.000000
108.437500	-0.023868	708200.000000
108.541667	-0.027995	708400.000000
108.645833	-0.030213	708600.000000
108.750000	-0.029687	708800.000000
108.854167	-0.026886	709000.000000
108.958333	-0.023509	709200.000000
109.062500	-0.021316	709400.000000
109.166667	-0.021613	709600.000000
109.270833	-0.023699	709800.000000
109.375000	-0.025910	710000.000000
109.479167	-0.027054	710200.000000
109.583333	-0.027077	710400.000000
109.687500	-0.025716	710600.000000
109.791667	-0.024285	710800.000000
109.895833	-0.023252	711000.000000
110.000000	-0.023544	711200.000000
110.104167	-0.025060	711400.000000
110.208333	-0.027220	711600.000000
110.312500	-0.028766	711800.000000
110.416667	-0.029028	712000.000000
110.520833	-0.027423	712200.000000
110.625000	-0.024612	712400.000000
110.729167	-0.021611	712600.000000
110.833333	-0.019574	712800.000000
110.937500	-0.018994	713000.000000
111.041667	-0.019490	713200.000000
111.145833	-0.021007	713400.000000
111.250000	-0.022508	713600.000000
111.354167	-0.023873	713800.000000
111.458333	-0.024561	714000.000000
111.562500	-0.023998	714200.000000
111.666667	-0.023103	714400.000000
111.770833	-0.022308	714600.000000
111.875000	-0.022514	714800.000000
111.979167	-0.023412	715000.000000
112.083333	-0.024301	715200.000000
112.187500	-0.025149	715400.000000
112.291667	-0.025154	715600.000000
112.395833	-0.024360	715800.000000
112.500000	-0.023761	716000.000000
112.604167	-0.023351	716200.000000
112.708333	-0.023566	716400.000000
112.812500	-0.023750	716600.000000
112.916667	-0.023476	716800.000000
113.020833	-0.022856	717000.000000
113.125000	-0.022426	717200.000000
113.229167	-0.021974	717400.000000
113.333333	-0.021478	717600.000000
113.437500	-0.020862	717800.000000
113.541667	-0.020877	718000.000000
113.645833	-0.021273	718200.000000
113.750000	-0.022107	718400.000000
113.854167	-0.023297	718600.000000
113.958333	-0.024471	718800.000000
114.062500	-0.025106	719000.000000
114.166667	-0.025265	719200.000000
114.270833	-0.024395	719400.000000
114.375000	-0.022866	719600.000000
114.479167	-0.020984	719800.000000
114.583333	-0.019651	720000.000000
114.687500	-0.019537	720200.000000
114.791667	-0.020632	720400.000000
114.895833	-0.022057	720600.000000
115.000000	-0.023535	720800.000000
115.104167	-0.023893	721000.000000
115.208333	-0.024301	721200.000000
115.312500	-0.024581	721400.000000
115.416667	-0.025522	721600.000000
115.520833	-0.026854	721800.000000
115.625000	-0.028131	722000.000000
115.729167	-0.028713	722200.000000
115.833333	-0.028489	722400.000000
115.937500	-0.027045	722600.000000
116.041667	-0.024987	722800.000000
116.145833	-0.023110	723000.000000
116.250000	-0.021976	723200.000000
116.354167	-0.021907	723400.000000
116.458333	-0.022572	723600.000000
116.562500	-0.023328	723800.000000
116.666667	-0.023998	724000.000000
116.770833	-0.024046	724200.000000
116.875000	-0.023321	724400.000000
116.979167	-0.022006	724600.000000
117.083333	-0.020704	724800.000000
117.187500	-0.019704	725000.000000
117.291667	-0.019496	725200.000000
117.395833	-0.020352	725400.000000
117.500000	-0.021727	725600.000000
117.604167	-0.022841	725800.000000
117.708333	-0.023345	726000.000000
117.812500	-0.023507	726200.000000
117.916667	-0.023234	726400.000000
118.020833	-0.023119	726600.000000
118.125000	-0.023786	726800.000000
118.229167	-0.025813	727000.000000
118.333333	-0.028610	727200.000000
118.437500	-0.030465	727400.000000
118.541667	-0.031521	727600.000000
118.645833	-0.030936	727800.000000
118.750000	-0.029452	728000.000000
118.854167	-0.027820	728200.000000
118.958333	-0.026804	728400.000000
119.062500	-0.027230	728600.000000
119.166667	-0.028483	728800.000000
119.270833	-0.029954	729000.000000
119.375000	-0.030321	729200.000000
119.479167	-0.030366	729400.000000
119.583333	-0.029589	729600.000000
119.687500	-0.028309	729800.000000
119.791667	-0.026660	730000.000000
119.895833	-0.025068	730200.000000
120.000000	-0.023349	730400.000000
120.104167	-0.022035	730600.000000
120.208333	-0.021038	730800.000000
120.312500	-0.020744	731000.000000
120.416667	-0.021358	731200.000000
120.520833	-0.023036	731400.000000
120.625000	-0.024707	731600.000000
120.729167	-0.025970	731800.000000
120.833333	-0.025953	732000.000000
120.937500	-0.025380	732200.000000
121.041667	-0.024505	732400.000000
121.145833	-0.024179	732600.000000
121.250000	-0.024084	732800.000000
121.354167	-0.024776	733000.000000
121.458333	-0.025458	733200.000000
121.562500	-0.026235	733400.000000
121.666667	-0.026766	733600.000000
121.770833	-0.026346	733800.000000
121.875000	-0.025629	734000.000000
121.979167	-0.024647	734200.000000
122.083333	-0.023960	734400.000000
122.187500	-0.023876	734600.000000
122.291667	-0.023816	734800.000000
122.395833	-0.023877	735000.000000
122.500000	-0.023692	735200.000000
122.604167	-0.023132	735400.000000
122.708333	-0.022552	735600.000000
122.812500	-0.022182	735800.000000
122.916667	-0.022776	736000.000000
123.020833	-0.023535	736200.000000
123.125000	-0.024235	736400.000000
123.229167	-0.024934	736600.000000
123.333333	-0.024654	736800.000000
123.437500	-0.023702	737000.000000
123.541667	-0.022768	737200.000000
123.645833	-0.021302	737400.000000
123.750000	-0.020515	737600.000000
123.854167	-0.020714	737800.000000
123.958333	-0.021130	738000.000000
124.062500	-0.022135	738200.000000
124.166667	-0.022928	738400.000000
124.270833	-0.023468	738600.000000
124.375000	-0.023107	738800.000000
124.479167	-0.022943	739000.000000
124.583333	-0.023247	739200.000000
124.687500	-0.024593	739400.000000
124.791667	-0.026484	739600.000000
124.895833	-0.028067	739800.000000
125.000000	-0.028032	740000.000000
125.104167	-0.026975	740200.000000
125.208333	-0.025211	740400.000000
125.312500	-0.023693	740600.000000
125.416667	-0.023069	740800.000000
125.520833	-0.023987	741000.000000
125.625000	-0.025959	741200.000000
125.729167	-0.028065	741400.000000
125.833333	-0.029383	741600.000000
125.937500	-0.029906	741800.000000
126.041667	-0.029241	742000.000000
126.145833	-0.028080	742200.000000
126.250000	-0.027068	742400.000000
126.354167	-0.026429	742600.000000
126.458333	-0.026744	742800.000000
126.562500	-0.027383	743000.000000
126.666667	-0.028088	743200.000000
126.770833	-0.027998	743400.000000
126.875000	-0.026741	743600.000000
126.979167	-0.025047	743800.000000
127.083333	-0.023413	744000.000000
127.187500	-0.021931	744200.000000
127.291667	-0.021909	744400.000000
127.395833	-0.022918	744600.000000
127.500000	-0.024092	744800.000000
127.604167	-0.025154	745000.000000
127.708333	-0.025357	745200.000000
127.812500	-0.024518	745400.000000
127.916667	-0.022906	745600.000000
128.020833	-0.021737	745800.000000
128.125000	-0.021517	746000.000000
128.229167	-0.022635	746200.000000
128.333333	-0.024478	746400.000000
128.437500	-0.025660	746600.000000
128.541667	-0.026102	746800.000000
128.645833	-0.025040	747000.000000
128.750000	-0.023694	747200.000000
128.854167	-0.022223	747400.000000
128.958333	-0.021641	747600.000000
129.062500	-0.021647	747800.000000
129.166667	-0.021745	748000.000000
129.270833	-0.022260	748200.000000
129.375000	-0.023457	748400.000000
129.479167	-0.024401	748600.000000
129.583333	-0.025964	748800.000000
129.687500	-0.027287	749000.000000
129.791667	-0.028263	749200.000000
129.895833	-0.028700	749400.000000
130.000000	-0.029572	749600.000000
130.104167	-0.029927	749800.000000
130.208333	-0.029960	750000.000000
