0.000000	-0.022604	500000.000000
0.104167	-0.022520	500200.000000
0.208333	-0.022231	500400.000000
0.312500	-0.022096	500600.000000
0.416667	-0.022288	500800.000000
0.520833	-0.022403	501000.000000
0.625000	-0.022375	501200.000000
0.729167	-0.022294	501400.000000
0.833333	-0.022225	501600.000000
0.937500	-0.022384	501800.000000
1.041667	-0.022153	502000.000000
1.145833	-0.022132	502200.000000
1.250000	-0.022170	502400.000000
1.354167	-0.021972	502600.000000
1.458333	-0.021918	502800.000000
1.562500	-0.021950	503000.000000
1.666667	-0.022143	503200.000000
1.770833	-0.022231	503400.000000
1.875000	-0.022263	503600.000000
1.979167	-0.022133	503800.000000
2.083333	-0.022264	504000.000000
2.187500	-0.022339	504200.000000
2.291667	-0.022127	504400.000000
2.395833	-0.022245	504600.000000
2.500000	-0.022374	504800.000000
2.604167	-0.022339	505000.000000
2.708333	-0.022378	505200.000000
2.812500	-0.022356	505400.000000
2.916667	-0.022504	505600.000000
3.020833	-0.022338	505800.000000
3.125000	-0.022191	506000.000000
3.229167	-0.022127	506200.000000
3.333333	-0.022230	506400.000000
3.437500	-0.022360	506600.000000
3.541667	-0.021971	506800.000000
3.645833	-0.022209	507000.000000
3.750000	-0.022183	507200.000000
3.854167	-0.022228	507400.000000
3.958333	-0.022195	507600.000000
4.062500	-0.022278	507800.000000
4.166667	-0.022404	508000.000000
4.270833	-0.022423	508200.000000
4.375000	-0.022340	508400.000000
4.479167	-0.022345	508600.000000
4.583333	-0.022276	508800.000000
4.687500	-0.022100	509000.000000
4.791667	-0.022144	509200.000000
4.895833	-0.022324	509400.000000
5.000000	-0.022299	509600.000000
5.104167	-0.022329	509800.000000
5.208333	-0.022115	510000.000000
5.312500	-0.022161	510200.000000
5.416667	-0.022296	510400.000000
5.520833	-0.022257	510600.000000
5.625000	-0.022286	510800.000000
5.729167	-0.022424	511000.000000
5.833333	-0.022212	511200.000000
5.937500	-0.022210	511400.000000
6.041667	-0.022167	511600.000000
6.145833	-0.022414	511800.000000
6.250000	-0.022314	512000.000000
6.354167	-0.022319	512200.000000
6.458333	-0.022369	512400.000000
6.562500	-0.022381	512600.000000
6.666667	-0.022425	512800.000000
6.770833	-0.022361	513000.000000
6.875000	-0.022279	513200.000000
6.979167	-0.022487	513400.000000
7.083333	-0.022406	513600.000000
7.187500	-0.022223	513800.000000
7.291667	-0.022521	514000.000000
7.395833	-0.022333	514200.000000
7.500000	-0.022420	514400.000000
7.604167	-0.022476	514600.000000
7.708333	-0.022394	514800.000000
7.812500	-0.022330	515000.000000
7.916667	-0.022196	515200.000000
8.020833	-0.022340	515400.000000
8.125000	-0.022133	515600.000000
8.229167	-0.022241	515800.000000
8.333333	-0.022378	516000.000000
8.437500	-0.022230	516200.000000
8.541667	-0.022337	516400.000000
8.645833	-0.022308	516600.000000
8.750000	-0.022331	516800.000000
8.854167	-0.022319	517000.000000
8.958333	-0.022208	517200.000000
9.062500	-0.022330	517400.000000
9.166667	-0.022385	517600.000000
9.270833	-0.022437	517800.000000
9.375000	-0.022413	518000.000000
9.479167	-0.022501	518200.000000
9.583333	-0.022204	518400.000000
9.687500	-0.022197	518600.000000
9.791667	-0.022200	518800.000000
9.895833	-0.022215	519000.000000
10.000000	-0.022435	519200.000000
10.104167	-0.022518	519400.000000
10.208333	-0.022459	519600.000000
10.312500	-0.022330	519800.000000
10.416667	-0.022455	520000.000000
10.520833	-0.022254	520200.000000
10.625000	-0.022317	520400.000000
10.729167	-0.022218	520600.000000
10.833333	-0.022444	520800.000000
10.937500	-0.022438	521000.000000
11.041667	-0.022443	521200.000000
11.145833	-0.022415	521400.000000
11.250000	-0.022471	521600.000000
11.354167	-0.022422	521800.000000
11.458333	-0.022413	522000.000000
11.562500	-0.022476	522200.000000
11.666667	-0.022312	522400.000000
11.770833	-0.022307	522600.000000
11.875000	-0.022495	522800.000000
11.979167	-0.022485	523000.000000
12.083333	-0.022347	523200.000000
12.187500	-0.022560	523400.000000
12.291667	-0.022401	523600.000000
12.395833	-0.022429	523800.000000
12.500000	-0.022208	524000.000000
12.604167	-0.022315	524200.000000
12.708333	-0.022560	524400.000000
12.812500	-0.022456	524600.000000
12.916667	-0.022486	524800.000000
13.020833	-0.022376	525000.000000
13.125000	-0.022138	525200.000000
13.229167	-0.022286	525400.000000
13.333333	-0.022406	525600.000000
13.437500	-0.022469	525800.000000
13.541667	-0.022471	526000.000000
13.645833	-0.022439	526200.000000
13.750000	-0.022520	526400.000000
13.854167	-0.022401	526600.000000
13.958333	-0.022386	526800.000000
14.062500	-0.022538	527000.000000
14.166667	-0.022496	527200.000000
14.270833	-0.022576	527400.000000
14.375000	-0.022565	527600.000000
14.479167	-0.022425	527800.000000
14.583333	-0.022432	528000.000000
14.687500	-0.022512	528200.000000
14.791667	-0.022479	528400.000000
14.895833	-0.022522	528600.000000
15.000000	-0.022536	528800.000000
15.104167	-0.022564	529000.000000
15.208333	-0.022616	529200.000000
15.312500	-0.022598	529400.000000
15.416667	-0.022348	529600.000000
15.520833	-0.022655	529800.000000
15.625000	-0.022687	530000.000000
15.729167	-0.022351	530200.000000
15.833333	-0.022667	530400.000000
15.937500	-0.022491	530600.000000
16.041667	-0.022627	530800.000000
16.145833	-0.022666	531000.000000
16.250000	-0.022593	531200.000000
16.354167	-0.022654	531400.000000
16.458333	-0.022615	531600.000000
16.562500	-0.022547	531800.000000
16.666667	-0.022591	532000.000000
16.770833	-0.022560	532200.000000
16.875000	-0.022540	532400.000000
16.979167	-0.022693	532600.000000
17.083333	-0.022633	532800.000000
17.187500	-0.022545	533000.000000
17.291667	-0.022757	533200.000000
17.395833	-0.022917	533400.000000
17.500000	-0.022846	533600.000000
17.604167	-0.022755	533800.000000
17.708333	-0.022820	534000.000000
17.812500	-0.023039	534200.000000
17.916667	-0.023055	534400.000000
18.020833	-0.023053	534600.000000
18.125000	-0.023235	534800.000000
18.229167	-0.023022	535000.000000
18.333333	-0.023248	535200.000000
18.437500	-0.023207	535400.000000
18.541667	-0.023410	535600.000000
18.645833	-0.023535	535800.000000
18.750000	-0.023717	536000.000000
18.854167	-0.023773	536200.000000
18.958333	-0.023891	536400.000000
19.062500	-0.023950	536600.000000
19.166667	-0.024175	536800.000000
19.270833	-0.024194	537000.000000
19.375000	-0.024382	537200.000000
19.479167	-0.024797	537400.000000
19.583333	-0.025073	537600.000000
19.687500	-0.025401	537800.000000
19.791667	-0.025619	538000.000000
19.895833	-0.026005	538200.000000
20.000000	-0.026491	538400.000000
20.104167	-0.026822	538600.000000
20.208333	-0.027109	538800.000000
20.312500	-0.027765	539000.000000
20.416667	-0.028234	539200.000000
20.520833	-0.028734	539400.000000
20.625000	-0.029301	539600.000000
20.729167	-0.030033	539800.000000
20.833333	-0.030540	540000.000000
20.937500	-0.031430	540200.000000
21.041667	-0.032017	540400.000000
21.145833	-0.032333	540600.000000
21.250000	-0.033139	540800.000000
21.354167	-0.033687	541000.000000
21.458333	-0.033894	541200.000000
21.562500	-0.033925	541400.000000
21.666667	-0.033296	541600.000000
21.770833	-0.031229	541800.000000
21.875000	-0.026179	542000.000000
21.979167	-0.014731	542200.000000
22.083333	0.008168	542400.000000
22.187500	0.043427	542600.000000
22.291667	0.088801	542800.000000
22.395833	0.130577	543000.000000
22.500000	0.150433	543200.000000
22.604167	0.137785	543400.000000
22.708333	0.094681	543600.000000
22.812500	0.035246	543800.000000
22.916667	-0.023944	544000.000000
23.020833	-0.068417	544200.000000
23.125000	-0.095111	544400.000000
23.229167	-0.104556	544600.000000
23.333333	-0.102543	544800.000000
23.437500	-0.095402	545000.000000
23.541667	-0.087673	545200.000000
23.645833	-0.080539	545400.000000
23.750000	-0.073639	545600.000000
23.854167	-0.068299	545800.000000
23.958333	-0.066531	546000.000000
24.062500	-0.069459	546200.000000
24.166667	-0.073231	546400.000000
24.270833	-0.073353	546600.000000
24.375000	-0.065944	546800.000000
24.479167	-0.051860	547000.000000
24.583333	-0.037210	547200.000000
24.687500	-0.026565	547400.000000
24.791667	-0.021502	547600.000000
24.895833	-0.021398	547800.000000
25.000000	-0.023381	548000.000000
25.104167	-0.025304	548200.000000
25.208333	-0.026049	548400.000000
25.312500	-0.023974	548600.000000
25.416667	-0.019305	548800.000000
25.520833	-0.014128	549000.000000
25.625000	-0.010037	549200.000000
25.729167	-0.009299	549400.000000
25.833333	-0.012360	549600.000000
25.937500	-0.018085	549800.000000
26.041667	-0.022511	550000.000000
26.145833	-0.022893	550200.000000
26.250000	-0.019023	550400.000000
26.354167	-0.014045	550600.000000
26.458333	-0.010982	550800.000000
26.562500	-0.012025	551000.000000
26.666667	-0.015131	551200.000000
26.770833	-0.017273	551400.000000
26.875000	-0.016655	551600.000000
26.979167	-0.014452	551800.000000
27.083333	-0.012433	552000.000000
27.187500	-0.012292	552200.000000
27.291667	-0.013995	552400.000000
27.395833	-0.018076	552600.000000
27.500000	-0.021953	552800.000000
27.604167	-0.025625	553000.000000
27.708333	-0.027611	553200.000000
27.812500	-0.028647	553400.000000
27.916667	-0.028300	553600.000000
28.020833	-0.027116	553800.000000
28.125000	-0.024929	554000.000000
28.229167	-0.022182	554200.000000
28.333333	-0.018655	554400.000000
28.437500	-0.015623	554600.000000
28.541667	-0.014481	554800.000000
28.645833	-0.015204	555000.000000
28.750000	-0.017940	555200.000000
28.854167	-0.020656	555400.000000
28.958333	-0.021804	555600.000000
29.062500	-0.021667	555800.000000
29.166667	-0.020819	556000.000000
29.270833	-0.020447	556200.000000
29.375000	-0.020773	556400.000000
29.479167	-0.021857	556600.000000
29.583333	-0.023539	556800.000000
29.687500	-0.024776	557000.000000
29.791667	-0.025072	557200.000000
29.895833	-0.024086	557400.000000
30.000000	-0.022004	557600.000000
30.104167	-0.019985	557800.000000
30.208333	-0.018860	558000.000000
30.312500	-0.018749	558200.000000
30.416667	-0.018964	558400.000000
30.520833	-0.019116	558600.000000
30.625000	-0.019545	558800.000000
30.729167	-0.020181	559000.000000
30.833333	-0.020849	559200.000000
30.937500	-0.021389	559400.000000
31.041667	-0.021035	559600.000000
31.145833	-0.020973	559800.000000
31.250000	-0.021579	560000.000000
31.354167	-0.023778	560200.000000
31.458333	-0.027555	560400.000000
31.562500	-0.031704	560600.000000
31.666667	-0.034375	560800.000000
31.770833	-0.034230	561000.000000
31.875000	-0.030827	561200.000000
31.979167	-0.025472	561400.000000
32.083333	-0.021411	561600.000000
32.187500	-0.018983	561800.000000
32.291667	-0.019085	562000.000000
32.395833	-0.020687	562200.000000
32.500000	-0.022902	562400.000000
32.604167	-0.024620	562600.000000
32.708333	-0.025627	562800.000000
32.812500	-0.025906	563000.000000
32.916667	-0.025500	563200.000000
33.020833	-0.024900	563400.000000
33.125000	-0.024421	563600.000000
33.229167	-0.024092	563800.000000
33.333333	-0.023701	564000.000000
33.437500	-0.023441	564200.000000
33.541667	-0.022991	564400.000000
33.645833	-0.022030	564600.000000
33.750000	-0.020769	564800.000000
33.854167	-0.018917	565000.000000
33.958333	-0.017113	565200.000000
34.062500	-0.015489	565400.000000
34.166667	-0.015678	565600.000000
34.270833	-0.018045	565800.000000
34.375000	-0.022142	566000.000000
34.479167	-0.025953	566200.000000
34.583333	-0.027378	566400.000000
34.687500	-0.025910	566600.000000
34.791667	-0.022334	566800.000000
34.895833	-0.018737	567000.000000
35.000000	-0.017799	567200.000000
35.104167	-0.019900	567400.000000
35.208333	-0.023240	567600.000000
35.312500	-0.025482	567800.000000
35.416667	-0.025279	568000.000000
35.520833	-0.023080	568200.000000
35.625000	-0.020260	568400.000000
35.729167	-0.018059	568600.000000
35.833333	-0.017154	568800.000000
35.937500	-0.017445	569000.000000
36.041667	-0.018461	569200.000000
36.145833	-0.019949	569400.000000
36.250000	-0.021612	569600.000000
36.354167	-0.022145	569800.000000
36.458333	-0.020875	570000.000000
36.562500	-0.019557	570200.000000
36.666667	-0.019114	570400.000000
36.770833	-0.020607	570600.000000
36.875000	-0.023791	570800.000000
36.979167	-0.026768	571000.000000
37.083333	-0.027836	571200.000000
37.187500	-0.026490	571400.000000
37.291667	-0.023927	571600.000000
37.395833	-0.020487	571800.000000
37.500000	-0.016981	572000.000000
37.604167	-0.014863	572200.000000
37.708333	-0.014602	572400.000000
37.812500	-0.017470	572600.000000
37.916667	-0.021526	572800.000000
38.020833	-0.025455	573000.000000
38.125000	-0.027177	573200.000000
38.229167	-0.026283	573400.000000
38.333333	-0.024587	573600.000000
38.437500	-0.023955	573800.000000
38.541667	-0.025127	574000.000000
38.645833	-0.027723	574200.000000
38.750000	-0.029941	574400.000000
38.854167	-0.029954	574600.000000
38.958333	-0.027040	574800.000000
39.062500	-0.022151	575000.000000
39.166667	-0.017213	575200.000000
39.270833	-0.014357	575400.000000
39.375000	-0.014766	575600.000000
39.479167	-0.018032	575800.000000
39.583333	-0.022401	576000.000000
39.687500	-0.025651	576200.000000
39.791667	-0.026523	576400.000000
39.895833	-0.025419	576600.000000
40.000000	-0.023615	576800.000000
40.104167	-0.022424	577000.000000
40.208333	-0.021767	577200.000000
40.312500	-0.022042	577400.000000
40.416667	-0.023550	577600.000000
40.520833	-0.025783	577800.000000
40.625000	-0.027391	578000.000000
40.729167	-0.027658	578200.000000
40.833333	-0.026212	578400.000000
40.937500	-0.023683	578600.000000
41.041667	-0.021524	578800.000000
41.145833	-0.020603	579000.000000
41.250000	-0.020437	579200.000000
41.354167	-0.021452	579400.000000
41.458333	-0.022505	579600.000000
41.562500	-0.023235	579800.000000
41.666667	-0.023353	580000.000000
41.770833	-0.022791	580200.000000
41.875000	-0.022337	580400.000000
41.979167	-0.022519	580600.000000
42.083333	-0.024076	580800.000000
42.187500	-0.026003	581000.000000
42.291667	-0.027807	581200.000000
42.395833	-0.028272	581400.000000
42.500000	-0.027122	581600.000000
42.604167	-0.024939	581800.000000
42.708333	-0.023033	582000.000000
42.812500	-0.021301	582200.000000
42.916667	-0.020273	582400.000000
43.020833	-0.020086	582600.000000
43.125000	-0.020334	582800.000000
43.229167	-0.020829	583000.000000
43.333333	-0.020835	583200.000000
43.437500	-0.021261	583400.000000
43.541667	-0.022409	583600.000000
43.645833	-0.024340	583800.000000
43.750000	-0.026207	584000.000000
43.854167	-0.027349	584200.000000
43.958333	-0.026856	584400.000000
44.062500	-0.025140	584600.000000
44.166667	-0.023510	584800.000000
44.270833	-0.022452	585000.000000
44.375000	-0.022249	585200.000000
44.479167	-0.022175	585400.000000
44.583333	-0.021965	585600.000000
44.687500	-0.021567	585800.000000
44.791667	-0.021357	586000.000000
44.895833	-0.021582	586200.000000
45.000000	-0.022059	586400.000000
45.104167	-0.021983	586600.000000
45.208333	-0.022129	586800.000000
45.312500	-0.021907	587000.000000
45.416667	-0.022085	587200.000000
45.520833	-0.023093	587400.000000
45.625000	-0.024455	587600.000000
45.729167	-0.025085	587800.000000
45.833333	-0.025007	588000.000000
45.937500	-0.024375	588200.000000
46.041667	-0.023656	588400.000000
46.145833	-0.023167	588600.000000
46.250000	-0.023202	588800.000000
46.354167	-0.023117	589000.000000
46.458333	-0.023523	589200.000000
46.562500	-0.023195	589400.000000
46.666667	-0.022310	589600.000000
46.770833	-0.021474	589800.000000
46.875000	-0.020370	590000.000000
46.979167	-0.019890	590200.000000
47.083333	-0.020500	590400.000000
47.187500	-0.021702	590600.000000
47.291667	-0.023835	590800.000000
47.395833	-0.025889	591000.000000
47.500000	-0.026868	591200.000000
47.604167	-0.026158	591400.000000
47.708333	-0.025156	591600.000000
47.812500	-0.024460	591800.000000
47.916667	-0.024640	592000.000000
48.020833	-0.024665	592200.000000
48.125000	-0.023926	592400.000000
48.229167	-0.022276	592600.000000
48.333333	-0.020668	592800.000000
48.437500	-0.019563	593000.000000
48.541667	-0.019393	593200.000000
48.645833	-0.020335	593400.000000
48.750000	-0.022086	593600.000000
48.854167	-0.023682	593800.000000
48.958333	-0.025385	594000.000000
49.062500	-0.026389	594200.000000
49.166667	-0.026467	594400.000000
49.270833	-0.026035	594600.000000
49.375000	-0.024694	594800.000000
49.479167	-0.023508	595000.000000
49.583333	-0.022308	595200.000000
49.687500	-0.022114	595400.000000
49.791667	-0.022480	595600.000000
49.895833	-0.023048	595800.000000
50.000000	-0.023220	596000.000000
50.104167	-0.022500	596200.000000
50.208333	-0.021404	596400.000000
50.312500	-0.020176	596600.000000
50.416667	-0.019679	596800.000000
50.520833	-0.020324	597000.000000
50.625000	-0.021896	597200.000000
50.729167	-0.023556	597400.000000
50.833333	-0.024313	597600.000000
50.937500	-0.024548	597800.000000
51.041667	-0.023543	598000.000000
51.145833	-0.022519	598200.000000
51.250000	-0.022073	598400.000000
51.354167	-0.022282	598600.000000
51.458333	-0.022977	598800.000000
51.562500	-0.023897	599000.000000
51.666667	-0.024335	599200.000000
51.770833	-0.024011	599400.000000
51.875000	-0.022885	599600.000000
51.979167	-0.021217	599800.000000
52.083333	-0.019831	600000.000000
52.187500	-0.019351	600200.000000
52.291667	-0.019477	600400.000000
52.395833	-0.020403	600600.000000
52.500000	-0.021770	600800.000000
52.604167	-0.022845	601000.000000
52.708333	-0.023784	601200.000000
52.812500	-0.025075	601400.000000
52.916667	-0.025592	601600.000000
53.020833	-0.025904	601800.000000
53.125000	-0.025219	602000.000000
53.229167	-0.024175	602200.000000
53.333333	-0.022842	602400.000000
53.437500	-0.022194	602600.000000
53.541667	-0.021688	602800.000000
53.645833	-0.021073	603000.000000
53.750000	-0.020900	603200.000000
53.854167	-0.020650	603400.000000
53.958333	-0.021093	603600.000000
54.062500	-0.021397	603800.000000
54.166667	-0.022019	604000.000000
54.270833	-0.022751	604200.000000
54.375000	-0.023384	604400.000000
54.479167	-0.023902	604600.000000
54.583333	-0.024385	604800.000000
54.687500	-0.024965	605000.000000
54.791667	-0.024820	605200.000000
54.895833	-0.024208	605400.000000
55.000000	-0.023548	605600.000000
55.104167	-0.022951	605800.000000
55.208333	-0.022260	606000.000000
55.312500	-0.021757	606200.000000
55.416667	-0.021836	606400.000000
55.520833	-0.022083	606600.000000
55.625000	-0.022868	606800.000000
55.729167	-0.023726	607000.000000
55.833333	-0.023783	607200.000000
55.937500	-0.022779	607400.000000
56.041667	-0.021865	607600.000000
56.145833	-0.021971	607800.000000
56.250000	-0.023101	608000.000000
56.354167	-0.024051	608200.000000
56.458333	-0.025034	608400.000000
56.562500	-0.025083	608600.000000
56.666667	-0.024746	608800.000000
56.770833	-0.024215	609000.000000
56.875000	-0.024137	609200.000000
56.979167	-0.023823	609400.000000
57.083333	-0.024145	609600.000000
57.187500	-0.024176	609800.000000
57.291667	-0.023709	610000.000000
57.395833	-0.022940	610200.000000
57.500000	-0.022049	610400.000000
57.604167	-0.021373	610600.000000
57.708333	-0.021037	610800.000000
57.812500	-0.021670	611000.000000
57.916667	-0.022839	611200.000000
58.020833	-0.024686	611400.000000
58.125000	-0.026467	611600.000000
58.229167	-0.026914	611800.000000
58.333333	-0.026281	612000.000000
58.437500	-0.025044	612200.000000
58.541667	-0.024139	612400.000000
58.645833	-0.023624	612600.000000
58.750000	-0.023590	612800.000000
58.854167	-0.023553	613000.000000
58.958333	-0.022791	613200.000000
59.062500	-0.022555	613400.000000
59.166667	-0.022169	613600.000000
59.270833	-0.022026	613800.000000
59.375000	-0.021964	614000.000000
59.479167	-0.021921	614200.000000
59.583333	-0.022219	614400.000000
59.687500	-0.023263	614600.000000
59.791667	-0.024772	614800.000000
59.895833	-0.025790	615000.000000
60.000000	-0.025901	615200.000000
60.104167	-0.024879	615400.000000
60.208333	-0.023618	615600.000000
60.312500	-0.022400	615800.000000
60.416667	-0.022138	616000.000000
60.520833	-0.022460	616200.000000
60.625000	-0.022757	616400.000000
60.729167	-0.023318	616600.000000
60.833333	-0.023443	616800.000000
60.937500	-0.023151	617000.000000
61.041667	-0.022869	617200.000000
61.145833	-0.022341	617400.000000
61.250000	-0.021771	617600.000000
61.354167	-0.021698	617800.000000
61.458333	-0.021656	618000.000000
61.562500	-0.021779	618200.000000
61.666667	-0.022241	618400.000000
61.770833	-0.022953	618600.000000
61.875000	-0.023463	618800.000000
61.979167	-0.024009	619000.000000
62.083333	-0.024246	619200.000000
62.187500	-0.024122	619400.000000
62.291667	-0.023688	619600.000000
62.395833	-0.022873	619800.000000
62.500000	-0.022033	620000.000000
62.604167	-0.021820	620200.000000
62.708333	-0.021523	620400.000000
62.812500	-0.021503	620600.000000
62.916667	-0.021777	620800.000000
63.020833	-0.022017	621000.000000
63.125000	-0.021721	621200.000000
63.229167	-0.021660	621400.000000
63.333333	-0.021687	621600.000000
63.437500	-0.022381	621800.000000
63.541667	-0.023334	622000.000000
63.645833	-0.024091	622200.000000
63.750000	-0.024436	622400.000000
63.854167	-0.024260	622600.000000
63.958333	-0.023362	622800.000000
64.062500	-0.022245	623000.000000
64.166667	-0.021211	623200.000000
64.270833	-0.020447	623400.000000
64.375000	-0.020172	623600.000000
64.479167	-0.020698	623800.000000
64.583333	-0.021290	624000.000000
64.687500	-0.022212	624200.000000
64.791667	-0.022721	624400.000000
64.895833	-0.022713	624600.000000
65.000000	-0.022935	624800.000000
65.104167	-0.023189	625000.000000
65.208333	-0.023546	625200.000000
65.312500	-0.024116	625400.000000
65.416667	-0.024863	625600.000000
65.520833	-0.024805	625800.000000
65.625000	-0.024690	626000.000000
65.729167	-0.023984	626200.000000
65.833333	-0.023525	626400.000000
65.937500	-0.023086	626600.000000
66.041667	-0.023221	626800.000000
66.145833	-0.023866	627000.000000
66.250000	-0.024416	627200.000000
66.354167	-0.024484	627400.000000
66.458333	-0.023566	627600.000000
66.562500	-0.022383	627800.000000
66.666667	-0.021592	628000.000000
66.770833	-0.021478	628200.000000
66.875000	-0.022249	628400.000000
66.979167	-0.023428	628600.000000
67.083333	-0.024379	628800.000000
67.187500	-0.024994	629000.000000
67.291667	-0.024950	629200.000000
67.395833	-0.024489	629400.000000
67.500000	-0.023990	629600.000000
67.604167	-0.023436	629800.000000
67.708333	-0.023192	630000.000000
67.812500	-0.023271	630200.000000
67.916667	-0.023320	630400.000000
68.020833	-0.023247	630600.000000
68.125000	-0.022702	630800.000000
68.229167	-0.021726	631000.000000
68.333333	-0.020850	631200.000000
68.437500	-0.020791	631400.000000
68.541667	-0.021229	631600.000000
68.645833	-0.022319	631800.000000
68.750000	-0.023412	632000.000000
68.854167	-0.024127	632200.000000
68.958333	-0.024560	632400.000000
69.062500	-0.024383	632600.000000
69.166667	-0.023970	632800.000000
69.270833	-0.023405	633000.000000
69.375000	-0.022660	633200.000000
69.479167	-0.021754	633400.000000
69.583333	-0.021116	633600.000000
69.687500	-0.020671	633800.000000
69.791667	-0.020462	634000.000000
69.895833	-0.020891	634200.000000
70.000000	-0.020913	634400.000000
70.104167	-0.021432	634600.000000
70.208333	-0.021894	634800.000000
70.312500	-0.022365	635000.000000
70.416667	-0.022478	635200.000000
70.520833	-0.022673	635400.000000
70.625000	-0.022656	635600.000000
70.729167	-0.022694	635800.000000
70.833333	-0.023085	636000.000000
70.937500	-0.023927	636200.000000
71.041667	-0.024794	636400.000000
71.145833	-0.025559	636600.000000
71.250000	-0.025335	636800.000000
71.354167	-0.024963	637000.000000
71.458333	-0.024606	637200.000000
71.562500	-0.024548	637400.000000
71.666667	-0.024662	637600.000000
71.770833	-0.025032	637800.000000
71.875000	-0.025627	638000.000000
71.979167	-0.026118	638200.000000
72.083333	-0.025927	638400.000000
72.187500	-0.025551	638600.000000
72.291667	-0.024944	638800.000000
72.395833	-0.024537	639000.000000
72.500000	-0.024285	639200.000000
72.604167	-0.024775	639400.000000
72.708333	-0.025525	639600.000000
72.812500	-0.025906	639800.000000
72.916667	-0.025934	640000.000000
73.020833	-0.025472	640200.000000
73.125000	-0.024199	640400.000000
73.229167	-0.022727	640600.000000
73.333333	-0.021905	640800.000000
73.437500	-0.021536	641000.000000
73.541667	-0.021523	641200.000000
73.645833	-0.021883	641400.000000
73.750000	-0.022102	641600.000000
73.854167	-0.022138	641800.000000
73.958333	-0.022299	642000.000000
74.062500	-0.022260	642200.000000
74.166667	-0.022561	642400.000000
74.270833	-0.023361	642600.000000
74.375000	-0.024085	642800.000000
74.479167	-0.024420	643000.000000
74.583333	-0.024156	643200.000000
74.687500	-0.023420	643400.000000
74.791667	-0.022720	643600.000000
74.895833	-0.022016	643800.000000
75.000000	-0.021882	644000.000000
75.104167	-0.022072	644200.000000
75.208333	-0.022684	644400.000000
75.312500	-0.023364	644600.000000
75.416667	-0.023648	644800.000000
75.520833	-0.023571	645000.000000
75.625000	-0.023228	645200.000000
75.729167	-0.022810	645400.000000
75.833333	-0.022325	645600.000000
75.937500	-0.022730	645800.000000
76.041667	-0.022964	646000.000000
76.145833	-0.023485	646200.000000
76.250000	-0.023581	646400.000000
76.354167	-0.023762	646600.000000
76.458333	-0.022743	646800.000000
76.562500	-0.021653	647000.000000
76.666667	-0.021567	647200.000000
76.770833	-0.021813	647400.000000
76.875000	-0.022628	647600.000000
76.979167	-0.023473	647800.000000
77.083333	-0.023900	648000.000000
77.187500	-0.023747	648200.000000
77.291667	-0.023622	648400.000000
77.395833	-0.022977	648600.000000
77.500000	-0.022763	648800.000000
77.604167	-0.022699	649000.000000
77.708333	-0.023095	649200.000000
77.812500	-0.024470	649400.000000
77.916667	-0.025391	649600.000000
78.020833	-0.026072	649800.000000
78.125000	-0.026332	650000.000000
78.229167	-0.026054	650200.000000
78.333333	-0.025515	650400.000000
78.437500	-0.025062	650600.000000
78.541667	-0.024527	650800.000000
78.645833	-0.024041	651000.000000
78.750000	-0.023817	651200.000000
78.854167	-0.023583	651400.000000
78.958333	-0.023671	651600.000000
79.062500	-0.023775	651800.000000
79.166667	-0.023941	652000.000000
79.270833	-0.024178	652200.000000
79.375000	-0.024545	652400.000000
79.479167	-0.024890	652600.000000
79.583333	-0.025088	652800.000000
79.687500	-0.025255	653000.000000
79.791667	-0.025134	653200.000000
79.895833	-0.025068	653400.000000
80.000000	-0.024929	653600.000000
80.104167	-0.024608	653800.000000
80.208333	-0.024636	654000.000000
80.312500	-0.024058	654200.000000
80.416667	-0.023734	654400.000000
80.520833	-0.023497	654600.000000
80.625000	-0.023445	654800.000000
80.729167	-0.023301	655000.000000
80.833333	-0.023388	655200.000000
80.937500	-0.023279	655400.000000
81.041667	-0.023396	655600.000000
81.145833	-0.023652	655800.000000
81.250000	-0.023618	656000.000000
81.354167	-0.023551	656200.000000
81.458333	-0.023179	656400.000000
81.562500	-0.022990	656600.000000
81.666667	-0.022772	656800.000000
81.770833	-0.023038	657000.000000
81.875000	-0.023101	657200.000000
81.979167	-0.023102	657400.000000
82.083333	-0.023264	657600.000000
82.187500	-0.023089	657800.000000
82.291667	-0.022993	658000.000000
82.395833	-0.022930	658200.000000
82.500000	-0.022543	658400.000000
82.604167	-0.022156	658600.000000
82.708333	-0.021924	658800.000000
82.812500	-0.021488	659000.000000
82.916667	-0.021581	659200.000000
83.020833	-0.022072	659400.000000
83.125000	-0.022844	659600.000000
83.229167	-0.023252	659800.000000
83.333333	-0.023206	660000.000000
83.437500	-0.023641	660200.000000
83.541667	-0.023695	660400.000000
83.645833	-0.023456	660600.000000
83.750000	-0.022985	660800.000000
83.854167	-0.022411	661000.000000
83.958333	-0.021896	661200.000000
84.062500	-0.021868	661400.000000
84.166667	-0.022264	661600.000000
84.270833	-0.022318	661800.000000
84.375000	-0.022124	662000.000000
84.479167	-0.022061	662200.000000
84.583333	-0.021889	662400.000000
84.687500	-0.022095	662600.000000
84.791667	-0.022596	662800.000000
84.895833	-0.023235	663000.000000
85.000000	-0.023629	663200.000000
85.104167	-0.023922	663400.000000
85.208333	-0.024003	663600.000000
85.312500	-0.023509	663800.000000
85.416667	-0.023406	664000.000000
85.520833	-0.022737	664200.000000
85.625000	-0.022439	664400.000000
85.729167	-0.022395	664600.000000
85.833333	-0.022514	664800.000000
85.937500	-0.022483	665000.000000
86.041667	-0.023107	665200.000000
86.145833	-0.023357	665400.000000
86.250000	-0.023312	665600.000000
86.354167	-0.023069	665800.000000
86.458333	-0.022928	666000.000000
86.562500	-0.022875	666200.000000
86.666667	-0.023036	666400.000000
86.770833	-0.023153	666600.000000
86.875000	-0.023350	666800.000000
86.979167	-0.023615	667000.000000
87.083333	-0.023383	667200.000000
87.187500	-0.023619	667400.000000
87.291667	-0.023626	667600.000000
87.395833	-0.023678	667800.000000
87.500000	-0.023643	668000.000000
87.604167	-0.023153	668200.000000
87.708333	-0.022997	668400.000000
87.812500	-0.022726	668600.000000
87.916667	-0.022292	668800.000000
88.020833	-0.022251	669000.000000
88.125000	-0.022346	669200.000000
88.229167	-0.022374	669400.000000
88.333333	-0.022713	669600.000000
88.437500	-0.023098	669800.000000
88.541667	-0.023280	670000.000000
88.645833	-0.023492	670200.000000
88.750000	-0.023886	670400.000000
88.854167	-0.023953	670600.000000
88.958333	-0.023747	670800.000000
89.062500	-0.023740	671000.000000
89.166667	-0.023680	671200.000000
89.270833	-0.023404	671400.000000
89.375000	-0.022852	671600.000000
89.479167	-0.022513	671800.000000
89.583333	-0.022295	672000.000000
89.687500	-0.022525	672200.000000
89.791667	-0.022460	672400.000000
89.895833	-0.022567	672600.000000
90.000000	-0.022922	672800.000000
90.104167	-0.023535	673000.000000
90.208333	-0.023785	673200.000000
90.312500	-0.024097	673400.000000
90.416667	-0.024434	673600.000000
90.520833	-0.024433	673800.000000
90.625000	-0.024199	674000.000000
90.729167	-0.023834	674200.000000
90.833333	-0.023689	674400.000000
90.937500	-0.023674	674600.000000
91.041667	-0.023589	674800.000000
91.145833	-0.023520	675000.000000
91.250000	-0.023815	675200.000000
91.354167	-0.024087	675400.000000
91.458333	-0.024023	675600.000000
91.562500	-0.024031	675800.000000
91.666667	-0.023898	676000.000000
91.770833	-0.023771	676200.000000
91.875000	-0.023462	676400.000000
91.979167	-0.023473	676600.000000
92.083333	-0.023668	676800.000000
92.187500	-0.024215	677000.000000
92.291667	-0.024328	677200.000000
92.395833	-0.024400	677400.000000
92.500000	-0.024232	677600.000000
92.604167	-0.023971	677800.000000
92.708333	-0.023789	678000.000000
92.812500	-0.023643	678200.000000
92.916667	-0.023373	678400.000000
93.020833	-0.023293	678600.000000
93.125000	-0.023366	678800.000000
93.229167	-0.023624	679000.000000
93.333333	-0.023596	679200.000000
93.437500	-0.023443	679400.000000
93.541667	-0.023221	679600.000000
93.645833	-0.023287	679800.000000
93.750000	-0.023334	680000.000000
93.854167	-0.023524	680200.000000
93.958333	-0.024022	680400.000000
94.062500	-0.024197	680600.000000
94.166667	-0.024825	680800.000000
94.270833	-0.024948	681000.000000
94.375000	-0.024574	681200.000000
94.479167	-0.024159	681400.000000
94.583333	-0.023617	681600.000000
94.687500	-0.023050	681800.000000
94.791667	-0.022695	682000.000000
94.895833	-0.022798	682200.000000
95.000000	-0.023058	682400.000000
95.104167	-0.023103	682600.000000
95.208333	-0.023356	682800.000000
95.312500	-0.023457	683000.000000
95.416667	-0.023480	683200.000000
95.520833	-0.023609	683400.000000
95.625000	-0.023900	683600.000000
95.729167	-0.023775	683800.000000
95.833333	-0.024131	684000.000000
95.937500	-0.024068	684200.000000
96.041667	-0.024058	684400.000000
96.145833	-0.023803	684600.000000
96.250000	-0.023534	684800.000000
96.354167	-0.023264	685000.000000
96.458333	-0.023168	685200.000000
96.562500	-0.023075	685400.000000
96.666667	-0.023229	685600.000000
96.770833	-0.023180	685800.000000
96.875000	-0.022845	686000.000000
96.979167	-0.022976	686200.000000
97.083333	-0.022871	686400.000000
97.187500	-0.022477	686600.000000
97.291667	-0.022509	686800.000000
97.395833	-0.022738	687000.000000
97.500000	-0.022737	687200.000000
97.604167	-0.023147	687400.000000
97.708333	-0.023471	687600.000000
97.812500	-0.023841	687800.000000
97.916667	-0.023886	688000.000000
98.020833	-0.023770	688200.000000
98.125000	-0.023868	688400.000000
98.229167	-0.023492	688600.000000
98.333333	-0.023689	688800.000000
98.437500	-0.023747	689000.000000
98.541667	-0.023886	689200.000000
98.645833	-0.023777	689400.000000
98.750000	-0.023503	689600.000000
98.854167	-0.023179	689800.000000
98.958333	-0.022680	690000.000000
99.062500	-0.022986	690200.000000
99.166667	-0.023137	690400.000000
99.270833	-0.023574	690600.000000
99.375000	-0.023929	690800.000000
99.479167	-0.024452	691000.000000
99.583333	-0.024533	691200.000000
99.687500	-0.024320	691400.000000
99.791667	-0.023862	691600.000000
99.895833	-0.023307	691800.000000
100.000000	-0.023031	692000.000000
100.104167	-0.022971	692200.000000
100.208333	-0.023099	692400.000000
100.312500	-0.023340	692600.000000
100.416667	-0.023314	692800.000000
100.520833	-0.023474	693000.000000
100.625000	-0.023390	693200.000000
100.729167	-0.023224	693400.000000
100.833333	-0.023152	693600.000000
100.937500	-0.023033	693800.000000
101.041667	-0.023243	694000.000000
101.145833	-0.023476	694200.000000
101.250000	-0.023532	694400.000000
101.354167	-0.023577	694600.000000
101.458333	-0.023592	694800.000000
101.562500	-0.023321	695000.000000
101.666667	-0.023310	695200.000000
101.770833	-0.023246	695400.000000
101.875000	-0.023348	695600.000000
101.979167	-0.023668	695800.000000
102.083333	-0.023689	696000.000000
102.187500	-0.023956	696200.000000
102.291667	-0.023936	696400.000000
102.395833	-0.023945	696600.000000
102.500000	-0.023580	696800.000000
102.604167	-0.023352	697000.000000
102.708333	-0.023359	697200.000000
102.812500	-0.023679	697400.000000
102.916667	-0.023881	697600.000000
103.020833	-0.023963	697800.000000
103.125000	-0.024252	698000.000000
103.229167	-0.024529	698200.000000
103.333333	-0.024510	698400.000000
103.437500	-0.024576	698600.000000
103.541667	-0.024475	698800.000000
103.645833	-0.024156	699000.000000
103.750000	-0.023916	699200.000000
103.854167	-0.023514	699400.000000
103.958333	-0.023598	699600.000000
104.062500	-0.023471	699800.000000
104.166667	-0.023419	700000.000000
104.270833	-0.023584	700200.000000
104.375000	-0.023711	700400.000000
104.479167	-0.023795	700600.000000
104.583333	-0.023745	700800.000000
104.687500	-0.023659	701000.000000
104.791667	-0.023906	701200.000000
104.895833	-0.024176	701400.000000
105.000000	-0.024192	701600.000000
105.104167	-0.024065	701800.000000
105.208333	-0.023773	702000.000000
105.312500	-0.023501	702200.000000
105.416667	-0.023215	702400.000000
105.520833	-0.023103	702600.000000
105.625000	-0.022854	702800.000000
105.729167	-0.022886	703000.000000
105.833333	-0.023267	703200.000000
105.937500	-0.023330	703400.000000
106.041667	-0.023477	703600.000000
106.145833	-0.023587	703800.000000
106.250000	-0.023713	704000.000000
106.354167	-0.023757	704200.000000
106.458333	-0.023686	704400.000000
106.562500	-0.023484	704600.000000
106.666667	-0.023812	704800.000000
106.770833	-0.023880	705000.000000
106.875000	-0.024029	705200.000000
106.979167	-0.023888	705400.000000
107.083333	-0.023537	705600.000000
107.187500	-0.023211	705800.000000
107.291667	-0.023337	706000.000000
107.395833	-0.023334	706200.000000
107.500000	-0.023302	706400.000000
107.604167	-0.023549	706600.000000
107.708333	-0.023737	706800.000000
107.812500	-0.023417	707000.000000
107.916667	-0.023325	707200.000000
108.020833	-0.023075	707400.000000
108.125000	-0.022537	707600.000000
108.229167	-0.022714	707800.000000
108.333333	-0.023258	708000.000000
108.437500	-0.023677	708200.000000
108.541667	-0.024247	708400.000000
108.645833	-0.024452	708600.000000
108.750000	-0.024382	708800.000000
108.854167	-0.023959	709000.000000
108.958333	-0.023275	709200.000000
109.062500	-0.023062	709400.000000
109.166667	-0.023326	709600.000000
109.270833	-0.023582	709800.000000
109.375000	-0.023837	710000.000000
109.479167	-0.024016	710200.000000
109.583333	-0.024172	710400.000000
109.687500	-0.023911	710600.000000
109.791667	-0.023747	710800.000000
109.895833	-0.023859	711000.000000
110.000000	-0.023650	711200.000000
110.104167	-0.023937	711400.000000
110.208333	-0.024105	711600.000000
110.312500	-0.024381	711800.000000
110.416667	-0.024281	712000.000000
110.520833	-0.024140	712200.000000
110.625000	-0.023748	712400.000000
110.729167	-0.023310	712600.000000
110.833333	-0.023021	712800.000000
110.937500	-0.022887	713000.000000
111.041667	-0.022923	713200.000000
111.145833	-0.023106	713400.000000
111.250000	-0.023429	713600.000000
111.354167	-0.023433	713800.000000
111.458333	-0.023577	714000.000000
111.562500	-0.023463	714200.000000
111.666667	-0.023322	714400.000000
111.770833	-0.023282	714600.000000
111.875000	-0.023279	714800.000000
111.979167	-0.023455	715000.000000
112.083333	-0.023531	715200.000000
112.187500	-0.023516	715400.000000
112.291667	-0.023462	715600.000000
112.395833	-0.023363	715800.000000
112.500000	-0.023379	716000.000000
112.604167	-0.023622	716200.000000
112.708333	-0.023514	716400.000000
112.812500	-0.023527	716600.000000
112.916667	-0.023539	716800.000000
113.020833	-0.023510	717000.000000
113.125000	-0.023311	717200.000000
113.229167	-0.023363	717400.000000
113.333333	-0.023073	717600.000000
113.437500	-0.023050	717800.000000
113.541667	-0.022828	718000.000000
113.645833	-0.022906	718200.000000
113.750000	-0.023056	718400.000000
113.854167	-0.023057	718600.000000
113.958333	-0.023278	718800.000000
114.062500	-0.023422	719000.000000
114.166667	-0.023468	719200.000000
114.270833	-0.023334	719400.000000
114.375000	-0.023172	719600.000000
114.479167	-0.022793	719800.000000
114.583333	-0.022694	720000.000000
114.687500	-0.022537	720200.000000
114.791667	-0.022633	720400.000000
114.895833	-0.022916	720600.000000
115.000000	-0.023023	720800.000000
115.104167	-0.023029	721000.000000
115.208333	-0.023278	721200.000000
115.312500	-0.023562	721400.000000
115.416667	-0.023609	721600.000000
115.520833	-0.023988	721800.000000
115.625000	-0.024206	722000.000000
115.729167	-0.024205	722200.000000
115.833333	-0.024046	722400.000000
115.937500	-0.024132	722600.000000
116.041667	-0.023655	722800.000000
116.145833	-0.023324	723000.000000
116.250000	-0.023101	723200.000000
116.354167	-0.023163	723400.000000
116.458333	-0.023341	723600.000000
116.562500	-0.023538	723800.000000
116.666667	-0.023473	724000.000000
116.770833	-0.023278	724200.000000
116.875000	-0.023100	724400.000000
116.979167	-0.023143	724600.000000
117.083333	-0.022939	724800.000000
117.187500	-0.022879	725000.000000
117.291667	-0.022945	725200.000000
117.395833	-0.023006	725400.000000
117.500000	-0.023082	725600.000000
117.604167	-0.023126	725800.000000
117.708333	-0.023150	726000.000000
117.812500	-0.023069	726200.000000
117.916667	-0.023083	726400.000000
118.020833	-0.023053	726600.000000
118.125000	-0.023386	726800.000000
118.229167	-0.023818	727000.000000
118.333333	-0.024216	727200.000000
118.437500	-0.024751	727400.000000
118.541667	-0.024795	727600.000000
118.645833	-0.024700	727800.000000
118.750000	-0.024448	728000.000000
118.854167	-0.024221	728200.000000
118.958333	-0.024199	728400.000000
119.062500	-0.024151	728600.000000
119.166667	-0.024391	728800.000000
119.270833	-0.024379	729000.000000
119.375000	-0.024466	729200.000000
119.479167	-0.024735	729400.000000
119.583333	-0.024527	729600.000000
119.687500	-0.024561	729800.000000
119.791667	-0.024148	730000.000000
119.895833	-0.023853	730200.000000
120.000000	-0.023740	730400.000000
120.104167	-0.023337	730600.000000
120.208333	-0.023062	730800.000000
120.312500	-0.023127	731000.000000
120.416667	-0.023256	731200.000000
120.520833	-0.023477	731400.000000
120.625000	-0.023600	731600.000000
120.729167	-0.023688	731800.000000
120.833333	-0.023614	732000.000000
120.937500	-0.023486	732200.000000
121.041667	-0.023451	732400.000000
121.145833	-0.023175	732600.000000
121.250000	-0.023325	732800.000000
121.354167	-0.023462	733000.000000
121.458333	-0.023522	733200.000000
121.562500	-0.023621	733400.000000
121.666667	-0.023948	733600.000000
121.770833	-0.023785	733800.000000
121.875000	-0.023722	734000.000000
121.979167	-0.023489	734200.000000
122.083333	-0.023583	734400.000000
122.187500	-0.023525	734600.000000
122.291667	-0.023650	734800.000000
122.395833	-0.023698	735000.000000
122.500000	-0.023693	735200.000000
122.604167	-0.023883	735400.000000
122.708333	-0.023771	735600.000000
122.812500	-0.023901	735800.000000
122.916667	-0.023990	736000.000000
123.020833	-0.024167	736200.000000
123.125000	-0.024413	736400.000000
123.229167	-0.024574	736600.000000
123.333333	-0.024635	736800.000000
123.437500	-0.024480	737000.000000
123.541667	-0.023987	737200.000000
123.645833	-0.023916	737400.000000
123.750000	-0.024015	737600.000000
123.854167	-0.023656	737800.000000
123.958333	-0.024031	738000.000000
124.062500	-0.024184	738200.000000
124.166667	-0.024012	738400.000000
124.270833	-0.023958	738600.000000
124.375000	-0.023883	738800.000000
124.479167	-0.023919	739000.000000
124.583333	-0.024089	739200.000000
124.687500	-0.024387	739400.000000
124.791667	-0.024525	739600.000000
124.895833	-0.024780	739800.000000
125.000000	-0.024491	740000.000000
125.104167	-0.024319	740200.000000
125.208333	-0.024076	740400.000000
125.312500	-0.023970	740600.000000
125.416667	-0.023580	740800.000000
125.520833	-0.023803	741000.000000
125.625000	-0.024041	741200.000000
125.729167	-0.024351	741400.000000
125.833333	-0.024642	741600.000000
125.937500	-0.024516	741800.000000
126.041667	-0.024700	742000.000000
126.145833	-0.024239	742200.000000
126.250000	-0.024290	742400.000000
126.354167	-0.023952	742600.000000
126.458333	-0.024204	742800.000000
126.562500	-0.024104	743000.000000
126.666667	-0.024363	743200.000000
126.770833	-0.024417	743400.000000
126.875000	-0.024073	743600.000000
126.979167	-0.023849	743800.000000
127.083333	-0.023844	744000.000000
127.187500	-0.023665	744200.000000
127.291667	-0.023648	744400.000000
127.395833	-0.023755	744600.000000
127.500000	-0.023805	744800.000000
127.604167	-0.023932	745000.000000
127.708333	-0.023927	745200.000000
127.812500	-0.023518	745400.000000
127.916667	-0.023112	745600.000000
128.020833	-0.023033	745800.000000
128.125000	-0.022989	746000.000000
128.229167	-0.023187	746200.000000
128.333333	-0.023386	746400.000000
128.437500	-0.023481	746600.000000
128.541667	-0.023590	746800.000000
128.645833	-0.023532	747000.000000
128.750000	-0.023414	747200.000000
128.854167	-0.023286	747400.000000
128.958333	-0.023190	747600.000000
129.062500	-0.023267	747800.000000
129.166667	-0.023322	748000.000000
129.270833	-0.023570	748200.000000
129.375000	-0.023691	748400.000000
129.479167	-0.024080	748600.000000
129.583333	-0.024184	748800.000000
129.687500	-0.024461	749000.000000
129.791667	-0.024721	749200.000000
129.895833	-0.024946	749400.000000
130.000000	-0.025127	749600.000000
130.104167	-0.024856	749800.000000
130.208333	-0.024610	750000.000000
