0.000000	-0.021373	500000.000000
0.104167	-0.021177	500200.000000
0.208333	-0.021354	500400.000000
0.312500	-0.021382	500600.000000
0.416667	-0.021172	500800.000000
0.520833	-0.021264	501000.000000
0.625000	-0.021389	501200.000000
0.729167	-0.021047	501400.000000
0.833333	-0.021102	501600.000000
0.937500	-0.021179	501800.000000
1.041667	-0.021163	502000.000000
1.145833	-0.021260	502200.000000
1.250000	-0.021276	502400.000000
1.354167	-0.021182	502600.000000
1.458333	-0.021068	502800.000000
1.562500	-0.021370	503000.000000
1.666667	-0.021172	503200.000000
1.770833	-0.021236	503400.000000
1.875000	-0.021411	503600.000000
1.979167	-0.021198	503800.000000
2.083333	-0.021265	504000.000000
2.187500	-0.021361	504200.000000
2.291667	-0.021134	504400.000000
2.395833	-0.021183	504600.000000
2.500000	-0.021229	504800.000000
2.604167	-0.021332	505000.000000
2.708333	-0.021326	505200.000000
2.812500	-0.021360	505400.000000
2.916667	-0.021150	505600.000000
3.020833	-0.021195	505800.000000
3.125000	-0.021444	506000.000000
3.229167	-0.021265	506200.000000
3.333333	-0.021332	506400.000000
3.437500	-0.021235	506600.000000
3.541667	-0.021204	506800.000000
3.645833	-0.021225	507000.000000
3.750000	-0.021207	507200.000000
3.854167	-0.021217	507400.000000
3.958333	-0.021064	507600.000000
4.062500	-0.021104	507800.000000
4.166667	-0.021140	508000.000000
4.270833	-0.021186	508200.000000
4.375000	-0.021313	508400.000000
4.479167	-0.021290	508600.000000
4.583333	-0.021327	508800.000000
4.687500	-0.021032	509000.000000
4.791667	-0.021182	509200.000000
4.895833	-0.021227	509400.000000
5.000000	-0.021013	509600.000000
5.104167	-0.021154	509800.000000
5.208333	-0.021325	510000.000000
5.312500	-0.021191	510200.000000
5.416667	-0.021213	510400.000000
5.520833	-0.021445	510600.000000
5.625000	-0.021500	510800.000000
5.729167	-0.021320	511000.000000
5.833333	-0.021485	511200.000000
5.937500	-0.021376	511400.000000
6.041667	-0.021598	511600.000000
6.145833	-0.021284	511800.000000
6.250000	-0.021192	512000.000000
6.354167	-0.021165	512200.000000
6.458333	-0.021326	512400.000000
6.562500	-0.021359	512600.000000
6.666667	-0.021286	512800.000000
6.770833	-0.021357	513000.000000
6.875000	-0.021326	513200.000000
6.979167	-0.021285	513400.000000
7.083333	-0.021290	513600.000000
7.187500	-0.021411	513800.000000
7.291667	-0.021202	514000.000000
7.395833	-0.021129	514200.000000
7.500000	-0.021275	514400.000000
7.604167	-0.021300	514600.000000
7.708333	-0.021345	514800.000000
7.812500	-0.021405	515000.000000
7.916667	-0.021572	515200.000000
8.020833	-0.021469	515400.000000
8.125000	-0.021455	515600.000000
8.229167	-0.021383	515800.000000
8.333333	-0.021364	516000.000000
8.437500	-0.021517	516200.000000
8.541667	-0.021310	516400.000000
8.645833	-0.021304	516600.000000
8.750000	-0.021309	516800.000000
8.854167	-0.021485	517000.000000
8.958333	-0.021314	517200.000000
9.062500	-0.021489	517400.000000
9.166667	-0.021669	517600.000000
9.270833	-0.021377	517800.000000
9.375000	-0.021339	518000.000000
9.479167	-0.021488	518200.000000
9.583333	-0.021424	518400.000000
9.687500	-0.021404	518600.000000
9.791667	-0.021311	518800.000000
9.895833	-0.021431	519000.000000
10.000000	-0.021327	519200.000000
10.104167	-0.021439	519400.000000
10.208333	-0.021418	519600.000000
10.312500	-0.021354	519800.000000
10.416667	-0.021455	520000.000000
10.520833	-0.021486	520200.000000
10.625000	-0.021473	520400.000000
10.729167	-0.021435	520600.000000
10.833333	-0.021497	520800.000000
10.937500	-0.021631	521000.000000
11.041667	-0.021349	521200.000000
11.145833	-0.021314	521400.000000
11.250000	-0.021376	521600.000000
11.354167	-0.021362	521800.000000
11.458333	-0.021460	522000.000000
11.562500	-0.021314	522200.000000
11.666667	-0.021209	522400.000000
11.770833	-0.021313	522600.000000
11.875000	-0.021394	522800.000000
11.979167	-0.021427	523000.000000
12.083333	-0.021277	523200.000000
12.187500	-0.021281	523400.000000
12.291667	-0.021227	523600.000000
12.395833	-0.021424	523800.000000
12.500000	-0.021249	524000.000000
12.604167	-0.021168	524200.000000
12.708333	-0.021224	524400.000000
12.812500	-0.021287	524600.000000
12.916667	-0.021494	524800.000000
13.020833	-0.021534	525000.000000
13.125000	-0.021406	525200.000000
13.229167	-0.021464	525400.000000
13.333333	-0.021546	525600.000000
13.437500	-0.021612	525800.000000
13.541667	-0.021769	526000.000000
13.645833	-0.021602	526200.000000
13.750000	-0.021741	526400.000000
13.854167	-0.021691	526600.000000
13.958333	-0.021940	526800.000000
14.062500	-0.021778	527000.000000
14.166667	-0.021679	527200.000000
14.270833	-0.021718	527400.000000
14.375000	-0.021814	527600.000000
14.479167	-0.021869	527800.000000
14.583333	-0.021757	528000.000000
14.687500	-0.021878	528200.000000
14.791667	-0.021961	528400.000000
14.895833	-0.021942	528600.000000
15.000000	-0.021797	528800.000000
15.104167	-0.022041	529000.000000
15.208333	-0.021946	529200.000000
15.312500	-0.022011	529400.000000
15.416667	-0.022046	529600.000000
15.520833	-0.022107	529800.000000
15.625000	-0.022063	530000.000000
15.729167	-0.022147	530200.000000
15.833333	-0.022229	530400.000000
15.937500	-0.021886	530600.000000
16.041667	-0.021964	530800.000000
16.145833	-0.022050	531000.000000
16.250000	-0.022098	531200.000000
16.354167	-0.022351	531400.000000
16.458333	-0.022457	531600.000000
16.562500	-0.022385	531800.000000
16.666667	-0.022566	532000.000000
16.770833	-0.022623	532200.000000
16.875000	-0.022680	532400.000000
16.979167	-0.022967	532600.000000
17.083333	-0.023111	532800.000000
17.187500	-0.023191	533000.000000
17.291667	-0.023407	533200.000000
17.395833	-0.023552	533400.000000
17.500000	-0.023831	533600.000000
17.604167	-0.023919	533800.000000
17.708333	-0.024095	534000.000000
17.812500	-0.024621	534200.000000
17.916667	-0.024805	534400.000000
18.020833	-0.025071	534600.000000
18.125000	-0.025344	534800.000000
18.229167	-0.025955	535000.000000
18.333333	-0.026272	535200.000000
18.437500	-0.026563	535400.000000
18.541667	-0.026991	535600.000000
18.645833	-0.027742	535800.000000
18.750000	-0.028334	536000.000000
18.854167	-0.028947	536200.000000
18.958333	-0.029639	536400.000000
19.062500	-0.030662	536600.000000
19.166667	-0.031674	536800.000000
19.270833	-0.032701	537000.000000
19.375000	-0.034164	537200.000000
19.479167	-0.035628	537400.000000
19.583333	-0.037041	537600.000000
19.687500	-0.038807	537800.000000
19.791667	-0.040626	538000.000000
19.895833	-0.042903	538200.000000
20.000000	-0.045157	538400.000000
20.104167	-0.047846	538600.000000
20.208333	-0.050581	538800.000000
20.312500	-0.053817	539000.000000
20.416667	-0.057372	539200.000000
20.520833	-0.061055	539400.000000
20.625000	-0.064727	539600.000000
20.729167	-0.068507	539800.000000
20.833333	-0.072341	540000.000000
20.937500	-0.076044	540200.000000
21.041667	-0.079723	540400.000000
21.145833	-0.082609	540600.000000
21.250000	-0.085116	540800.000000
21.354167	-0.086539	541000.000000
21.458333	-0.086784	541200.000000
21.562500	-0.084771	541400.000000
21.666667	-0.079656	541600.000000
21.770833	-0.067963	541800.000000
21.875000	-0.041678	542000.000000
21.979167	0.013962	542200.000000
22.083333	0.122603	542400.000000
22.187500	0.305790	542600.000000
22.291667	0.556447	542800.000000
22.395833	0.828264	543000.000000
22.500000	1.014014	543200.000000
22.604167	1.032823	543400.000000
22.708333	0.846598	543600.000000
22.812500	0.502355	543800.000000
22.916667	0.100577	544000.000000
23.020833	-0.238409	544200.000000
23.125000	-0.459722	544400.000000
23.229167	-0.550306	544600.000000
23.333333	-0.549710	544800.000000
23.437500	-0.507977	545000.000000
23.541667	-0.460853	545200.000000
23.645833	-0.416210	545400.000000
23.750000	-0.369439	545600.000000
23.854167	-0.324622	545800.000000
23.958333	-0.292476	546000.000000
24.062500	-0.285809	546200.000000
24.166667	-0.299607	546400.000000
24.270833	-0.309682	546600.000000
24.375000	-0.286985	546800.000000
24.479167	-0.220854	547000.000000
24.583333	-0.130327	547200.000000
24.687500	-0.048543	547400.000000
24.791667	-0.003625	547600.000000
24.895833	-0.001499	547800.000000
25.000000	-0.025330	548000.000000
25.104167	-0.049972	548200.000000
25.208333	-0.058920	548400.000000
25.312500	-0.046893	548600.000000
25.416667	-0.020496	548800.000000
25.520833	0.012070	549000.000000
25.625000	0.038713	549200.000000
25.729167	0.049291	549400.000000
25.833333	0.037816	549600.000000
25.937500	0.007259	549800.000000
26.041667	-0.027546	550000.000000
26.145833	-0.044721	550200.000000
26.250000	-0.032834	550400.000000
26.354167	0.001083	550600.000000
26.458333	0.033449	550800.000000
26.562500	0.046827	551000.000000
26.666667	0.038121	551200.000000
26.770833	0.021551	551400.000000
26.875000	0.013786	551600.000000
26.979167	0.022933	551800.000000
27.083333	0.042359	552000.000000
27.187500	0.056560	552200.000000
27.291667	0.053164	552400.000000
27.395833	0.031017	552600.000000
27.500000	0.001197	552800.000000
27.604167	-0.025324	553000.000000
27.708333	-0.043024	553200.000000
27.812500	-0.051102	553400.000000
27.916667	-0.052040	553600.000000
28.020833	-0.048120	553800.000000
28.125000	-0.039759	554000.000000
28.229167	-0.024722	554200.000000
28.333333	-0.004518	554400.000000
28.437500	0.016687	554600.000000
28.541667	0.030680	554800.000000
28.645833	0.030540	555000.000000
28.750000	0.016550	555200.000000
28.854167	-0.003047	555400.000000
28.958333	-0.018311	555600.000000
29.062500	-0.023345	555800.000000
29.166667	-0.019572	556000.000000
29.270833	-0.013360	556200.000000
29.375000	-0.011776	556400.000000
29.479167	-0.017283	556600.000000
29.583333	-0.027204	556800.000000
29.687500	-0.036603	557000.000000
29.791667	-0.040058	557200.000000
29.895833	-0.034581	557400.000000
30.000000	-0.021401	557600.000000
30.104167	-0.005833	557800.000000
30.208333	0.004780	558000.000000
30.312500	0.008959	558200.000000
30.416667	0.007905	558400.000000
30.520833	0.005107	558600.000000
30.625000	0.002166	558800.000000
30.729167	-0.001130	559000.000000
30.833333	-0.005434	559200.000000
30.937500	-0.009249	559400.000000
31.041667	-0.010595	559600.000000
31.145833	-0.010770	559800.000000
31.250000	-0.012601	560000.000000
31.354167	-0.021027	560200.000000
31.458333	-0.039241	560400.000000
31.562500	-0.064587	560600.000000
31.666667	-0.088362	560800.000000
31.770833	-0.097402	561000.000000
31.875000	-0.084849	561200.000000
31.979167	-0.055004	561400.000000
32.083333	-0.022305	561600.000000
32.187500	0.001236	561800.000000
32.291667	0.008477	562000.000000
32.395833	0.001298	562200.000000
32.500000	-0.013648	562400.000000
32.604167	-0.027769	562600.000000
32.708333	-0.035290	562800.000000
32.812500	-0.036704	563000.000000
32.916667	-0.034662	563200.000000
33.020833	-0.032309	563400.000000
33.125000	-0.031697	563600.000000
33.229167	-0.032274	563800.000000
33.333333	-0.032858	564000.000000
33.437500	-0.033457	564200.000000
33.541667	-0.032336	564400.000000
33.645833	-0.027964	564600.000000
33.750000	-0.019441	564800.000000
33.854167	-0.006621	565000.000000
33.958333	0.008432	565200.000000
34.062500	0.022087	565400.000000
34.166667	0.026476	565600.000000
34.270833	0.017856	565800.000000
34.375000	-0.004747	566000.000000
34.479167	-0.032239	566200.000000
34.583333	-0.052213	566400.000000
34.687500	-0.053919	566600.000000
34.791667	-0.036437	566800.000000
34.895833	-0.009525	567000.000000
35.000000	0.008004	567200.000000
35.104167	0.006172	567400.000000
35.208333	-0.011996	567600.000000
35.312500	-0.033412	567800.000000
35.416667	-0.043145	568000.000000
35.520833	-0.034683	568200.000000
35.625000	-0.013952	568400.000000
35.729167	0.007262	568600.000000
35.833333	0.019617	568800.000000
35.937500	0.020114	569000.000000
36.041667	0.012222	569200.000000
36.145833	0.000066	569400.000000
36.250000	-0.011963	569600.000000
36.354167	-0.018502	569800.000000
36.458333	-0.017323	570000.000000
36.562500	-0.010318	570200.000000
36.666667	-0.003988	570400.000000
36.770833	-0.006204	570600.000000
36.875000	-0.020189	570800.000000
36.979167	-0.039942	571000.000000
37.083333	-0.054799	571200.000000
37.187500	-0.055424	571400.000000
37.291667	-0.040682	571600.000000
37.395833	-0.018066	571800.000000
37.500000	0.006444	572000.000000
37.604167	0.024771	572200.000000
37.708333	0.029566	572400.000000
37.812500	0.018767	572600.000000
37.916667	-0.004848	572800.000000
38.020833	-0.032264	573000.000000
38.125000	-0.050663	573200.000000
38.229167	-0.054009	573400.000000
38.333333	-0.045229	573600.000000
38.437500	-0.033975	573800.000000
38.541667	-0.031526	574000.000000
38.645833	-0.042325	574200.000000
38.750000	-0.059472	574400.000000
38.854167	-0.068285	574600.000000
38.958333	-0.058982	574800.000000
39.062500	-0.033452	575000.000000
39.166667	-0.000570	575200.000000
39.270833	0.024700	575400.000000
39.375000	0.031857	575600.000000
39.479167	0.018260	575800.000000
39.583333	-0.008339	576000.000000
39.687500	-0.033704	576200.000000
39.791667	-0.046175	576400.000000
39.895833	-0.044139	576600.000000
40.000000	-0.033395	576800.000000
40.104167	-0.021442	577000.000000
40.208333	-0.014275	577200.000000
40.312500	-0.014532	577400.000000
40.416667	-0.022205	577600.000000
40.520833	-0.034653	577800.000000
40.625000	-0.046571	578000.000000
40.729167	-0.052355	578200.000000
40.833333	-0.048153	578400.000000
40.937500	-0.035221	578600.000000
41.041667	-0.018724	578800.000000
41.145833	-0.006578	579000.000000
41.250000	-0.002451	579200.000000
41.354167	-0.006309	579400.000000
41.458333	-0.014408	579600.000000
41.562500	-0.021824	579800.000000
41.666667	-0.025017	580000.000000
41.770833	-0.022977	580200.000000
41.875000	-0.019287	580400.000000
41.979167	-0.018818	580600.000000
42.083333	-0.024649	580800.000000
42.187500	-0.036030	581000.000000
42.291667	-0.048307	581200.000000
42.395833	-0.055322	581400.000000
42.500000	-0.053190	581600.000000
42.604167	-0.042698	581800.000000
42.708333	-0.028287	582000.000000
42.812500	-0.014511	582200.000000
42.916667	-0.005524	582400.000000
43.020833	-0.002791	582600.000000
43.125000	-0.004276	582800.000000
43.229167	-0.007360	583000.000000
43.333333	-0.009182	583200.000000
43.437500	-0.011054	583400.000000
43.541667	-0.016430	583600.000000
43.645833	-0.026892	583800.000000
43.750000	-0.040788	584000.000000
43.854167	-0.051261	584200.000000
43.958333	-0.053457	584400.000000
44.062500	-0.045780	584600.000000
44.166667	-0.033000	584800.000000
44.270833	-0.021884	585000.000000
44.375000	-0.016669	585200.000000
44.479167	-0.016051	585400.000000
44.583333	-0.015822	585600.000000
44.687500	-0.013756	585800.000000
44.791667	-0.011357	586000.000000
44.895833	-0.011210	586200.000000
45.000000	-0.014085	586400.000000
45.104167	-0.017537	586600.000000
45.208333	-0.019709	586800.000000
45.312500	-0.019579	587000.000000
45.416667	-0.019365	587200.000000
45.520833	-0.021580	587400.000000
45.625000	-0.026960	587600.000000
45.729167	-0.033563	587800.000000
45.833333	-0.036954	588000.000000
45.937500	-0.035188	588200.000000
46.041667	-0.029227	588400.000000
46.145833	-0.023220	588600.000000
46.250000	-0.020524	588800.000000
46.354167	-0.021221	589000.000000
46.458333	-0.023173	589200.000000
46.562500	-0.023824	589400.000000
46.666667	-0.020439	589600.000000
46.770833	-0.014412	589800.000000
46.875000	-0.007696	590000.000000
46.979167	-0.003325	590200.000000
47.083333	-0.003179	590400.000000
47.187500	-0.008875	590600.000000
47.291667	-0.019677	590800.000000
47.395833	-0.032581	591000.000000
47.500000	-0.042288	591200.000000
47.604167	-0.043753	591400.000000
47.708333	-0.038593	591600.000000
47.812500	-0.031967	591800.000000
47.916667	-0.028797	592000.000000
48.020833	-0.028626	592200.000000
48.125000	-0.027114	592400.000000
48.229167	-0.020640	592600.000000
48.333333	-0.010396	592800.000000
48.437500	-0.000614	593000.000000
48.541667	0.004294	593200.000000
48.645833	0.001366	593400.000000
48.750000	-0.008159	593600.000000
48.854167	-0.020275	593800.000000
48.958333	-0.031557	594000.000000
49.062500	-0.039558	594200.000000
49.166667	-0.042861	594400.000000
49.270833	-0.041630	594600.000000
49.375000	-0.036370	594800.000000
49.479167	-0.028377	595000.000000
49.583333	-0.020465	595200.000000
49.687500	-0.015833	595400.000000
49.791667	-0.016193	595600.000000
49.895833	-0.019398	595800.000000
50.000000	-0.021835	596000.000000
50.104167	-0.021140	596200.000000
50.208333	-0.015803	596400.000000
50.312500	-0.008626	596600.000000
50.416667	-0.003090	596800.000000
50.520833	-0.003565	597000.000000
50.625000	-0.010878	597200.000000
50.729167	-0.021754	597400.000000
50.833333	-0.031205	597600.000000
50.937500	-0.034185	597800.000000
51.041667	-0.030773	598000.000000
51.145833	-0.024396	598200.000000
51.250000	-0.018997	598400.000000
51.354167	-0.017712	598600.000000
51.458333	-0.021138	598800.000000
51.562500	-0.026189	599000.000000
51.666667	-0.030747	599200.000000
51.770833	-0.030807	599400.000000
51.875000	-0.025894	599600.000000
51.979167	-0.017001	599800.000000
52.083333	-0.007422	600000.000000
52.187500	-0.000816	600200.000000
52.291667	0.000030	600400.000000
52.395833	-0.003971	600600.000000
52.500000	-0.010837	600800.000000
52.604167	-0.017863	601000.000000
52.708333	-0.025176	601200.000000
52.812500	-0.032447	601400.000000
52.916667	-0.039164	601600.000000
53.020833	-0.042825	601800.000000
53.125000	-0.041487	602000.000000
53.229167	-0.035159	602200.000000
53.333333	-0.026081	602400.000000
53.437500	-0.018105	602600.000000
53.541667	-0.012792	602800.000000
53.645833	-0.010061	603000.000000
53.750000	-0.009044	603200.000000
53.854167	-0.008833	603400.000000
53.958333	-0.009487	603600.000000
54.062500	-0.011441	603800.000000
54.166667	-0.014764	604000.000000
54.270833	-0.018595	604200.000000
54.375000	-0.022631	604400.000000
54.479167	-0.026700	604600.000000
54.583333	-0.030920	604800.000000
54.687500	-0.034334	605000.000000
54.791667	-0.035999	605200.000000
54.895833	-0.033880	605400.000000
55.000000	-0.029124	605600.000000
55.104167	-0.023280	605800.000000
55.208333	-0.018064	606000.000000
55.312500	-0.014790	606200.000000
55.416667	-0.013229	606400.000000
55.520833	-0.015120	606600.000000
55.625000	-0.020433	606800.000000
55.729167	-0.026186	607000.000000
55.833333	-0.028576	607200.000000
55.937500	-0.025369	607400.000000
56.041667	-0.019401	607600.000000
56.145833	-0.015735	607800.000000
56.250000	-0.017706	608000.000000
56.354167	-0.024589	608200.000000
56.458333	-0.033078	608400.000000
56.562500	-0.038188	608600.000000
56.666667	-0.037751	608800.000000
56.770833	-0.032888	609000.000000
56.875000	-0.028265	609200.000000
56.979167	-0.026061	609400.000000
57.083333	-0.026709	609600.000000
57.187500	-0.027482	609800.000000
57.291667	-0.026514	610000.000000
57.395833	-0.023156	610200.000000
57.500000	-0.017477	610400.000000
57.604167	-0.011442	610600.000000
57.708333	-0.007264	610800.000000
57.812500	-0.008186	611000.000000
57.916667	-0.015050	611200.000000
58.020833	-0.026503	611400.000000
58.125000	-0.038589	611600.000000
58.229167	-0.046130	611800.000000
58.333333	-0.046350	612000.000000
58.437500	-0.039743	612200.000000
58.541667	-0.031141	612400.000000
58.645833	-0.025158	612600.000000
58.750000	-0.022760	612800.000000
58.854167	-0.022892	613000.000000
58.958333	-0.022590	613200.000000
59.062500	-0.020349	613400.000000
59.166667	-0.017210	613600.000000
59.270833	-0.014628	613800.000000
59.375000	-0.013047	614000.000000
59.479167	-0.013543	614200.000000
59.583333	-0.016008	614400.000000
59.687500	-0.021358	614600.000000
59.791667	-0.028720	614800.000000
59.895833	-0.036029	615000.000000
60.000000	-0.039746	615200.000000
60.104167	-0.037750	615400.000000
60.208333	-0.030659	615600.000000
60.312500	-0.021440	615800.000000
60.416667	-0.015111	616000.000000
60.520833	-0.013601	616200.000000
60.625000	-0.016510	616400.000000
60.729167	-0.020634	616600.000000
60.833333	-0.022909	616800.000000
60.937500	-0.022725	617000.000000
61.041667	-0.020494	617200.000000
61.145833	-0.017490	617400.000000
61.250000	-0.014296	617600.000000
61.354167	-0.012282	617800.000000
61.458333	-0.011361	618000.000000
61.562500	-0.011965	618200.000000
61.666667	-0.013787	618400.000000
61.770833	-0.017188	618600.000000
61.875000	-0.021681	618800.000000
61.979167	-0.025955	619000.000000
62.083333	-0.028619	619200.000000
62.187500	-0.028621	619400.000000
62.291667	-0.026068	619600.000000
62.395833	-0.021770	619800.000000
62.500000	-0.017131	620000.000000
62.604167	-0.012975	620200.000000
62.708333	-0.010764	620400.000000
62.812500	-0.010718	620600.000000
62.916667	-0.012279	620800.000000
63.020833	-0.013775	621000.000000
63.125000	-0.014015	621200.000000
63.229167	-0.012862	621400.000000
63.333333	-0.012559	621600.000000
63.437500	-0.014567	621800.000000
63.541667	-0.019067	622000.000000
63.645833	-0.025234	622200.000000
63.750000	-0.029875	622400.000000
63.854167	-0.030403	622600.000000
63.958333	-0.026136	622800.000000
64.062500	-0.018929	623000.000000
64.166667	-0.010932	623200.000000
64.270833	-0.004712	623400.000000
64.375000	-0.001996	623600.000000
64.479167	-0.003697	623800.000000
64.583333	-0.008468	624000.000000
64.687500	-0.014552	624200.000000
64.791667	-0.019001	624400.000000
64.895833	-0.021107	624600.000000
65.000000	-0.022572	624800.000000
65.104167	-0.023794	625000.000000
65.208333	-0.025752	625200.000000
65.312500	-0.028381	625400.000000
65.416667	-0.031164	625600.000000
65.520833	-0.033380	625800.000000
65.625000	-0.033253	626000.000000
65.729167	-0.030896	626200.000000
65.833333	-0.026506	626400.000000
65.937500	-0.022392	626600.000000
66.041667	-0.020874	626800.000000
66.145833	-0.022740	627000.000000
66.250000	-0.026529	627200.000000
66.354167	-0.028997	627400.000000
66.458333	-0.027261	627600.000000
66.562500	-0.021673	627800.000000
66.666667	-0.014229	628000.000000
66.770833	-0.010492	628200.000000
66.875000	-0.012259	628400.000000
66.979167	-0.018707	628600.000000
67.083333	-0.026625	628800.000000
67.187500	-0.032371	629000.000000
67.291667	-0.034343	629200.000000
67.395833	-0.032468	629400.000000
67.500000	-0.028821	629600.000000
67.604167	-0.025240	629800.000000
67.708333	-0.023181	630000.000000
67.812500	-0.022848	630200.000000
67.916667	-0.023894	630400.000000
68.020833	-0.024470	630600.000000
68.125000	-0.022476	630800.000000
68.229167	-0.017952	631000.000000
68.333333	-0.011891	631200.000000
68.437500	-0.008142	631400.000000
68.541667	-0.009531	631600.000000
68.645833	-0.015134	631800.000000
68.750000	-0.022898	632000.000000
68.854167	-0.029547	632200.000000
68.958333	-0.032677	632400.000000
69.062500	-0.032635	632600.000000
69.166667	-0.030115	632800.000000
69.270833	-0.026064	633000.000000
69.375000	-0.022121	633200.000000
69.479167	-0.017366	633400.000000
69.583333	-0.012306	633600.000000
69.687500	-0.007794	633800.000000
69.791667	-0.005663	634000.000000
69.895833	-0.005835	634200.000000
70.000000	-0.007818	634400.000000
70.104167	-0.010474	634600.000000
70.208333	-0.013648	634800.000000
70.312500	-0.016228	635000.000000
70.416667	-0.018218	635200.000000
70.520833	-0.019449	635400.000000
70.625000	-0.019828	635600.000000
70.729167	-0.020016	635800.000000
70.833333	-0.021489	636000.000000
70.937500	-0.024712	636200.000000
71.041667	-0.029865	636400.000000
71.145833	-0.034536	636600.000000
71.250000	-0.036850	636800.000000
71.354167	-0.035508	637000.000000
71.458333	-0.032030	637200.000000
71.562500	-0.029013	637400.000000
71.666667	-0.028694	637600.000000
71.770833	-0.030842	637800.000000
71.875000	-0.034693	638000.000000
71.979167	-0.038267	638200.000000
72.083333	-0.039182	638400.000000
72.187500	-0.037080	638600.000000
72.291667	-0.033279	638800.000000
72.395833	-0.029119	639000.000000
72.500000	-0.027130	639200.000000
72.604167	-0.027814	639400.000000
72.708333	-0.031234	639600.000000
72.812500	-0.035295	639800.000000
72.916667	-0.037374	640000.000000
73.020833	-0.034981	640200.000000
73.125000	-0.028750	640400.000000
73.229167	-0.019795	640600.000000
73.333333	-0.012142	640800.000000
73.437500	-0.008071	641000.000000
73.541667	-0.007801	641200.000000
73.645833	-0.009854	641400.000000
73.750000	-0.012506	641600.000000
73.854167	-0.014288	641800.000000
73.958333	-0.014672	642000.000000
74.062500	-0.014989	642200.000000
74.166667	-0.016595	642400.000000
74.270833	-0.019991	642600.000000
74.375000	-0.024952	642800.000000
74.479167	-0.029115	643000.000000
74.583333	-0.030747	643200.000000
74.687500	-0.028621	643400.000000
74.791667	-0.023238	643600.000000
74.895833	-0.017281	643800.000000
75.000000	-0.013881	644000.000000
75.104167	-0.014284	644200.000000
75.208333	-0.017777	644400.000000
75.312500	-0.022883	644600.000000
75.416667	-0.026430	644800.000000
75.520833	-0.026614	645000.000000
75.625000	-0.024445	645200.000000
75.729167	-0.021131	645400.000000
75.833333	-0.018863	645600.000000
75.937500	-0.019282	645800.000000
76.041667	-0.021842	646000.000000
76.145833	-0.025471	646200.000000
76.250000	-0.027637	646400.000000
76.354167	-0.026140	646600.000000
76.458333	-0.021604	646800.000000
76.562500	-0.015488	647000.000000
76.666667	-0.011209	647200.000000
76.770833	-0.011362	647400.000000
76.875000	-0.015531	647600.000000
76.979167	-0.021123	647800.000000
77.083333	-0.025419	648000.000000
77.187500	-0.026449	648200.000000
77.291667	-0.024441	648400.000000
77.395833	-0.020970	648600.000000
77.500000	-0.018053	648800.000000
77.604167	-0.017299	649000.000000
77.708333	-0.020072	649200.000000
77.812500	-0.025549	649400.000000
77.916667	-0.031415	649600.000000
78.020833	-0.036610	649800.000000
78.125000	-0.038857	650000.000000
78.229167	-0.038019	650200.000000
78.333333	-0.035026	650400.000000
78.437500	-0.030755	650600.000000
78.541667	-0.027311	650800.000000
78.645833	-0.024845	651000.000000
78.750000	-0.023179	651200.000000
78.854167	-0.021734	651400.000000
78.958333	-0.020883	651600.000000
79.062500	-0.020253	651800.000000
79.166667	-0.020979	652000.000000
79.270833	-0.022984	652200.000000
79.375000	-0.025610	652400.000000
79.479167	-0.028399	652600.000000
79.583333	-0.030481	652800.000000
79.687500	-0.031475	653000.000000
79.791667	-0.031621	653200.000000
79.895833	-0.030934	653400.000000
80.000000	-0.030101	653600.000000
80.104167	-0.029386	653800.000000
80.208333	-0.028616	654000.000000
80.312500	-0.026920	654200.000000
80.416667	-0.025209	654400.000000
80.520833	-0.022991	654600.000000
80.625000	-0.021544	654800.000000
80.729167	-0.021135	655000.000000
80.833333	-0.021486	655200.000000
80.937500	-0.022283	655400.000000
81.041667	-0.023193	655600.000000
81.145833	-0.023858	655800.000000
81.250000	-0.024500	656000.000000
81.354167	-0.024257	656200.000000
81.458333	-0.023560	656400.000000
81.562500	-0.022263	656600.000000
81.666667	-0.021222	656800.000000
81.770833	-0.021259	657000.000000
81.875000	-0.021960	657200.000000
81.979167	-0.022920	657400.000000
82.083333	-0.023199	657600.000000
82.187500	-0.022892	657800.000000
82.291667	-0.022099	658000.000000
82.395833	-0.020687	658200.000000
82.500000	-0.019093	658400.000000
82.604167	-0.017038	658600.000000
82.708333	-0.014116	658800.000000
82.812500	-0.012212	659000.000000
82.916667	-0.011651	659200.000000
83.020833	-0.013606	659400.000000
83.125000	-0.016958	659600.000000
83.229167	-0.020655	659800.000000
83.333333	-0.022912	660000.000000
83.437500	-0.023840	660200.000000
83.541667	-0.023848	660400.000000
83.645833	-0.022581	660600.000000
83.750000	-0.020350	660800.000000
83.854167	-0.017272	661000.000000
83.958333	-0.014413	661200.000000
84.062500	-0.013205	661400.000000
84.166667	-0.013130	661600.000000
84.270833	-0.014304	661800.000000
84.375000	-0.015218	662000.000000
84.479167	-0.015177	662200.000000
84.583333	-0.014419	662400.000000
84.687500	-0.014355	662600.000000
84.791667	-0.015812	662800.000000
84.895833	-0.019241	663000.000000
85.000000	-0.023089	663200.000000
85.104167	-0.025992	663400.000000
85.208333	-0.026996	663600.000000
85.312500	-0.025787	663800.000000
85.416667	-0.022877	664000.000000
85.520833	-0.019529	664200.000000
85.625000	-0.016692	664400.000000
85.729167	-0.015013	664600.000000
85.833333	-0.015690	664800.000000
85.937500	-0.017393	665000.000000
86.041667	-0.019625	665200.000000
86.145833	-0.021422	665400.000000
86.250000	-0.021269	665600.000000
86.354167	-0.020636	665800.000000
86.458333	-0.020021	666000.000000
86.562500	-0.019854	666200.000000
86.666667	-0.020325	666400.000000
86.770833	-0.021431	666600.000000
86.875000	-0.022497	666800.000000
86.979167	-0.023028	667000.000000
87.083333	-0.023346	667200.000000
87.187500	-0.023529	667400.000000
87.291667	-0.024107	667600.000000
87.395833	-0.024649	667800.000000
87.500000	-0.024468	668000.000000
87.604167	-0.023236	668200.000000
87.708333	-0.021159	668400.000000
87.812500	-0.019115	668600.000000
87.916667	-0.017389	668800.000000
88.020833	-0.016506	669000.000000
88.125000	-0.016232	669200.000000
88.229167	-0.016963	669400.000000
88.333333	-0.017974	669600.000000
88.437500	-0.019599	669800.000000
88.541667	-0.021789	670000.000000
88.645833	-0.023970	670200.000000
88.750000	-0.025797	670400.000000
88.854167	-0.026455	670600.000000
88.958333	-0.026377	670800.000000
89.062500	-0.025959	671000.000000
89.166667	-0.025160	671200.000000
89.270833	-0.023735	671400.000000
89.375000	-0.021828	671600.000000
89.479167	-0.019871	671800.000000
89.583333	-0.018213	672000.000000
89.687500	-0.017081	672200.000000
89.791667	-0.017014	672400.000000
89.895833	-0.017982	672600.000000
90.000000	-0.019613	672800.000000
90.104167	-0.022032	673000.000000
90.208333	-0.024514	673200.000000
90.312500	-0.026568	673400.000000
90.416667	-0.028079	673600.000000
90.520833	-0.028505	673800.000000
90.625000	-0.027448	674000.000000
90.729167	-0.025899	674200.000000
90.833333	-0.023948	674400.000000
90.937500	-0.022555	674600.000000
91.041667	-0.022009	674800.000000
91.145833	-0.022399	675000.000000
91.250000	-0.023361	675200.000000
91.354167	-0.024744	675400.000000
91.458333	-0.025833	675600.000000
91.562500	-0.025885	675800.000000
91.666667	-0.024894	676000.000000
91.770833	-0.023020	676200.000000
91.875000	-0.021395	676400.000000
91.979167	-0.020492	676600.000000
92.083333	-0.021142	676800.000000
92.187500	-0.022936	677000.000000
92.291667	-0.024954	677200.000000
92.395833	-0.026418	677400.000000
92.500000	-0.026508	677600.000000
92.604167	-0.025139	677800.000000
92.708333	-0.023282	678000.000000
92.812500	-0.021547	678200.000000
92.916667	-0.020274	678400.000000
93.020833	-0.019939	678600.000000
93.125000	-0.020214	678800.000000
93.229167	-0.021094	679000.000000
93.333333	-0.021161	679200.000000
93.437500	-0.020732	679400.000000
93.541667	-0.019811	679600.000000
93.645833	-0.019269	679800.000000
93.750000	-0.019809	680000.000000
93.854167	-0.021120	680200.000000
93.958333	-0.023546	680400.000000
94.062500	-0.026938	680600.000000
94.166667	-0.029836	680800.000000
94.270833	-0.031593	681000.000000
94.375000	-0.031609	681200.000000
94.479167	-0.029414	681400.000000
94.583333	-0.025702	681600.000000
94.687500	-0.021711	681800.000000
94.791667	-0.018993	682000.000000
94.895833	-0.018392	682200.000000
95.000000	-0.019755	682400.000000
95.104167	-0.021604	682600.000000
95.208333	-0.023039	682800.000000
95.312500	-0.023799	683000.000000
95.416667	-0.023808	683200.000000
95.520833	-0.024022	683400.000000
95.625000	-0.024753	683600.000000
95.729167	-0.025659	683800.000000
95.833333	-0.026742	684000.000000
95.937500	-0.027342	684200.000000
96.041667	-0.027058	684400.000000
96.145833	-0.025978	684600.000000
96.250000	-0.024488	684800.000000
96.354167	-0.023049	685000.000000
96.458333	-0.022227	685200.000000
96.562500	-0.022162	685400.000000
96.666667	-0.022300	685600.000000
96.770833	-0.022577	685800.000000
96.875000	-0.022294	686000.000000
96.979167	-0.021592	686200.000000
97.083333	-0.020525	686400.000000
97.187500	-0.019121	686600.000000
97.291667	-0.018346	686800.000000
97.395833	-0.018057	687000.000000
97.500000	-0.018639	687200.000000
97.604167	-0.020286	687400.000000
97.708333	-0.022058	687600.000000
97.812500	-0.023609	687800.000000
97.916667	-0.024826	688000.000000
98.020833	-0.024944	688200.000000
98.125000	-0.024578	688400.000000
98.229167	-0.023883	688600.000000
98.333333	-0.023421	688800.000000
98.437500	-0.023449	689000.000000
98.541667	-0.024309	689200.000000
98.645833	-0.025017	689400.000000
98.750000	-0.024338	689600.000000
98.854167	-0.022459	689800.000000
98.958333	-0.020221	690000.000000
99.062500	-0.018920	690200.000000
99.166667	-0.019674	690400.000000
99.270833	-0.022319	690600.000000
99.375000	-0.025702	690800.000000
99.479167	-0.028584	691000.000000
99.583333	-0.029566	691200.000000
99.687500	-0.028263	691400.000000
99.791667	-0.025604	691600.000000
99.895833	-0.022381	691800.000000
100.000000	-0.019787	692000.000000
100.104167	-0.019145	692200.000000
100.208333	-0.019640	692400.000000
100.312500	-0.021098	692600.000000
100.416667	-0.022738	692800.000000
100.520833	-0.023172	693000.000000
100.625000	-0.022840	693200.000000
100.729167	-0.021976	693400.000000
100.833333	-0.020761	693600.000000
100.937500	-0.020592	693800.000000
101.041667	-0.021086	694000.000000
101.145833	-0.022420	694200.000000
101.250000	-0.023692	694400.000000
101.354167	-0.024453	694600.000000
101.458333	-0.024074	694800.000000
101.562500	-0.022860	695000.000000
101.666667	-0.021426	695200.000000
101.770833	-0.020718	695400.000000
101.875000	-0.021077	695600.000000
101.979167	-0.022109	695800.000000
102.083333	-0.023551	696000.000000
102.187500	-0.025068	696200.000000
102.291667	-0.025635	696400.000000
102.395833	-0.025171	696600.000000
102.500000	-0.023826	696800.000000
102.604167	-0.022281	697000.000000
102.708333	-0.021792	697200.000000
102.812500	-0.022189	697400.000000
102.916667	-0.023258	697600.000000
103.020833	-0.024697	697800.000000
103.125000	-0.026456	698000.000000
103.229167	-0.027803	698200.000000
103.333333	-0.028675	698400.000000
103.437500	-0.028928	698600.000000
103.541667	-0.028691	698800.000000
103.645833	-0.027317	699000.000000
103.750000	-0.025252	699200.000000
103.854167	-0.023472	699400.000000
103.958333	-0.021800	699600.000000
104.062500	-0.021217	699800.000000
104.166667	-0.021583	700000.000000
104.270833	-0.022581	700200.000000
104.375000	-0.023326	700400.000000
104.479167	-0.023798	700600.000000
104.583333	-0.023712	700800.000000
104.687500	-0.023794	701000.000000
104.791667	-0.024156	701200.000000
104.895833	-0.025047	701400.000000
105.000000	-0.025867	701600.000000
105.104167	-0.026087	701800.000000
105.208333	-0.024969	702000.000000
105.312500	-0.023161	702200.000000
105.416667	-0.020896	702400.000000
105.520833	-0.019223	702600.000000
105.625000	-0.018772	702800.000000
105.729167	-0.019206	703000.000000
105.833333	-0.020201	703200.000000
105.937500	-0.021058	703400.000000
106.041667	-0.022303	703600.000000
106.145833	-0.022943	703800.000000
106.250000	-0.023249	704000.000000
106.354167	-0.022890	704200.000000
106.458333	-0.022658	704400.000000
106.562500	-0.022768	704600.000000
106.666667	-0.023258	704800.000000
106.770833	-0.024364	705000.000000
106.875000	-0.024783	705200.000000
106.979167	-0.024449	705400.000000
107.083333	-0.023172	705600.000000
107.187500	-0.021122	705800.000000
107.291667	-0.020069	706000.000000
107.395833	-0.019688	706200.000000
107.500000	-0.019916	706400.000000
107.604167	-0.021261	706600.000000
107.708333	-0.022227	706800.000000
107.812500	-0.022296	707000.000000
107.916667	-0.021316	707200.000000
108.020833	-0.019228	707400.000000
108.125000	-0.017172	707600.000000
108.229167	-0.016829	707800.000000
108.333333	-0.018184	708000.000000
108.437500	-0.021221	708200.000000
108.541667	-0.025169	708400.000000
108.645833	-0.027531	708600.000000
108.750000	-0.027737	708800.000000
108.854167	-0.025704	709000.000000
108.958333	-0.022706	709200.000000
109.062500	-0.020660	709400.000000
109.166667	-0.020386	709600.000000
109.270833	-0.021722	709800.000000
109.375000	-0.023781	710000.000000
109.479167	-0.025408	710200.000000
109.583333	-0.025792	710400.000000
109.687500	-0.024954	710600.000000
109.791667	-0.023747	710800.000000
109.895833	-0.022645	711000.000000
110.000000	-0.022623	711200.000000
110.104167	-0.023834	711400.000000
110.208333	-0.025451	711600.000000
110.312500	-0.027078	711800.000000
110.416667	-0.027558	712000.000000
110.520833	-0.026435	712200.000000
110.625000	-0.023802	712400.000000
110.729167	-0.021091	712600.000000
110.833333	-0.018665	712800.000000
110.937500	-0.017782	713000.000000
111.041667	-0.017925	713200.000000
111.145833	-0.019389	713400.000000
111.250000	-0.021013	713600.000000
111.354167	-0.022373	713800.000000
111.458333	-0.023190	714000.000000
111.562500	-0.023155	714200.000000
111.666667	-0.022310	714400.000000
111.770833	-0.021648	714600.000000
111.875000	-0.021749	714800.000000
111.979167	-0.022172	715000.000000
112.083333	-0.023101	715200.000000
112.187500	-0.023983	715400.000000
112.291667	-0.024010	715600.000000
112.395833	-0.023551	715800.000000
112.500000	-0.022876	716000.000000
112.604167	-0.022401	716200.000000
112.708333	-0.022338	716400.000000
112.812500	-0.022686	716600.000000
112.916667	-0.022486	716800.000000
113.020833	-0.022173	717000.000000
113.125000	-0.021635	717200.000000
113.229167	-0.020853	717400.000000
113.333333	-0.020348	717600.000000
113.437500	-0.019812	717800.000000
113.541667	-0.019531	718000.000000
113.645833	-0.019530	718200.000000
113.750000	-0.019967	718400.000000
113.854167	-0.020994	718600.000000
113.958333	-0.022037	718800.000000
114.062500	-0.022989	719000.000000
114.166667	-0.023092	719200.000000
114.270833	-0.022589	719400.000000
114.375000	-0.021152	719600.000000
114.479167	-0.019563	719800.000000
114.583333	-0.018419	720000.000000
114.687500	-0.018028	720200.000000
114.791667	-0.018435	720400.000000
114.895833	-0.019899	720600.000000
115.000000	-0.021021	720800.000000
115.104167	-0.021624	721000.000000
115.208333	-0.021943	721200.000000
115.312500	-0.022066	721400.000000
115.416667	-0.023043	721600.000000
115.520833	-0.024539	721800.000000
115.625000	-0.025756	722000.000000
115.729167	-0.026300	722200.000000
115.833333	-0.026198	722400.000000
115.937500	-0.024871	722600.000000
116.041667	-0.023321	722800.000000
116.145833	-0.021697	723000.000000
116.250000	-0.020684	723200.000000
116.354167	-0.020492	723400.000000
116.458333	-0.020802	723600.000000
116.562500	-0.021216	723800.000000
116.666667	-0.021793	724000.000000
116.770833	-0.021845	724200.000000
116.875000	-0.021292	724400.000000
116.979167	-0.020278	724600.000000
117.083333	-0.018832	724800.000000
117.187500	-0.017752	725000.000000
117.291667	-0.017146	725200.000000
117.395833	-0.017277	725400.000000
117.500000	-0.018320	725600.000000
117.604167	-0.019369	725800.000000
117.708333	-0.019880	726000.000000
117.812500	-0.019974	726200.000000
117.916667	-0.019905	726400.000000
118.020833	-0.020023	726600.000000
118.125000	-0.020722	726800.000000
118.229167	-0.022718	727000.000000
118.333333	-0.025230	727200.000000
118.437500	-0.027585	727400.000000
118.541667	-0.029065	727600.000000
118.645833	-0.028915	727800.000000
118.750000	-0.027897	728000.000000
118.854167	-0.026680	728200.000000
118.958333	-0.025953	728400.000000
119.062500	-0.026152	728600.000000
119.166667	-0.027092	728800.000000
119.270833	-0.028423	729000.000000
119.375000	-0.029098	729200.000000
119.479167	-0.029331	729400.000000
119.583333	-0.028853	729600.000000
119.687500	-0.027726	729800.000000
119.791667	-0.026225	730000.000000
119.895833	-0.024230	730200.000000
120.000000	-0.022814	730400.000000
120.104167	-0.021197	730600.000000
120.208333	-0.019725	730800.000000
120.312500	-0.019382	731000.000000
120.416667	-0.019762	731200.000000
120.520833	-0.020915	731400.000000
120.625000	-0.022209	731600.000000
120.729167	-0.023250	731800.000000
120.833333	-0.023299	732000.000000
120.937500	-0.022713	732200.000000
121.041667	-0.022049	732400.000000
121.145833	-0.021704	732600.000000
121.250000	-0.021892	732800.000000
121.354167	-0.022339	733000.000000
121.458333	-0.023323	733200.000000
121.562500	-0.024060	733400.000000
121.666667	-0.024549	733600.000000
121.770833	-0.024664	733800.000000
121.875000	-0.024106	734000.000000
121.979167	-0.023190	734200.000000
122.083333	-0.022567	734400.000000
122.187500	-0.022529	734600.000000
122.291667	-0.022611	734800.000000
122.395833	-0.022772	735000.000000
122.500000	-0.022552	735200.000000
122.604167	-0.022167	735400.000000
122.708333	-0.021634	735600.000000
122.812500	-0.021522	735800.000000
122.916667	-0.021725	736000.000000
123.020833	-0.022423	736200.000000
123.125000	-0.023404	736400.000000
123.229167	-0.024099	736600.000000
123.333333	-0.023966	736800.000000
123.437500	-0.023363	737000.000000
123.541667	-0.022324	737200.000000
123.645833	-0.021296	737400.000000
123.750000	-0.020572	737600.000000
123.854167	-0.020320	737800.000000
123.958333	-0.021026	738000.000000
124.062500	-0.021584	738200.000000
124.166667	-0.022352	738400.000000
124.270833	-0.022719	738600.000000
124.375000	-0.022653	738800.000000
124.479167	-0.022371	739000.000000
124.583333	-0.022493	739200.000000
124.687500	-0.023314	739400.000000
124.791667	-0.024747	739600.000000
124.895833	-0.025942	739800.000000
125.000000	-0.026319	740000.000000
125.104167	-0.025397	740200.000000
125.208333	-0.024073	740400.000000
125.312500	-0.022432	740600.000000
125.416667	-0.021840	740800.000000
125.520833	-0.022331	741000.000000
125.625000	-0.023701	741200.000000
125.729167	-0.025668	741400.000000
125.833333	-0.027075	741600.000000
125.937500	-0.027632	741800.000000
126.041667	-0.027601	742000.000000
126.145833	-0.026987	742200.000000
126.250000	-0.026165	742400.000000
126.354167	-0.025778	742600.000000
126.458333	-0.025970	742800.000000
126.562500	-0.026801	743000.000000
126.666667	-0.027468	743200.000000
126.770833	-0.027814	743400.000000
126.875000	-0.027207	743600.000000
126.979167	-0.025866	743800.000000
127.083333	-0.024355	744000.000000
127.187500	-0.023196	744200.000000
127.291667	-0.023072	744400.000000
127.395833	-0.023363	744600.000000
127.500000	-0.024199	744800.000000
127.604167	-0.025148	745000.000000
127.708333	-0.025350	745200.000000
127.812500	-0.024611	745400.000000
127.916667	-0.023177	745600.000000
128.020833	-0.021790	745800.000000
128.125000	-0.021219	746000.000000
128.229167	-0.021742	746200.000000
128.333333	-0.022949	746400.000000
128.437500	-0.024258	746600.000000
128.541667	-0.024567	746800.000000
128.645833	-0.023655	747000.000000
128.750000	-0.022402	747200.000000
128.854167	-0.021086	747400.000000
128.958333	-0.019923	747600.000000
129.062500	-0.019582	747800.000000
129.166667	-0.019613	748000.000000
129.270833	-0.020155	748200.000000
129.375000	-0.020920	748400.000000
129.479167	-0.022263	748600.000000
129.583333	-0.023236	748800.000000
129.687500	-0.024637	749000.000000
129.791667	-0.025979	749200.000000
129.895833	-0.026828	749400.000000
130.000000	-0.027422	749600.000000
130.104167	-0.028174	749800.000000
130.208333	-0.028250	750000.000000
