0.000000	-0.022793	550000.000000
0.104167	-0.022891	550200.000000
0.208333	-0.022861	550400.000000
0.312500	-0.022991	550600.000000
0.416667	-0.023034	550800.000000
0.520833	-0.023069	551000.000000
0.625000	-0.023263	551200.000000
0.729167	-0.023291	551400.000000
0.833333	-0.023315	551600.000000
0.937500	-0.023213	551800.000000
1.041667	-0.023480	552000.000000
1.145833	-0.023442	552200.000000
1.250000	-0.023445	552400.000000
1.354167	-0.023213	552600.000000
1.458333	-0.023370	552800.000000
1.562500	-0.023367	553000.000000
1.666667	-0.023347	553200.000000
1.770833	-0.023304	553400.000000
1.875000	-0.023416	553600.000000
1.979167	-0.023451	553800.000000
2.083333	-0.023209	554000.000000
2.187500	-0.023207	554200.000000
2.291667	-0.023187	554400.000000
2.395833	-0.023140	554600.000000
2.500000	-0.023241	554800.000000
2.604167	-0.023153	555000.000000
2.708333	-0.023327	555200.000000
2.812500	-0.023141	555400.000000
2.916667	-0.023177	555600.000000
3.020833	-0.023113	555800.000000
3.125000	-0.023086	556000.000000
3.229167	-0.023081	556200.000000
3.333333	-0.023101	556400.000000
3.437500	-0.023291	556600.000000
3.541667	-0.023333	556800.000000
3.645833	-0.023417	557000.000000
3.750000	-0.023157	557200.000000
3.854167	-0.023241	557400.000000
3.958333	-0.023195	557600.000000
4.062500	-0.023482	557800.000000
4.166667	-0.023344	558000.000000
4.270833	-0.023392	558200.000000
4.375000	-0.023414	558400.000000
4.479167	-0.023304	558600.000000
4.583333	-0.023025	558800.000000
4.687500	-0.023213	559000.000000
4.791667	-0.023441	559200.000000
4.895833	-0.023283	559400.000000
5.000000	-0.023571	559600.000000
5.104167	-0.023320	559800.000000
5.208333	-0.023372	560000.000000
5.312500	-0.023129	560200.000000
5.416667	-0.023209	560400.000000
5.520833	-0.023291	560600.000000
5.625000	-0.023191	560800.000000
5.729167	-0.022953	561000.000000
5.833333	-0.023038	561200.000000
5.937500	-0.023065	561400.000000
6.041667	-0.023029	561600.000000
6.145833	-0.022982	561800.000000
6.250000	-0.022964	562000.000000
6.354167	-0.023029	562200.000000
6.458333	-0.022902	562400.000000
6.562500	-0.022975	562600.000000
6.666667	-0.022877	562800.000000
6.770833	-0.022955	563000.000000
6.875000	-0.023036	563200.000000
6.979167	-0.023107	563400.000000
7.083333	-0.023274	563600.000000
7.187500	-0.023074	563800.000000
7.291667	-0.023035	564000.000000
7.395833	-0.023185	564200.000000
7.500000	-0.023189	564400.000000
7.604167	-0.023152	564600.000000
7.708333	-0.023365	564800.000000
7.812500	-0.023078	565000.000000
7.916667	-0.023247	565200.000000
8.020833	-0.023233	565400.000000
8.125000	-0.023134	565600.000000
8.229167	-0.023190	565800.000000
8.333333	-0.023336	566000.000000
8.437500	-0.023330	566200.000000
8.541667	-0.023373	566400.000000
8.645833	-0.023529	566600.000000
8.750000	-0.023356	566800.000000
8.854167	-0.023267	567000.000000
8.958333	-0.023327	567200.000000
9.062500	-0.023258	567400.000000
9.166667	-0.023406	567600.000000
9.270833	-0.023260	567800.000000
9.375000	-0.023195	568000.000000
9.479167	-0.023315	568200.000000
9.583333	-0.023346	568400.000000
9.687500	-0.023281	568600.000000
9.791667	-0.023344	568800.000000
9.895833	-0.023249	569000.000000
10.000000	-0.023112	569200.000000
10.104167	-0.023360	569400.000000
10.208333	-0.023291	569600.000000
10.312500	-0.023354	569800.000000
10.416667	-0.023350	570000.000000
10.520833	-0.023516	570200.000000
10.625000	-0.023365	570400.000000
10.729167	-0.023194	570600.000000
10.833333	-0.023292	570800.000000
10.937500	-0.023241	571000.000000
11.041667	-0.023101	571200.000000
11.145833	-0.023248	571400.000000
11.250000	-0.023290	571600.000000
11.354167	-0.023264	571800.000000
11.458333	-0.023464	572000.000000
11.562500	-0.023310	572200.000000
11.666667	-0.023290	572400.000000
11.770833	-0.023151	572600.000000
11.875000	-0.023167	572800.000000
11.979167	-0.023382	573000.000000
12.083333	-0.023310	573200.000000
12.187500	-0.023316	573400.000000
12.291667	-0.023388	573600.000000
12.395833	-0.023246	573800.000000
12.500000	-0.023314	574000.000000
12.604167	-0.023199	574200.000000
12.708333	-0.023356	574400.000000
12.812500	-0.023351	574600.000000
12.916667	-0.023167	574800.000000
13.020833	-0.023251	575000.000000
13.125000	-0.023202	575200.000000
13.229167	-0.023130	575400.000000
13.333333	-0.023359	575600.000000
13.437500	-0.023179	575800.000000
13.541667	-0.023157	576000.000000
13.645833	-0.023284	576200.000000
13.750000	-0.023354	576400.000000
13.854167	-0.023249	576600.000000
13.958333	-0.023320	576800.000000
14.062500	-0.023289	577000.000000
14.166667	-0.023271	577200.000000
14.270833	-0.023411	577400.000000
14.375000	-0.023294	577600.000000
14.479167	-0.023165	577800.000000
14.583333	-0.023220	578000.000000
14.687500	-0.023292	578200.000000
14.791667	-0.023293	578400.000000
14.895833	-0.023146	578600.000000
15.000000	-0.023195	578800.000000
15.104167	-0.023148	579000.000000
15.208333	-0.023224	579200.000000
15.312500	-0.023229	579400.000000
15.416667	-0.023241	579600.000000
15.520833	-0.023282	579800.000000
15.625000	-0.023269	580000.000000
15.729167	-0.023325	580200.000000
15.833333	-0.023213	580400.000000
15.937500	-0.023326	580600.000000
16.041667	-0.023214	580800.000000
16.145833	-0.023203	581000.000000
16.250000	-0.023410	581200.000000
16.354167	-0.023574	581400.000000
16.458333	-0.023301	581600.000000
16.562500	-0.023294	581800.000000
16.666667	-0.023451	582000.000000
16.770833	-0.023340	582200.000000
16.875000	-0.023519	582400.000000
16.979167	-0.023380	582600.000000
17.083333	-0.023438	582800.000000
17.187500	-0.023619	583000.000000
17.291667	-0.023391	583200.000000
17.395833	-0.023142	583400.000000
17.500000	-0.023336	583600.000000
17.604167	-0.023180	583800.000000
17.708333	-0.023176	584000.000000
17.812500	-0.023281	584200.000000
17.916667	-0.023375	584400.000000
18.020833	-0.023295	584600.000000
18.125000	-0.023218	584800.000000
18.229167	-0.023418	585000.000000
18.333333	-0.023214	585200.000000
18.437500	-0.023190	585400.000000
18.541667	-0.023247	585600.000000
18.645833	-0.023157	585800.000000
18.750000	-0.023301	586000.000000
18.854167	-0.023093	586200.000000
18.958333	-0.023328	586400.000000
19.062500	-0.023321	586600.000000
19.166667	-0.023357	586800.000000
19.270833	-0.023213	587000.000000
19.375000	-0.023138	587200.000000
19.479167	-0.023135	587400.000000
19.583333	-0.023180	587600.000000
19.687500	-0.023216	587800.000000
19.791667	-0.023207	588000.000000
19.895833	-0.023167	588200.000000
20.000000	-0.023301	588400.000000
20.104167	-0.023140	588600.000000
20.208333	-0.023179	588800.000000
20.312500	-0.023009	589000.000000
20.416667	-0.022993	589200.000000
20.520833	-0.022951	589400.000000
20.625000	-0.023038	589600.000000
20.729167	-0.023078	589800.000000
20.833333	-0.023103	590000.000000
20.937500	-0.022912	590200.000000
21.041667	-0.022917	590400.000000
21.145833	-0.022850	590600.000000
21.250000	-0.022859	590800.000000
21.354167	-0.022935	591000.000000
21.458333	-0.022632	591200.000000
21.562500	-0.022574	591400.000000
21.666667	-0.022660	591600.000000
21.770833	-0.022779	591800.000000
21.875000	-0.022464	592000.000000
21.979167	-0.022314	592200.000000
22.083333	-0.022327	592400.000000
22.187500	-0.022151	592600.000000
22.291667	-0.022078	592800.000000
22.395833	-0.022124	593000.000000
22.500000	-0.022004	593200.000000
22.604167	-0.021696	593400.000000
22.708333	-0.021727	593600.000000
22.812500	-0.021414	593800.000000
22.916667	-0.021622	594000.000000
23.020833	-0.021545	594200.000000
23.125000	-0.021192	594400.000000
23.229167	-0.021199	594600.000000
23.333333	-0.021046	594800.000000
23.437500	-0.020733	595000.000000
23.541667	-0.020513	595200.000000
23.645833	-0.020597	595400.000000
23.750000	-0.020527	595600.000000
23.854167	-0.020924	595800.000000
23.958333	-0.022188	596000.000000
24.062500	-0.024898	596200.000000
24.166667	-0.029606	596400.000000
24.270833	-0.036664	596600.000000
24.375000	-0.044297	596800.000000
24.479167	-0.049725	597000.000000
24.583333	-0.051678	597200.000000
24.687500	-0.048839	597400.000000
24.791667	-0.042083	597600.000000
24.895833	-0.033690	597800.000000
25.000000	-0.025660	598000.000000
25.104167	-0.018970	598200.000000
25.208333	-0.015002	598400.000000
25.312500	-0.012920	598600.000000
25.416667	-0.012479	598800.000000
25.520833	-0.012449	599000.000000
25.625000	-0.013191	599200.000000
25.729167	-0.014043	599400.000000
25.833333	-0.015343	599600.000000
25.937500	-0.016094	599800.000000
26.041667	-0.016511	600000.000000
26.145833	-0.016610	600200.000000
26.250000	-0.016932	600400.000000
26.354167	-0.017666	600600.000000
26.458333	-0.018848	600800.000000
26.562500	-0.020419	601000.000000
26.666667	-0.021476	601200.000000
26.770833	-0.022172	601400.000000
26.875000	-0.022186	601600.000000
26.979167	-0.022197	601800.000000
27.083333	-0.022125	602000.000000
27.187500	-0.022188	602200.000000
27.291667	-0.022232	602400.000000
27.395833	-0.022593	602600.000000
27.500000	-0.023361	602800.000000
27.604167	-0.023551	603000.000000
27.708333	-0.023944	603200.000000
27.812500	-0.023700	603400.000000
27.916667	-0.023071	603600.000000
28.020833	-0.022489	603800.000000
28.125000	-0.022229	604000.000000
28.229167	-0.022507	604200.000000
28.333333	-0.023093	604400.000000
28.437500	-0.023515	604600.000000
28.541667	-0.023585	604800.000000
28.645833	-0.023605	605000.000000
28.750000	-0.023400	605200.000000
28.854167	-0.023331	605400.000000
28.958333	-0.023638	605600.000000
29.062500	-0.023768	605800.000000
29.166667	-0.023926	606000.000000
29.270833	-0.023855	606200.000000
29.375000	-0.023760	606400.000000
29.479167	-0.023647	606600.000000
29.583333	-0.023134	606800.000000
29.687500	-0.022726	607000.000000
29.791667	-0.022457	607200.000000
29.895833	-0.022304	607400.000000
30.000000	-0.022228	607600.000000
30.104167	-0.022457	607800.000000
30.208333	-0.022926	608000.000000
30.312500	-0.023254	608200.000000
30.416667	-0.023468	608400.000000
30.520833	-0.023247	608600.000000
30.625000	-0.023714	608800.000000
30.729167	-0.023705	609000.000000
30.833333	-0.023291	609200.000000
30.937500	-0.023130	609400.000000
31.041667	-0.023241	609600.000000
31.145833	-0.023217	609800.000000
31.250000	-0.023282	610000.000000
31.354167	-0.023217	610200.000000
31.458333	-0.023250	610400.000000
31.562500	-0.023116	610600.000000
31.666667	-0.023199	610800.000000
31.770833	-0.022955	611000.000000
31.875000	-0.023116	611200.000000
31.979167	-0.023417	611400.000000
32.083333	-0.023699	611600.000000
32.187500	-0.024123	611800.000000
32.291667	-0.024025	612000.000000
32.395833	-0.023881	612200.000000
32.500000	-0.024064	612400.000000
32.604167	-0.023953	612600.000000
32.708333	-0.023843	612800.000000
32.812500	-0.024055	613000.000000
32.916667	-0.024018	613200.000000
33.020833	-0.023793	613400.000000
33.125000	-0.023736	613600.000000
33.229167	-0.023703	613800.000000
33.333333	-0.023430	614000.000000
33.437500	-0.022959	614200.000000
33.541667	-0.022958	614400.000000
33.645833	-0.022167	614600.000000
33.750000	-0.022173	614800.000000
33.854167	-0.022532	615000.000000
33.958333	-0.022862	615200.000000
34.062500	-0.023319	615400.000000
34.166667	-0.023712	615600.000000
34.270833	-0.023861	615800.000000
34.375000	-0.023648	616000.000000
34.479167	-0.023520	616200.000000
34.583333	-0.023425	616400.000000
34.687500	-0.023210	616600.000000
34.791667	-0.023109	616800.000000
34.895833	-0.023202	617000.000000
35.000000	-0.023206	617200.000000
35.104167	-0.023036	617400.000000
35.208333	-0.022988	617600.000000
35.312500	-0.022851	617800.000000
35.416667	-0.022798	618000.000000
35.520833	-0.022958	618200.000000
35.625000	-0.022929	618400.000000
35.729167	-0.023042	618600.000000
35.833333	-0.023583	618800.000000
35.937500	-0.023687	619000.000000
36.041667	-0.024001	619200.000000
36.145833	-0.024147	619400.000000
36.250000	-0.023852	619600.000000
36.354167	-0.023574	619800.000000
36.458333	-0.023362	620000.000000
36.562500	-0.023162	620200.000000
36.666667	-0.023069	620400.000000
36.770833	-0.023151	620600.000000
36.875000	-0.023436	620800.000000
36.979167	-0.023802	621000.000000
37.083333	-0.023817	621200.000000
37.187500	-0.023355	621400.000000
37.291667	-0.023028	621600.000000
37.395833	-0.023239	621800.000000
37.500000	-0.023235	622000.000000
37.604167	-0.023495	622200.000000
37.708333	-0.023764	622400.000000
37.812500	-0.023875	622600.000000
37.916667	-0.024074	622800.000000
38.020833	-0.023999	623000.000000
38.125000	-0.023690	623200.000000
38.229167	-0.023514	623400.000000
38.333333	-0.023434	623600.000000
38.437500	-0.023622	623800.000000
38.541667	-0.023628	624000.000000
38.645833	-0.023849	624200.000000
38.750000	-0.023758	624400.000000
38.854167	-0.023381	624600.000000
38.958333	-0.023155	624800.000000
39.062500	-0.022906	625000.000000
39.166667	-0.022817	625200.000000
39.270833	-0.023109	625400.000000
39.375000	-0.023413	625600.000000
39.479167	-0.023740	625800.000000
39.583333	-0.024108	626000.000000
39.687500	-0.024323	626200.000000
39.791667	-0.024057	626400.000000
39.895833	-0.023600	626600.000000
40.000000	-0.023339	626800.000000
40.104167	-0.023070	627000.000000
40.208333	-0.023121	627200.000000
40.312500	-0.023164	627400.000000
40.416667	-0.023231	627600.000000
40.520833	-0.023253	627800.000000
40.625000	-0.023061	628000.000000
40.729167	-0.022609	628200.000000
40.833333	-0.022359	628400.000000
40.937500	-0.022524	628600.000000
41.041667	-0.022770	628800.000000
41.145833	-0.023471	629000.000000
41.250000	-0.023976	629200.000000
41.354167	-0.024092	629400.000000
41.458333	-0.023829	629600.000000
41.562500	-0.023618	629800.000000
41.666667	-0.023133	630000.000000
41.770833	-0.022902	630200.000000
41.875000	-0.022862	630400.000000
41.979167	-0.022861	630600.000000
42.083333	-0.023106	630800.000000
42.187500	-0.023462	631000.000000
42.291667	-0.023362	631200.000000
42.395833	-0.023131	631400.000000
42.500000	-0.023173	631600.000000
42.604167	-0.022845	631800.000000
42.708333	-0.022633	632000.000000
42.812500	-0.022777	632200.000000
42.916667	-0.023093	632400.000000
43.020833	-0.023350	632600.000000
43.125000	-0.023510	632800.000000
43.229167	-0.023418	633000.000000
43.333333	-0.023607	633200.000000
43.437500	-0.023385	633400.000000
43.541667	-0.023212	633600.000000
43.645833	-0.023159	633800.000000
43.750000	-0.023334	634000.000000
43.854167	-0.023413	634200.000000
43.958333	-0.023151	634400.000000
44.062500	-0.023150	634600.000000
44.166667	-0.022764	634800.000000
44.270833	-0.022502	635000.000000
44.375000	-0.022400	635200.000000
44.479167	-0.022390	635400.000000
44.583333	-0.022487	635600.000000
44.687500	-0.022700	635800.000000
44.791667	-0.023078	636000.000000
44.895833	-0.023331	636200.000000
45.000000	-0.023566	636400.000000
45.104167	-0.023604	636600.000000
45.208333	-0.023660	636800.000000
45.312500	-0.023445	637000.000000
45.416667	-0.023590	637200.000000
45.520833	-0.023185	637400.000000
45.625000	-0.023074	637600.000000
45.729167	-0.022945	637800.000000
45.833333	-0.022593	638000.000000
45.937500	-0.022617	638200.000000
46.041667	-0.022525	638400.000000
46.145833	-0.022544	638600.000000
46.250000	-0.022818	638800.000000
46.354167	-0.023013	639000.000000
46.458333	-0.023060	639200.000000
46.562500	-0.023304	639400.000000
46.666667	-0.023257	639600.000000
46.770833	-0.023161	639800.000000
46.875000	-0.023201	640000.000000
46.979167	-0.023378	640200.000000
47.083333	-0.023093	640400.000000
47.187500	-0.023283	640600.000000
47.291667	-0.023313	640800.000000
47.395833	-0.023224	641000.000000
47.500000	-0.023178	641200.000000
47.604167	-0.023248	641400.000000
47.708333	-0.023007	641600.000000
47.812500	-0.023020	641800.000000
47.916667	-0.022981	642000.000000
48.020833	-0.022990	642200.000000
48.125000	-0.023060	642400.000000
48.229167	-0.023110	642600.000000
48.333333	-0.023120	642800.000000
48.437500	-0.023071	643000.000000
48.541667	-0.023052	643200.000000
48.645833	-0.023176	643400.000000
48.750000	-0.023380	643600.000000
48.854167	-0.023204	643800.000000
48.958333	-0.023495	644000.000000
49.062500	-0.023496	644200.000000
49.166667	-0.023248	644400.000000
49.270833	-0.023337	644600.000000
49.375000	-0.022913	644800.000000
49.479167	-0.022716	645000.000000
49.583333	-0.022864	645200.000000
49.687500	-0.022783	645400.000000
49.791667	-0.022831	645600.000000
49.895833	-0.023005	645800.000000
50.000000	-0.022840	646000.000000
50.104167	-0.023055	646200.000000
50.208333	-0.023109	646400.000000
50.312500	-0.023350	646600.000000
50.416667	-0.023598	646800.000000
50.520833	-0.023790	647000.000000
50.625000	-0.023941	647200.000000
50.729167	-0.023587	647400.000000
50.833333	-0.023417	647600.000000
50.937500	-0.023169	647800.000000
51.041667	-0.023087	648000.000000
51.145833	-0.022669	648200.000000
51.250000	-0.022942	648400.000000
51.354167	-0.023046	648600.000000
51.458333	-0.023163	648800.000000
51.562500	-0.023307	649000.000000
51.666667	-0.023346	649200.000000
51.770833	-0.023642	649400.000000
51.875000	-0.023492	649600.000000
51.979167	-0.023222	649800.000000
52.083333	-0.023580	650000.000000
52.187500	-0.023522	650200.000000
52.291667	-0.023650	650400.000000
52.395833	-0.023670	650600.000000
52.500000	-0.023794	650800.000000
52.604167	-0.023581	651000.000000
52.708333	-0.023457	651200.000000
52.812500	-0.023032	651400.000000
52.916667	-0.023100	651600.000000
53.020833	-0.023202	651800.000000
53.125000	-0.023319	652000.000000
53.229167	-0.023141	652200.000000
53.333333	-0.023378	652400.000000
53.437500	-0.023471	652600.000000
53.541667	-0.023240	652800.000000
53.645833	-0.023064	653000.000000
53.750000	-0.023044	653200.000000
53.854167	-0.023235	653400.000000
53.958333	-0.023407	653600.000000
54.062500	-0.023713	653800.000000
54.166667	-0.023574	654000.000000
54.270833	-0.023716	654200.000000
54.375000	-0.023696	654400.000000
54.479167	-0.023639	654600.000000
54.583333	-0.023362	654800.000000
54.687500	-0.023484	655000.000000
54.791667	-0.022974	655200.000000
54.895833	-0.022887	655400.000000
55.000000	-0.022852	655600.000000
55.104167	-0.022920	655800.000000
55.208333	-0.022820	656000.000000
55.312500	-0.023020	656200.000000
55.416667	-0.023280	656400.000000
55.520833	-0.023432	656600.000000
55.625000	-0.023377	656800.000000
55.729167	-0.023492	657000.000000
55.833333	-0.023673	657200.000000
55.937500	-0.023837	657400.000000
56.041667	-0.023557	657600.000000
56.145833	-0.023508	657800.000000
56.250000	-0.023363	658000.000000
56.354167	-0.023106	658200.000000
56.458333	-0.023182	658400.000000
56.562500	-0.023196	658600.000000
56.666667	-0.023169	658800.000000
56.770833	-0.023066	659000.000000
56.875000	-0.023144	659200.000000
56.979167	-0.023127	659400.000000
57.083333	-0.023124	659600.000000
57.187500	-0.023409	659800.000000
57.291667	-0.023353	660000.000000
57.395833	-0.023358	660200.000000
57.500000	-0.023541	660400.000000
57.604167	-0.023583	660600.000000
57.708333	-0.023409	660800.000000
57.812500	-0.023031	661000.000000
57.916667	-0.023224	661200.000000
58.020833	-0.023400	661400.000000
58.125000	-0.023301	661600.000000
58.229167	-0.023410	661800.000000
58.333333	-0.023305	662000.000000
58.437500	-0.023121	662200.000000
58.541667	-0.023157	662400.000000
58.645833	-0.023220	662600.000000
58.750000	-0.023049	662800.000000
58.854167	-0.023217	663000.000000
58.958333	-0.023142	663200.000000
59.062500	-0.023082	663400.000000
59.166667	-0.023340	663600.000000
59.270833	-0.023345	663800.000000
59.375000	-0.023262	664000.000000
59.479167	-0.023378	664200.000000
59.583333	-0.023645	664400.000000
59.687500	-0.023700	664600.000000
59.791667	-0.023891	664800.000000
59.895833	-0.023613	665000.000000
60.000000	-0.023179	665200.000000
60.104167	-0.023117	665400.000000
60.208333	-0.023072	665600.000000
60.312500	-0.022986	665800.000000
60.416667	-0.023331	666000.000000
60.520833	-0.023117	666200.000000
60.625000	-0.023150	666400.000000
60.729167	-0.023197	666600.000000
60.833333	-0.023318	666800.000000
60.937500	-0.023246	667000.000000
61.041667	-0.023452	667200.000000
61.145833	-0.023410	667400.000000
61.250000	-0.023515	667600.000000
61.354167	-0.023610	667800.000000
61.458333	-0.023523	668000.000000
61.562500	-0.023478	668200.000000
61.666667	-0.023474	668400.000000
61.770833	-0.023496	668600.000000
61.875000	-0.023050	668800.000000
61.979167	-0.023157	669000.000000
62.083333	-0.023286	669200.000000
62.187500	-0.023187	669400.000000
62.291667	-0.023322	669600.000000
62.395833	-0.023403	669800.000000
62.500000	-0.023378	670000.000000
62.604167	-0.023295	670200.000000
62.708333	-0.023215	670400.000000
62.812500	-0.023275	670600.000000
62.916667	-0.023423	670800.000000
63.020833	-0.023567	671000.000000
63.125000	-0.023429	671200.000000
63.229167	-0.023525	671400.000000
63.333333	-0.023644	671600.000000
63.437500	-0.023687	671800.000000
63.541667	-0.023722	672000.000000
63.645833	-0.023562	672200.000000
63.750000	-0.023429	672400.000000
63.854167	-0.023226	672600.000000
63.958333	-0.023355	672800.000000
64.062500	-0.023377	673000.000000
64.166667	-0.023180	673200.000000
64.270833	-0.023227	673400.000000
64.375000	-0.023363	673600.000000
64.479167	-0.023412	673800.000000
64.583333	-0.023657	674000.000000
64.687500	-0.023373	674200.000000
64.791667	-0.023301	674400.000000
64.895833	-0.023604	674600.000000
65.000000	-0.023542	674800.000000
65.104167	-0.023509	675000.000000
65.208333	-0.023671	675200.000000
65.312500	-0.023735	675400.000000
65.416667	-0.023575	675600.000000
65.520833	-0.023471	675800.000000
65.625000	-0.023142	676000.000000
65.729167	-0.023145	676200.000000
65.833333	-0.023328	676400.000000
65.937500	-0.023314	676600.000000
66.041667	-0.023407	676800.000000
66.145833	-0.023634	677000.000000
66.250000	-0.023612	677200.000000
66.354167	-0.023672	677400.000000
66.458333	-0.023654	677600.000000
66.562500	-0.023723	677800.000000
66.666667	-0.023589	678000.000000
66.770833	-0.023496	678200.000000
66.875000	-0.023479	678400.000000
66.979167	-0.023555	678600.000000
67.083333	-0.023370	678800.000000
67.187500	-0.023384	679000.000000
67.291667	-0.023220	679200.000000
67.395833	-0.023190	679400.000000
67.500000	-0.023168	679600.000000
67.604167	-0.023121	679800.000000
67.708333	-0.023067	680000.000000
67.812500	-0.023261	680200.000000
67.916667	-0.023332	680400.000000
68.020833	-0.023085	680600.000000
68.125000	-0.023350	680800.000000
68.229167	-0.023054	681000.000000
68.333333	-0.023066	681200.000000
68.437500	-0.023067	681400.000000
68.541667	-0.023333	681600.000000
68.645833	-0.023392	681800.000000
68.750000	-0.023525	682000.000000
68.854167	-0.023254	682200.000000
68.958333	-0.023385	682400.000000
69.062500	-0.023235	682600.000000
69.166667	-0.022926	682800.000000
69.270833	-0.022975	683000.000000
69.375000	-0.023016	683200.000000
69.479167	-0.023143	683400.000000
69.583333	-0.023223	683600.000000
69.687500	-0.023388	683800.000000
69.791667	-0.023372	684000.000000
69.895833	-0.023213	684200.000000
70.000000	-0.023411	684400.000000
70.104167	-0.023462	684600.000000
70.208333	-0.023488	684800.000000
70.312500	-0.023425	685000.000000
70.416667	-0.023631	685200.000000
70.520833	-0.023627	685400.000000
70.625000	-0.023543	685600.000000
70.729167	-0.023507	685800.000000
70.833333	-0.023211	686000.000000
70.937500	-0.023043	686200.000000
71.041667	-0.022934	686400.000000
71.145833	-0.023060	686600.000000
71.250000	-0.023316	686800.000000
71.354167	-0.023311	687000.000000
71.458333	-0.023373	687200.000000
71.562500	-0.023679	687400.000000
71.666667	-0.023731	687600.000000
71.770833	-0.023617	687800.000000
71.875000	-0.023645	688000.000000
71.979167	-0.023676	688200.000000
72.083333	-0.023755	688400.000000
72.187500	-0.023904	688600.000000
72.291667	-0.023778	688800.000000
72.395833	-0.023660	689000.000000
72.500000	-0.023564	689200.000000
72.604167	-0.023472	689400.000000
72.708333	-0.023375	689600.000000
72.812500	-0.023305	689800.000000
72.916667	-0.023259	690000.000000
73.020833	-0.023343	690200.000000
73.125000	-0.023215	690400.000000
73.229167	-0.023086	690600.000000
73.333333	-0.023065	690800.000000
73.437500	-0.023032	691000.000000
73.541667	-0.022879	691200.000000
73.645833	-0.022982	691400.000000
73.750000	-0.022690	691600.000000
73.854167	-0.022927	691800.000000
73.958333	-0.022907	692000.000000
74.062500	-0.022915	692200.000000
74.166667	-0.023089	692400.000000
74.270833	-0.022963	692600.000000
74.375000	-0.022966	692800.000000
74.479167	-0.022998	693000.000000
74.583333	-0.022928	693200.000000
74.687500	-0.022828	693400.000000
74.791667	-0.023029	693600.000000
74.895833	-0.023063	693800.000000
75.000000	-0.023033	694000.000000
75.104167	-0.023239	694200.000000
75.208333	-0.023301	694400.000000
75.312500	-0.023447	694600.000000
75.416667	-0.023491	694800.000000
75.520833	-0.023514	695000.000000
75.625000	-0.023467	695200.000000
75.729167	-0.023514	695400.000000
75.833333	-0.023529	695600.000000
75.937500	-0.023497	695800.000000
76.041667	-0.023575	696000.000000
76.145833	-0.023722	696200.000000
76.250000	-0.023465	696400.000000
76.354167	-0.023140	696600.000000
76.458333	-0.023127	696800.000000
76.562500	-0.023127	697000.000000
76.666667	-0.023059	697200.000000
76.770833	-0.023381	697400.000000
76.875000	-0.023429	697600.000000
76.979167	-0.023273	697800.000000
77.083333	-0.023288	698000.000000
77.187500	-0.023299	698200.000000
77.291667	-0.023453	698400.000000
77.395833	-0.023469	698600.000000
77.500000	-0.023164	698800.000000
77.604167	-0.023236	699000.000000
77.708333	-0.023535	699200.000000
77.812500	-0.023575	699400.000000
77.916667	-0.023573	699600.000000
78.020833	-0.023586	699800.000000
78.125000	-0.023275	700000.000000
78.229167	-0.023073	700200.000000
78.333333	-0.023313	700400.000000
78.437500	-0.023393	700600.000000
78.541667	-0.023470	700800.000000
78.645833	-0.023419	701000.000000
78.750000	-0.023392	701200.000000
78.854167	-0.023453	701400.000000
78.958333	-0.023198	701600.000000
79.062500	-0.023403	701800.000000
79.166667	-0.023102	702000.000000
79.270833	-0.023326	702200.000000
79.375000	-0.023526	702400.000000
79.479167	-0.023343	702600.000000
79.583333	-0.023542	702800.000000
79.687500	-0.023418	703000.000000
79.791667	-0.023403	703200.000000
79.895833	-0.023298	703400.000000
80.000000	-0.023223	703600.000000
80.104167	-0.023121	703800.000000
80.208333	-0.022973	704000.000000
80.312500	-0.023259	704200.000000
80.416667	-0.023198	704400.000000
80.520833	-0.023130	704600.000000
80.625000	-0.023338	704800.000000
80.729167	-0.023337	705000.000000
80.833333	-0.023268	705200.000000
80.937500	-0.023482	705400.000000
81.041667	-0.023451	705600.000000
81.145833	-0.023441	705800.000000
81.250000	-0.023576	706000.000000
81.354167	-0.023183	706200.000000
81.458333	-0.023336	706400.000000
81.562500	-0.023426	706600.000000
81.666667	-0.023144	706800.000000
81.770833	-0.023144	707000.000000
81.875000	-0.023093	707200.000000
81.979167	-0.023009	707400.000000
82.083333	-0.022931	707600.000000
82.187500	-0.023104	707800.000000
82.291667	-0.023154	708000.000000
82.395833	-0.023075	708200.000000
82.500000	-0.023194	708400.000000
82.604167	-0.023080	708600.000000
82.708333	-0.023271	708800.000000
82.812500	-0.023382	709000.000000
82.916667	-0.023218	709200.000000
83.020833	-0.023020	709400.000000
83.125000	-0.023245	709600.000000
83.229167	-0.023277	709800.000000
83.333333	-0.023163	710000.000000
83.437500	-0.023180	710200.000000
83.541667	-0.023293	710400.000000
83.645833	-0.023090	710600.000000
83.750000	-0.023018	710800.000000
83.854167	-0.022901	711000.000000
83.958333	-0.022987	711200.000000
84.062500	-0.023127	711400.000000
84.166667	-0.023098	711600.000000
84.270833	-0.023268	711800.000000
84.375000	-0.023321	712000.000000
84.479167	-0.023447	712200.000000
84.583333	-0.023358	712400.000000
84.687500	-0.023319	712600.000000
84.791667	-0.023526	712800.000000
84.895833	-0.023381	713000.000000
85.000000	-0.023455	713200.000000
85.104167	-0.023523	713400.000000
85.208333	-0.023396	713600.000000
85.312500	-0.023169	713800.000000
85.416667	-0.023097	714000.000000
85.520833	-0.023186	714200.000000
85.625000	-0.023193	714400.000000
85.729167	-0.023262	714600.000000
85.833333	-0.023270	714800.000000
85.937500	-0.023527	715000.000000
86.041667	-0.023810	715200.000000
86.145833	-0.023454	715400.000000
86.250000	-0.023465	715600.000000
86.354167	-0.023436	715800.000000
86.458333	-0.023458	716000.000000
86.562500	-0.023435	716200.000000
86.666667	-0.023601	716400.000000
86.770833	-0.023605	716600.000000
86.875000	-0.023713	716800.000000
86.979167	-0.023585	717000.000000
87.083333	-0.023484	717200.000000
87.187500	-0.023391	717400.000000
87.291667	-0.023486	717600.000000
87.395833	-0.023601	717800.000000
87.500000	-0.023660	718000.000000
87.604167	-0.023772	718200.000000
87.708333	-0.023930	718400.000000
87.812500	-0.023590	718600.000000
87.916667	-0.023636	718800.000000
88.020833	-0.023551	719000.000000
88.125000	-0.023535	719200.000000
88.229167	-0.023541	719400.000000
88.333333	-0.023380	719600.000000
88.437500	-0.023345	719800.000000
88.541667	-0.023523	720000.000000
88.645833	-0.023544	720200.000000
88.750000	-0.023218	720400.000000
88.854167	-0.023218	720600.000000
88.958333	-0.023214	720800.000000
89.062500	-0.023310	721000.000000
89.166667	-0.023267	721200.000000
89.270833	-0.023134	721400.000000
89.375000	-0.023227	721600.000000
89.479167	-0.023176	721800.000000
89.583333	-0.023316	722000.000000
89.687500	-0.023325	722200.000000
89.791667	-0.023186	722400.000000
89.895833	-0.023522	722600.000000
90.000000	-0.023397	722800.000000
90.104167	-0.023419	723000.000000
90.208333	-0.023459	723200.000000
90.312500	-0.023475	723400.000000
90.416667	-0.023365	723600.000000
90.520833	-0.023227	723800.000000
90.625000	-0.023236	724000.000000
90.729167	-0.023359	724200.000000
90.833333	-0.023243	724400.000000
90.937500	-0.023264	724600.000000
91.041667	-0.023214	724800.000000
91.145833	-0.023411	725000.000000
91.250000	-0.023467	725200.000000
91.354167	-0.023708	725400.000000
91.458333	-0.023619	725600.000000
91.562500	-0.023512	725800.000000
91.666667	-0.023564	726000.000000
91.770833	-0.023399	726200.000000
91.875000	-0.023619	726400.000000
91.979167	-0.023620	726600.000000
92.083333	-0.023423	726800.000000
92.187500	-0.023319	727000.000000
92.291667	-0.023333	727200.000000
92.395833	-0.023162	727400.000000
92.500000	-0.023264	727600.000000
92.604167	-0.023403	727800.000000
92.708333	-0.023197	728000.000000
92.812500	-0.023368	728200.000000
92.916667	-0.023295	728400.000000
93.020833	-0.023361	728600.000000
93.125000	-0.023485	728800.000000
93.229167	-0.023517	729000.000000
93.333333	-0.023443	729200.000000
93.437500	-0.023514	729400.000000
93.541667	-0.023448	729600.000000
93.645833	-0.023462	729800.000000
93.750000	-0.023171	730000.000000
93.854167	-0.023294	730200.000000
93.958333	-0.023508	730400.000000
94.062500	-0.023509	730600.000000
94.166667	-0.023160	730800.000000
94.270833	-0.023403	731000.000000
94.375000	-0.023595	731200.000000
94.479167	-0.023465	731400.000000
94.583333	-0.023415	731600.000000
94.687500	-0.023425	731800.000000
94.791667	-0.023487	732000.000000
94.895833	-0.023671	732200.000000
95.000000	-0.023708	732400.000000
95.104167	-0.023495	732600.000000
95.208333	-0.023571	732800.000000
95.312500	-0.023588	733000.000000
95.416667	-0.023563	733200.000000
95.520833	-0.023671	733400.000000
95.625000	-0.023676	733600.000000
95.729167	-0.023468	733800.000000
95.833333	-0.023444	734000.000000
95.937500	-0.023513	734200.000000
96.041667	-0.023302	734400.000000
96.145833	-0.023290	734600.000000
96.250000	-0.023269	734800.000000
96.354167	-0.023264	735000.000000
96.458333	-0.023182	735200.000000
96.562500	-0.023176	735400.000000
96.666667	-0.023273	735600.000000
96.770833	-0.023295	735800.000000
96.875000	-0.023532	736000.000000
96.979167	-0.023517	736200.000000
97.083333	-0.023464	736400.000000
97.187500	-0.023296	736600.000000
97.291667	-0.023296	736800.000000
97.395833	-0.023215	737000.000000
97.500000	-0.023416	737200.000000
97.604167	-0.023092	737400.000000
97.708333	-0.022835	737600.000000
97.812500	-0.022992	737800.000000
97.916667	-0.023055	738000.000000
98.020833	-0.023069	738200.000000
98.125000	-0.023184	738400.000000
98.229167	-0.023070	738600.000000
98.333333	-0.022997	738800.000000
98.437500	-0.023316	739000.000000
98.541667	-0.023351	739200.000000
98.645833	-0.023257	739400.000000
98.750000	-0.023455	739600.000000
98.854167	-0.023533	739800.000000
98.958333	-0.023521	740000.000000
99.062500	-0.023656	740200.000000
99.166667	-0.023621	740400.000000
99.270833	-0.023491	740600.000000
99.375000	-0.023519	740800.000000
99.479167	-0.023731	741000.000000
99.583333	-0.023651	741200.000000
99.687500	-0.023501	741400.000000
99.791667	-0.023483	741600.000000
99.895833	-0.023431	741800.000000
100.000000	-0.023312	742000.000000
100.104167	-0.023399	742200.000000
100.208333	-0.023357	742400.000000
100.312500	-0.023505	742600.000000
100.416667	-0.023496	742800.000000
100.520833	-0.023187	743000.000000
100.625000	-0.023338	743200.000000
100.729167	-0.023574	743400.000000
100.833333	-0.023668	743600.000000
100.937500	-0.023553	743800.000000
101.041667	-0.023606	744000.000000
101.145833	-0.023643	744200.000000
101.250000	-0.023534	744400.000000
101.354167	-0.023627	744600.000000
101.458333	-0.023441	744800.000000
101.562500	-0.023343	745000.000000
101.666667	-0.023227	745200.000000
101.770833	-0.023432	745400.000000
101.875000	-0.023354	745600.000000
101.979167	-0.023608	745800.000000
102.083333	-0.023563	746000.000000
102.187500	-0.023409	746200.000000
102.291667	-0.023343	746400.000000
102.395833	-0.023656	746600.000000
102.500000	-0.023489	746800.000000
102.604167	-0.023383	747000.000000
102.708333	-0.023567	747200.000000
102.812500	-0.023654	747400.000000
102.916667	-0.023405	747600.000000
103.020833	-0.023638	747800.000000
103.125000	-0.023453	748000.000000
103.229167	-0.023434	748200.000000
103.333333	-0.023534	748400.000000
103.437500	-0.023571	748600.000000
103.541667	-0.023403	748800.000000
103.645833	-0.023866	749000.000000
103.750000	-0.023633	749200.000000
103.854167	-0.023611	749400.000000
103.958333	-0.023656	749600.000000
104.062500	-0.023574	749800.000000
104.166667	-0.023724	750000.000000
104.270833	-0.023787	750200.000000
104.375000	-0.023759	750400.000000
104.479167	-0.023592	750600.000000
104.583333	-0.023816	750800.000000
104.687500	-0.023806	751000.000000
104.791667	-0.023580	751200.000000
104.895833	-0.023555	751400.000000
105.000000	-0.023516	751600.000000
105.104167	-0.023527	751800.000000
105.208333	-0.023459	752000.000000
105.312500	-0.023425	752200.000000
105.416667	-0.023259	752400.000000
105.520833	-0.023304	752600.000000
105.625000	-0.023429	752800.000000
105.729167	-0.023359	753000.000000
105.833333	-0.023270	753200.000000
105.937500	-0.023629	753400.000000
106.041667	-0.023453	753600.000000
106.145833	-0.023543	753800.000000
106.250000	-0.023551	754000.000000
106.354167	-0.023521	754200.000000
106.458333	-0.023601	754400.000000
106.562500	-0.023530	754600.000000
106.666667	-0.023368	754800.000000
106.770833	-0.023481	755000.000000
106.875000	-0.023342	755200.000000
106.979167	-0.023485	755400.000000
107.083333	-0.023494	755600.000000
107.187500	-0.023540	755800.000000
107.291667	-0.023330	756000.000000
107.395833	-0.023453	756200.000000
107.500000	-0.023605	756400.000000
107.604167	-0.023451	756600.000000
107.708333	-0.023495	756800.000000
107.812500	-0.023672	757000.000000
107.916667	-0.023665	757200.000000
108.020833	-0.023698	757400.000000
108.125000	-0.023527	757600.000000
108.229167	-0.023484	757800.000000
108.333333	-0.023452	758000.000000
108.437500	-0.023570	758200.000000
108.541667	-0.023517	758400.000000
108.645833	-0.023557	758600.000000
108.750000	-0.023475	758800.000000
108.854167	-0.023534	759000.000000
108.958333	-0.023410	759200.000000
109.062500	-0.023494	759400.000000
109.166667	-0.023613	759600.000000
109.270833	-0.023383	759800.000000
109.375000	-0.023548	760000.000000
109.479167	-0.023547	760200.000000
109.583333	-0.023513	760400.000000
109.687500	-0.023456	760600.000000
109.791667	-0.023349	760800.000000
109.895833	-0.023445	761000.000000
110.000000	-0.023439	761200.000000
110.104167	-0.023336	761400.000000
110.208333	-0.023337	761600.000000
110.312500	-0.023489	761800.000000
110.416667	-0.023492	762000.000000
110.520833	-0.023628	762200.000000
110.625000	-0.023476	762400.000000
110.729167	-0.023117	762600.000000
110.833333	-0.023181	762800.000000
110.937500	-0.023483	763000.000000
111.041667	-0.023477	763200.000000
111.145833	-0.023307	763400.000000
111.250000	-0.023467	763600.000000
111.354167	-0.023708	763800.000000
111.458333	-0.023567	764000.000000
111.562500	-0.023412	764200.000000
111.666667	-0.023503	764400.000000
111.770833	-0.023420	764600.000000
111.875000	-0.023689	764800.000000
111.979167	-0.023531	765000.000000
112.083333	-0.023417	765200.000000
112.187500	-0.023433	765400.000000
112.291667	-0.023472	765600.000000
112.395833	-0.023368	765800.000000
112.500000	-0.023342	766000.000000
112.604167	-0.023369	766200.000000
112.708333	-0.023486	766400.000000
112.812500	-0.023580	766600.000000
112.916667	-0.023670	766800.000000
113.020833	-0.023668	767000.000000
113.125000	-0.023578	767200.000000
113.229167	-0.023672	767400.000000
113.333333	-0.023557	767600.000000
113.437500	-0.023712	767800.000000
113.541667	-0.023796	768000.000000
113.645833	-0.023454	768200.000000
113.750000	-0.023482	768400.000000
113.854167	-0.023412	768600.000000
113.958333	-0.023498	768800.000000
114.062500	-0.023376	769000.000000
114.166667	-0.023590	769200.000000
114.270833	-0.023603	769400.000000
114.375000	-0.023453	769600.000000
114.479167	-0.023576	769800.000000
114.583333	-0.023526	770000.000000
114.687500	-0.023866	770200.000000
114.791667	-0.023603	770400.000000
114.895833	-0.023467	770600.000000
115.000000	-0.023630	770800.000000
115.104167	-0.023695	771000.000000
115.208333	-0.023671	771200.000000
115.312500	-0.023622	771400.000000
115.416667	-0.023643	771600.000000
115.520833	-0.023742	771800.000000
115.625000	-0.023788	772000.000000
115.729167	-0.023707	772200.000000
115.833333	-0.023649	772400.000000
115.937500	-0.023498	772600.000000
116.041667	-0.023611	772800.000000
116.145833	-0.023776	773000.000000
116.250000	-0.023530	773200.000000
116.354167	-0.023624	773400.000000
116.458333	-0.023555	773600.000000
116.562500	-0.023656	773800.000000
116.666667	-0.023834	774000.000000
116.770833	-0.023822	774200.000000
116.875000	-0.023648	774400.000000
116.979167	-0.023563	774600.000000
117.083333	-0.023792	774800.000000
117.187500	-0.023703	775000.000000
117.291667	-0.023677	775200.000000
117.395833	-0.023647	775400.000000
117.500000	-0.023604	775600.000000
117.604167	-0.023662	775800.000000
117.708333	-0.023746	776000.000000
117.812500	-0.023661	776200.000000
117.916667	-0.023592	776400.000000
118.020833	-0.023892	776600.000000
118.125000	-0.023710	776800.000000
118.229167	-0.023699	777000.000000
118.333333	-0.023894	777200.000000
118.437500	-0.023824	777400.000000
118.541667	-0.023729	777600.000000
118.645833	-0.023816	777800.000000
118.750000	-0.023824	778000.000000
118.854167	-0.023877	778200.000000
118.958333	-0.023860	778400.000000
119.062500	-0.023805	778600.000000
119.166667	-0.023905	778800.000000
119.270833	-0.024047	779000.000000
119.375000	-0.023876	779200.000000
119.479167	-0.023752	779400.000000
119.583333	-0.023613	779600.000000
119.687500	-0.023642	779800.000000
119.791667	-0.023560	780000.000000
119.895833	-0.023485	780200.000000
120.000000	-0.023791	780400.000000
120.104167	-0.023639	780600.000000
120.208333	-0.023459	780800.000000
120.312500	-0.023562	781000.000000
120.416667	-0.023503	781200.000000
120.520833	-0.023561	781400.000000
120.625000	-0.023557	781600.000000
120.729167	-0.023606	781800.000000
120.833333	-0.023606	782000.000000
120.937500	-0.023787	782200.000000
121.041667	-0.023672	782400.000000
121.145833	-0.023866	782600.000000
121.250000	-0.023655	782800.000000
121.354167	-0.023495	783000.000000
121.458333	-0.023404	783200.000000
121.562500	-0.023474	783400.000000
121.666667	-0.023450	783600.000000
121.770833	-0.023398	783800.000000
121.875000	-0.023413	784000.000000
121.979167	-0.023557	784200.000000
122.083333	-0.023586	784400.000000
122.187500	-0.023706	784600.000000
122.291667	-0.023684	784800.000000
122.395833	-0.023637	785000.000000
122.500000	-0.023679	785200.000000
122.604167	-0.023635	785400.000000
122.708333	-0.023548	785600.000000
122.812500	-0.023296	785800.000000
122.916667	-0.023297	786000.000000
123.020833	-0.023440	786200.000000
123.125000	-0.023542	786400.000000
123.229167	-0.023470	786600.000000
123.333333	-0.023629	786800.000000
123.437500	-0.023857	787000.000000
123.541667	-0.023493	787200.000000
123.645833	-0.023606	787400.000000
123.750000	-0.023494	787600.000000
123.854167	-0.023576	787800.000000
123.958333	-0.023426	788000.000000
124.062500	-0.023593	788200.000000
124.166667	-0.023575	788400.000000
124.270833	-0.023538	788600.000000
124.375000	-0.023756	788800.000000
124.479167	-0.023768	789000.000000
124.583333	-0.023479	789200.000000
124.687500	-0.023570	789400.000000
124.791667	-0.023777	789600.000000
124.895833	-0.023689	789800.000000
125.000000	-0.023571	790000.000000
125.104167	-0.023695	790200.000000
125.208333	-0.023650	790400.000000
125.312500	-0.023752	790600.000000
125.416667	-0.023575	790800.000000
125.520833	-0.023683	791000.000000
125.625000	-0.023595	791200.000000
125.729167	-0.023740	791400.000000
125.833333	-0.023608	791600.000000
125.937500	-0.023819	791800.000000
126.041667	-0.023864	792000.000000
126.145833	-0.023699	792200.000000
126.250000	-0.023801	792400.000000
126.354167	-0.023742	792600.000000
126.458333	-0.023595	792800.000000
126.562500	-0.023599	793000.000000
126.666667	-0.023792	793200.000000
126.770833	-0.023548	793400.000000
126.875000	-0.023537	793600.000000
126.979167	-0.023617	793800.000000
127.083333	-0.023417	794000.000000
127.187500	-0.023654	794200.000000
127.291667	-0.023783	794400.000000
127.395833	-0.023711	794600.000000
127.500000	-0.023816	794800.000000
127.604167	-0.023892	795000.000000
127.708333	-0.023657	795200.000000
127.812500	-0.023581	795400.000000
127.916667	-0.023710	795600.000000
128.020833	-0.023807	795800.000000
128.125000	-0.023752	796000.000000
128.229167	-0.023762	796200.000000
128.333333	-0.023775	796400.000000
128.437500	-0.023549	796600.000000
128.541667	-0.023642	796800.000000
128.645833	-0.023827	797000.000000
128.750000	-0.023671	797200.000000
128.854167	-0.023727	797400.000000
128.958333	-0.023439	797600.000000
129.062500	-0.023479	797800.000000
129.166667	-0.023774	798000.000000
129.270833	-0.023716	798200.000000
129.375000	-0.023738	798400.000000
129.479167	-0.023867	798600.000000
129.583333	-0.023728	798800.000000
129.687500	-0.023405	799000.000000
129.791667	-0.023579	799200.000000
129.895833	-0.023838	799400.000000
130.000000	-0.023721	799600.000000
130.104167	-0.023730	799800.000000
130.208333	-0.023795	800000.000000
