0.000000	-0.023262	550000.000000
0.104167	-0.023275	550200.000000
0.208333	-0.023225	550400.000000
0.312500	-0.023240	550600.000000
0.416667	-0.023190	550800.000000
0.520833	-0.023122	551000.000000
0.625000	-0.023253	551200.000000
0.729167	-0.023286	551400.000000
0.833333	-0.023365	551600.000000
0.937500	-0.023286	551800.000000
1.041667	-0.023356	552000.000000
1.145833	-0.023124	552200.000000
1.250000	-0.023319	552400.000000
1.354167	-0.023325	552600.000000
1.458333	-0.023216	552800.000000
1.562500	-0.023179	553000.000000
1.666667	-0.023158	553200.000000
1.770833	-0.023229	553400.000000
1.875000	-0.023050	553600.000000
1.979167	-0.023288	553800.000000
2.083333	-0.023141	554000.000000
2.187500	-0.022982	554200.000000
2.291667	-0.023153	554400.000000
2.395833	-0.023080	554600.000000
2.500000	-0.023119	554800.000000
2.604167	-0.023019	555000.000000
2.708333	-0.023187	555200.000000
2.812500	-0.023157	555400.000000
2.916667	-0.023002	555600.000000
3.020833	-0.022995	555800.000000
3.125000	-0.022979	556000.000000
3.229167	-0.022949	556200.000000
3.333333	-0.023100	556400.000000
3.437500	-0.023123	556600.000000
3.541667	-0.023191	556800.000000
3.645833	-0.023377	557000.000000
3.750000	-0.023074	557200.000000
3.854167	-0.023199	557400.000000
3.958333	-0.023057	557600.000000
4.062500	-0.023026	557800.000000
4.166667	-0.023276	558000.000000
4.270833	-0.023286	558200.000000
4.375000	-0.023215	558400.000000
4.479167	-0.023036	558600.000000
4.583333	-0.023118	558800.000000
4.687500	-0.023151	559000.000000
4.791667	-0.023107	559200.000000
4.895833	-0.023135	559400.000000
5.000000	-0.023087	559600.000000
5.104167	-0.023067	559800.000000
5.208333	-0.023344	560000.000000
5.312500	-0.023117	560200.000000
5.416667	-0.023121	560400.000000
5.520833	-0.023229	560600.000000
5.625000	-0.023113	560800.000000
5.729167	-0.023129	561000.000000
5.833333	-0.023159	561200.000000
5.937500	-0.022946	561400.000000
6.041667	-0.022983	561600.000000
6.145833	-0.023127	561800.000000
6.250000	-0.023113	562000.000000
6.354167	-0.023049	562200.000000
6.458333	-0.023235	562400.000000
6.562500	-0.023183	562600.000000
6.666667	-0.023159	562800.000000
6.770833	-0.023024	563000.000000
6.875000	-0.023060	563200.000000
6.979167	-0.022787	563400.000000
7.083333	-0.023033	563600.000000
7.187500	-0.022892	563800.000000
7.291667	-0.022992	564000.000000
7.395833	-0.023105	564200.000000
7.500000	-0.022972	564400.000000
7.604167	-0.022983	564600.000000
7.708333	-0.022787	564800.000000
7.812500	-0.022805	565000.000000
7.916667	-0.022989	565200.000000
8.020833	-0.023199	565400.000000
8.125000	-0.023172	565600.000000
8.229167	-0.023230	565800.000000
8.333333	-0.023173	566000.000000
8.437500	-0.023197	566200.000000
8.541667	-0.023057	566400.000000
8.645833	-0.023209	566600.000000
8.750000	-0.023332	566800.000000
8.854167	-0.023196	567000.000000
8.958333	-0.023111	567200.000000
9.062500	-0.023121	567400.000000
9.166667	-0.023231	567600.000000
9.270833	-0.023153	567800.000000
9.375000	-0.023193	568000.000000
9.479167	-0.023101	568200.000000
9.583333	-0.022887	568400.000000
9.687500	-0.022966	568600.000000
9.791667	-0.023127	568800.000000
9.895833	-0.023203	569000.000000
10.000000	-0.023142	569200.000000
10.104167	-0.023212	569400.000000
10.208333	-0.023217	569600.000000
10.312500	-0.023135	569800.000000
10.416667	-0.022898	570000.000000
10.520833	-0.023047	570200.000000
10.625000	-0.023138	570400.000000
10.729167	-0.022885	570600.000000
10.833333	-0.023100	570800.000000
10.937500	-0.023107	571000.000000
11.041667	-0.022918	571200.000000
11.145833	-0.022972	571400.000000
11.250000	-0.023028	571600.000000
11.354167	-0.022961	571800.000000
11.458333	-0.022867	572000.000000
11.562500	-0.023063	572200.000000
11.666667	-0.023017	572400.000000
11.770833	-0.023101	572600.000000
11.875000	-0.022802	572800.000000
11.979167	-0.022853	573000.000000
12.083333	-0.023005	573200.000000
12.187500	-0.023035	573400.000000
12.291667	-0.023160	573600.000000
12.395833	-0.022984	573800.000000
12.500000	-0.023186	574000.000000
12.604167	-0.023241	574200.000000
12.708333	-0.023208	574400.000000
12.812500	-0.023219	574600.000000
12.916667	-0.023257	574800.000000
13.020833	-0.023303	575000.000000
13.125000	-0.023252	575200.000000
13.229167	-0.023253	575400.000000
13.333333	-0.023381	575600.000000
13.437500	-0.023283	575800.000000
13.541667	-0.023247	576000.000000
13.645833	-0.023291	576200.000000
13.750000	-0.023218	576400.000000
13.854167	-0.023276	576600.000000
13.958333	-0.023058	576800.000000
14.062500	-0.023142	577000.000000
14.166667	-0.023189	577200.000000
14.270833	-0.023180	577400.000000
14.375000	-0.023056	577600.000000
14.479167	-0.023359	577800.000000
14.583333	-0.023137	578000.000000
14.687500	-0.023271	578200.000000
14.791667	-0.023125	578400.000000
14.895833	-0.022955	578600.000000
15.000000	-0.022929	578800.000000
15.104167	-0.022970	579000.000000
15.208333	-0.023008	579200.000000
15.312500	-0.022936	579400.000000
15.416667	-0.022991	579600.000000
15.520833	-0.023065	579800.000000
15.625000	-0.023002	580000.000000
15.729167	-0.022982	580200.000000
15.833333	-0.022857	580400.000000
15.937500	-0.023087	580600.000000
16.041667	-0.022784	580800.000000
16.145833	-0.023144	581000.000000
16.250000	-0.023299	581200.000000
16.354167	-0.023192	581400.000000
16.458333	-0.023289	581600.000000
16.562500	-0.023159	581800.000000
16.666667	-0.023319	582000.000000
16.770833	-0.023164	582200.000000
16.875000	-0.023215	582400.000000
16.979167	-0.023189	582600.000000
17.083333	-0.023022	582800.000000
17.187500	-0.023028	583000.000000
17.291667	-0.023030	583200.000000
17.395833	-0.022913	583400.000000
17.500000	-0.022688	583600.000000
17.604167	-0.022662	583800.000000
17.708333	-0.022624	584000.000000
17.812500	-0.022536	584200.000000
17.916667	-0.022378	584400.000000
18.020833	-0.022451	584600.000000
18.125000	-0.022218	584800.000000
18.229167	-0.022319	585000.000000
18.333333	-0.022166	585200.000000
18.437500	-0.022230	585400.000000
18.541667	-0.021880	585600.000000
18.645833	-0.021859	585800.000000
18.750000	-0.021716	586000.000000
18.854167	-0.021334	586200.000000
18.958333	-0.021422	586400.000000
19.062500	-0.021259	586600.000000
19.166667	-0.021027	586800.000000
19.270833	-0.021182	587000.000000
19.375000	-0.021019	587200.000000
19.479167	-0.020868	587400.000000
19.583333	-0.020477	587600.000000
19.687500	-0.020400	587800.000000
19.791667	-0.020318	588000.000000
19.895833	-0.020021	588200.000000
20.000000	-0.019804	588400.000000
20.104167	-0.019304	588600.000000
20.208333	-0.019247	588800.000000
20.312500	-0.018863	589000.000000
20.416667	-0.018415	589200.000000
20.520833	-0.018150	589400.000000
20.625000	-0.017508	589600.000000
20.729167	-0.017029	589800.000000
20.833333	-0.016187	590000.000000
20.937500	-0.015432	590200.000000
21.041667	-0.014716	590400.000000
21.145833	-0.013831	590600.000000
21.250000	-0.012826	590800.000000
21.354167	-0.011627	591000.000000
21.458333	-0.010292	591200.000000
21.562500	-0.008999	591400.000000
21.666667	-0.007197	591600.000000
21.770833	-0.005434	591800.000000
21.875000	-0.003344	592000.000000
21.979167	-0.001179	592200.000000
22.083333	0.001274	592400.000000
22.187500	0.004092	592600.000000
22.291667	0.006928	592800.000000
22.395833	0.009842	593000.000000
22.500000	0.013159	593200.000000
22.604167	0.016595	593400.000000
22.708333	0.020267	593600.000000
22.812500	0.024102	593800.000000
22.916667	0.028090	594000.000000
23.020833	0.032274	594200.000000
23.125000	0.036651	594400.000000
23.229167	0.040994	594600.000000
23.333333	0.045500	594800.000000
23.437500	0.049643	595000.000000
23.541667	0.053877	595200.000000
23.645833	0.057318	595400.000000
23.750000	0.058450	595600.000000
23.854167	0.053573	595800.000000
23.958333	0.032555	596000.000000
24.062500	-0.025234	596200.000000
24.166667	-0.137855	596400.000000
24.270833	-0.322284	596600.000000
24.375000	-0.551008	596800.000000
24.479167	-0.766545	597000.000000
24.583333	-0.890308	597200.000000
24.687500	-0.866729	597400.000000
24.791667	-0.698013	597600.000000
24.895833	-0.438758	597800.000000
25.000000	-0.169364	598000.000000
25.104167	0.060101	598200.000000
25.208333	0.208491	598400.000000
25.312500	0.286109	598600.000000
25.416667	0.310463	598800.000000
25.520833	0.304074	599000.000000
25.625000	0.283331	599200.000000
25.729167	0.255934	599400.000000
25.833333	0.224870	599600.000000
25.937500	0.194844	599800.000000
26.041667	0.174964	600000.000000
26.145833	0.167698	600200.000000
26.250000	0.165829	600400.000000
26.354167	0.156080	600600.000000
26.458333	0.128387	600800.000000
26.562500	0.086771	601000.000000
26.666667	0.044568	601200.000000
26.770833	0.015385	601400.000000
26.875000	0.002933	601600.000000
26.979167	0.003163	601800.000000
27.083333	0.008416	602000.000000
27.187500	0.012889	602200.000000
27.291667	0.012075	602400.000000
27.395833	0.004292	602600.000000
27.500000	-0.010171	602800.000000
27.604167	-0.026859	603000.000000
27.708333	-0.039133	603200.000000
27.812500	-0.041461	603400.000000
27.916667	-0.031138	603600.000000
28.020833	-0.012844	603800.000000
28.125000	0.001722	604000.000000
28.229167	0.003587	604200.000000
28.333333	-0.008341	604400.000000
28.437500	-0.024664	604600.000000
28.541667	-0.035072	604800.000000
28.645833	-0.034461	605000.000000
28.750000	-0.027801	605200.000000
28.854167	-0.023642	605400.000000
28.958333	-0.025891	605600.000000
29.062500	-0.033487	605800.000000
29.166667	-0.040751	606000.000000
29.270833	-0.043882	606200.000000
29.375000	-0.041128	606400.000000
29.479167	-0.033219	606600.000000
29.583333	-0.022129	606800.000000
29.687500	-0.010748	607000.000000
29.791667	-0.001035	607200.000000
29.895833	0.005531	607400.000000
30.000000	0.006945	607600.000000
30.104167	0.002900	607800.000000
30.208333	-0.004624	608000.000000
30.312500	-0.013754	608200.000000
30.416667	-0.023228	608400.000000
30.520833	-0.030754	608600.000000
30.625000	-0.034537	608800.000000
30.729167	-0.033032	609000.000000
30.833333	-0.027451	609200.000000
30.937500	-0.020997	609400.000000
31.041667	-0.017977	609600.000000
31.145833	-0.018797	609800.000000
31.250000	-0.021723	610000.000000
31.354167	-0.023836	610200.000000
31.458333	-0.023157	610400.000000
31.562500	-0.019563	610600.000000
31.666667	-0.016129	610800.000000
31.770833	-0.014398	611000.000000
31.875000	-0.016770	611200.000000
31.979167	-0.023263	611400.000000
32.083333	-0.031866	611600.000000
32.187500	-0.038777	611800.000000
32.291667	-0.042839	612000.000000
32.395833	-0.044408	612200.000000
32.500000	-0.044965	612400.000000
32.604167	-0.045100	612600.000000
32.708333	-0.043816	612800.000000
32.812500	-0.041084	613000.000000
32.916667	-0.038153	613200.000000
33.020833	-0.037132	613400.000000
33.125000	-0.037969	613600.000000
33.229167	-0.038735	613800.000000
33.333333	-0.035743	614000.000000
33.437500	-0.027713	614200.000000
33.541667	-0.015762	614400.000000
33.645833	-0.003735	614600.000000
33.750000	0.003624	614800.000000
33.854167	0.001879	615000.000000
33.958333	-0.008582	615200.000000
34.062500	-0.023232	615400.000000
34.166667	-0.035539	615600.000000
34.270833	-0.042195	615800.000000
34.375000	-0.042152	616000.000000
34.479167	-0.037268	616200.000000
34.583333	-0.030628	616400.000000
34.687500	-0.024535	616600.000000
34.791667	-0.020947	616800.000000
34.895833	-0.019865	617000.000000
35.000000	-0.019706	617200.000000
35.104167	-0.019213	617400.000000
35.208333	-0.017704	617600.000000
35.312500	-0.016003	617800.000000
35.416667	-0.014360	618000.000000
35.520833	-0.013851	618200.000000
35.625000	-0.015751	618400.000000
35.729167	-0.020702	618600.000000
35.833333	-0.028226	618800.000000
35.937500	-0.037426	619000.000000
36.041667	-0.046770	619200.000000
36.145833	-0.052978	619400.000000
36.250000	-0.052894	619600.000000
36.354167	-0.045079	619800.000000
36.458333	-0.032130	620000.000000
36.562500	-0.019349	620200.000000
36.666667	-0.013595	620400.000000
36.770833	-0.017494	620600.000000
36.875000	-0.027950	620800.000000
36.979167	-0.036643	621000.000000
37.083333	-0.038356	621200.000000
37.187500	-0.031355	621400.000000
37.291667	-0.021205	621600.000000
37.395833	-0.014710	621800.000000
37.500000	-0.015932	622000.000000
37.604167	-0.023884	622200.000000
37.708333	-0.033892	622400.000000
37.812500	-0.041713	622600.000000
37.916667	-0.045466	622800.000000
38.020833	-0.045372	623000.000000
38.125000	-0.042075	623200.000000
38.229167	-0.036257	623400.000000
38.333333	-0.031007	623600.000000
38.437500	-0.029605	623800.000000
38.541667	-0.033199	624000.000000
38.645833	-0.038782	624200.000000
38.750000	-0.041043	624400.000000
38.854167	-0.036130	624600.000000
38.958333	-0.024547	624800.000000
39.062500	-0.014345	625000.000000
39.166667	-0.010588	625200.000000
39.270833	-0.014690	625400.000000
39.375000	-0.023525	625600.000000
39.479167	-0.034752	625800.000000
39.583333	-0.045308	626000.000000
39.687500	-0.052255	626200.000000
39.791667	-0.052278	626400.000000
39.895833	-0.043830	626600.000000
40.000000	-0.029840	626800.000000
40.104167	-0.018036	627000.000000
40.208333	-0.013899	627200.000000
40.312500	-0.018241	627400.000000
40.416667	-0.025772	627600.000000
40.520833	-0.028649	627800.000000
40.625000	-0.022440	628000.000000
40.729167	-0.010507	628200.000000
40.833333	-0.000480	628400.000000
40.937500	0.001004	628600.000000
41.041667	-0.008523	628800.000000
41.145833	-0.024235	629000.000000
41.250000	-0.040277	629200.000000
41.354167	-0.049944	629400.000000
41.458333	-0.049749	629600.000000
41.562500	-0.040911	629800.000000
41.666667	-0.028238	630000.000000
41.770833	-0.017865	630200.000000
41.875000	-0.012537	630400.000000
41.979167	-0.013827	630600.000000
42.083333	-0.019023	630800.000000
42.187500	-0.025880	631000.000000
42.291667	-0.030348	631200.000000
42.395833	-0.029535	631400.000000
42.500000	-0.023138	631600.000000
42.604167	-0.014607	631800.000000
42.708333	-0.008160	632000.000000
42.812500	-0.007686	632200.000000
42.916667	-0.012684	632400.000000
43.020833	-0.020530	632600.000000
43.125000	-0.027423	632800.000000
43.229167	-0.031450	633000.000000
43.333333	-0.031521	633200.000000
43.437500	-0.028238	633400.000000
43.541667	-0.023346	633600.000000
43.645833	-0.019413	633800.000000
43.750000	-0.018548	634000.000000
43.854167	-0.020871	634200.000000
43.958333	-0.023834	634400.000000
44.062500	-0.023515	634600.000000
44.166667	-0.017788	634800.000000
44.270833	-0.007833	635000.000000
44.375000	0.001074	635200.000000
44.479167	0.004081	635400.000000
44.583333	0.000275	635600.000000
44.687500	-0.008180	635800.000000
44.791667	-0.017470	636000.000000
44.895833	-0.025163	636200.000000
45.000000	-0.029677	636400.000000
45.104167	-0.031108	636600.000000
45.208333	-0.030285	636800.000000
45.312500	-0.028470	637000.000000
45.416667	-0.026692	637200.000000
45.520833	-0.024527	637400.000000
45.625000	-0.020427	637600.000000
45.729167	-0.014836	637800.000000
45.833333	-0.009090	638000.000000
45.937500	-0.005235	638200.000000
46.041667	-0.004885	638400.000000
46.145833	-0.007746	638600.000000
46.250000	-0.011914	638800.000000
46.354167	-0.015590	639000.000000
46.458333	-0.018439	639200.000000
46.562500	-0.020825	639400.000000
46.666667	-0.023313	639600.000000
46.770833	-0.025445	639800.000000
46.875000	-0.025891	640000.000000
46.979167	-0.024959	640200.000000
47.083333	-0.023143	640400.000000
47.187500	-0.021939	640600.000000
47.291667	-0.022179	640800.000000
47.395833	-0.023200	641000.000000
47.500000	-0.023115	641200.000000
47.604167	-0.021194	641400.000000
47.708333	-0.017939	641600.000000
47.812500	-0.014712	641800.000000
47.916667	-0.013585	642000.000000
48.020833	-0.015176	642200.000000
48.125000	-0.017755	642400.000000
48.229167	-0.019889	642600.000000
48.333333	-0.020651	642800.000000
48.437500	-0.020040	643000.000000
48.541667	-0.019836	643200.000000
48.645833	-0.021116	643400.000000
48.750000	-0.023848	643600.000000
48.854167	-0.027520	643800.000000
48.958333	-0.031387	644000.000000
49.062500	-0.032861	644200.000000
49.166667	-0.031681	644400.000000
49.270833	-0.027184	644600.000000
49.375000	-0.020023	644800.000000
49.479167	-0.013018	645000.000000
49.583333	-0.010185	645200.000000
49.687500	-0.011580	645400.000000
49.791667	-0.014703	645600.000000
49.895833	-0.016552	645800.000000
50.000000	-0.016132	646000.000000
50.104167	-0.016116	646200.000000
50.208333	-0.019187	646400.000000
50.312500	-0.025273	646600.000000
50.416667	-0.032211	646800.000000
50.520833	-0.036843	647000.000000
50.625000	-0.038493	647200.000000
50.729167	-0.036015	647400.000000
50.833333	-0.031453	647600.000000
50.937500	-0.025228	647800.000000
51.041667	-0.019165	648000.000000
51.145833	-0.014402	648200.000000
51.250000	-0.012049	648400.000000
51.354167	-0.013535	648600.000000
51.458333	-0.017507	648800.000000
51.562500	-0.022741	649000.000000
51.666667	-0.025984	649200.000000
51.770833	-0.026673	649400.000000
51.875000	-0.025180	649600.000000
51.979167	-0.023352	649800.000000
52.083333	-0.023668	650000.000000
52.187500	-0.026488	650200.000000
52.291667	-0.030821	650400.000000
52.395833	-0.035318	650600.000000
52.500000	-0.037422	650800.000000
52.604167	-0.035795	651000.000000
52.708333	-0.030058	651200.000000
52.812500	-0.023163	651400.000000
52.916667	-0.018411	651600.000000
53.020833	-0.018063	651800.000000
53.125000	-0.021870	652000.000000
53.229167	-0.026822	652200.000000
53.333333	-0.029712	652400.000000
53.437500	-0.029006	652600.000000
53.541667	-0.024741	652800.000000
53.645833	-0.020264	653000.000000
53.750000	-0.018043	653200.000000
53.854167	-0.019241	653400.000000
53.958333	-0.024238	653600.000000
54.062500	-0.030930	653800.000000
54.166667	-0.036499	654000.000000
54.270833	-0.038573	654200.000000
54.375000	-0.037488	654400.000000
54.479167	-0.033688	654600.000000
54.583333	-0.028516	654800.000000
54.687500	-0.023562	655000.000000
54.791667	-0.019702	655200.000000
54.895833	-0.016851	655400.000000
55.000000	-0.014875	655600.000000
55.104167	-0.014511	655800.000000
55.208333	-0.015747	656000.000000
55.312500	-0.017513	656200.000000
55.416667	-0.019723	656400.000000
55.520833	-0.021915	656600.000000
55.625000	-0.024440	656800.000000
55.729167	-0.027764	657000.000000
55.833333	-0.031341	657200.000000
55.937500	-0.033484	657400.000000
56.041667	-0.033856	657600.000000
56.145833	-0.031512	657800.000000
56.250000	-0.027197	658000.000000
56.354167	-0.022384	658200.000000
56.458333	-0.018285	658400.000000
56.562500	-0.016331	658600.000000
56.666667	-0.015938	658800.000000
56.770833	-0.016505	659000.000000
56.875000	-0.017190	659200.000000
56.979167	-0.018284	659400.000000
57.083333	-0.018787	659600.000000
57.187500	-0.019595	659800.000000
57.291667	-0.021200	660000.000000
57.395833	-0.023850	660200.000000
57.500000	-0.026157	660400.000000
57.604167	-0.026723	660600.000000
57.708333	-0.025157	660800.000000
57.812500	-0.022827	661000.000000
57.916667	-0.022276	661200.000000
58.020833	-0.023139	661400.000000
58.125000	-0.024435	661600.000000
58.229167	-0.024084	661800.000000
58.333333	-0.022182	662000.000000
58.437500	-0.019625	662200.000000
58.541667	-0.017877	662400.000000
58.645833	-0.017348	662600.000000
58.750000	-0.017116	662800.000000
58.854167	-0.017343	663000.000000
58.958333	-0.017652	663200.000000
59.062500	-0.017581	663400.000000
59.166667	-0.017893	663600.000000
59.270833	-0.019160	663800.000000
59.375000	-0.021880	664000.000000
59.479167	-0.025424	664200.000000
59.583333	-0.028865	664400.000000
59.687500	-0.030904	664600.000000
59.791667	-0.030840	664800.000000
59.895833	-0.027909	665000.000000
60.000000	-0.022445	665200.000000
60.104167	-0.016450	665400.000000
60.208333	-0.012191	665600.000000
60.312500	-0.010776	665800.000000
60.416667	-0.011992	666000.000000
60.520833	-0.014206	666200.000000
60.625000	-0.016192	666400.000000
60.729167	-0.017391	666600.000000
60.833333	-0.018720	666800.000000
60.937500	-0.020562	667000.000000
61.041667	-0.023617	667200.000000
61.145833	-0.026556	667400.000000
61.250000	-0.028324	667600.000000
61.354167	-0.028899	667800.000000
61.458333	-0.028889	668000.000000
61.562500	-0.028418	668200.000000
61.666667	-0.026778	668400.000000
61.770833	-0.023756	668600.000000
61.875000	-0.019123	668800.000000
61.979167	-0.015360	669000.000000
62.083333	-0.014245	669200.000000
62.187500	-0.016379	669400.000000
62.291667	-0.020510	669600.000000
62.395833	-0.024399	669800.000000
62.500000	-0.026581	670000.000000
62.604167	-0.026621	670200.000000
62.708333	-0.025429	670400.000000
62.812500	-0.024378	670600.000000
62.916667	-0.023994	670800.000000
63.020833	-0.024533	671000.000000
63.125000	-0.025698	671200.000000
63.229167	-0.026862	671400.000000
63.333333	-0.028313	671600.000000
63.437500	-0.029104	671800.000000
63.541667	-0.029410	672000.000000
63.645833	-0.028567	672200.000000
63.750000	-0.026853	672400.000000
63.854167	-0.024709	672600.000000
63.958333	-0.022467	672800.000000
64.062500	-0.020648	673000.000000
64.166667	-0.019944	673200.000000
64.270833	-0.020850	673400.000000
64.375000	-0.022988	673600.000000
64.479167	-0.025480	673800.000000
64.583333	-0.027601	674000.000000
64.687500	-0.029332	674200.000000
64.791667	-0.029679	674400.000000
64.895833	-0.029106	674600.000000
65.000000	-0.028408	674800.000000
65.104167	-0.028567	675000.000000
65.208333	-0.029933	675200.000000
65.312500	-0.031304	675400.000000
65.416667	-0.030378	675600.000000
65.520833	-0.026780	675800.000000
65.625000	-0.021748	676000.000000
65.729167	-0.017723	676200.000000
65.833333	-0.016868	676400.000000
65.937500	-0.019985	676600.000000
66.041667	-0.024369	676800.000000
66.145833	-0.029336	677000.000000
66.250000	-0.033161	677200.000000
66.354167	-0.034870	677400.000000
66.458333	-0.035065	677600.000000
66.562500	-0.033528	677800.000000
66.666667	-0.030826	678000.000000
66.770833	-0.028597	678200.000000
66.875000	-0.027144	678400.000000
66.979167	-0.026845	678600.000000
67.083333	-0.026414	678800.000000
67.187500	-0.025150	679000.000000
67.291667	-0.022306	679200.000000
67.395833	-0.018994	679400.000000
67.500000	-0.016435	679600.000000
67.604167	-0.015210	679800.000000
67.708333	-0.016409	680000.000000
67.812500	-0.019485	680200.000000
67.916667	-0.022513	680400.000000
68.020833	-0.024037	680600.000000
68.125000	-0.023148	680800.000000
68.229167	-0.020563	681000.000000
68.333333	-0.017662	681200.000000
68.437500	-0.016820	681400.000000
68.541667	-0.019224	681600.000000
68.645833	-0.023448	681800.000000
68.750000	-0.027615	682000.000000
68.854167	-0.029222	682200.000000
68.958333	-0.026884	682400.000000
69.062500	-0.021880	682600.000000
69.166667	-0.016462	682800.000000
69.270833	-0.012892	683000.000000
69.375000	-0.012500	683200.000000
69.479167	-0.015307	683400.000000
69.583333	-0.019285	683600.000000
69.687500	-0.022091	683800.000000
69.791667	-0.023303	684000.000000
69.895833	-0.021838	684200.000000
70.000000	-0.020590	684400.000000
70.104167	-0.020774	684600.000000
70.208333	-0.023440	684800.000000
70.312500	-0.027691	685000.000000
70.416667	-0.031819	685200.000000
70.520833	-0.033933	685400.000000
70.625000	-0.032550	685600.000000
70.729167	-0.028999	685800.000000
70.833333	-0.024321	686000.000000
70.937500	-0.020090	686200.000000
71.041667	-0.017669	686400.000000
71.145833	-0.017407	686600.000000
71.250000	-0.019697	686800.000000
71.354167	-0.023982	687000.000000
71.458333	-0.028074	687200.000000
71.562500	-0.031529	687400.000000
71.666667	-0.034238	687600.000000
71.770833	-0.035166	687800.000000
71.875000	-0.035267	688000.000000
71.979167	-0.035261	688200.000000
72.083333	-0.035521	688400.000000
72.187500	-0.035687	688600.000000
72.291667	-0.035242	688800.000000
72.395833	-0.034216	689000.000000
72.500000	-0.032083	689200.000000
72.604167	-0.029400	689400.000000
72.708333	-0.026885	689600.000000
72.812500	-0.024854	689800.000000
72.916667	-0.023272	690000.000000
73.020833	-0.021884	690200.000000
73.125000	-0.020092	690400.000000
73.229167	-0.018108	690600.000000
73.333333	-0.016489	690800.000000
73.437500	-0.015591	691000.000000
73.541667	-0.015405	691200.000000
73.645833	-0.015365	691400.000000
73.750000	-0.014970	691600.000000
73.854167	-0.013548	691800.000000
73.958333	-0.012067	692000.000000
74.062500	-0.010661	692200.000000
74.166667	-0.010464	692400.000000
74.270833	-0.011629	692600.000000
74.375000	-0.012940	692800.000000
74.479167	-0.014455	693000.000000
74.583333	-0.014939	693200.000000
74.687500	-0.014176	693400.000000
74.791667	-0.012817	693600.000000
74.895833	-0.012040	693800.000000
75.000000	-0.012706	694000.000000
75.104167	-0.015109	694200.000000
75.208333	-0.019436	694400.000000
75.312500	-0.024165	694600.000000
75.416667	-0.027805	694800.000000
75.520833	-0.030130	695000.000000
75.625000	-0.031283	695200.000000
75.729167	-0.031118	695400.000000
75.833333	-0.030856	695600.000000
75.937500	-0.031081	695800.000000
76.041667	-0.030838	696000.000000
76.145833	-0.029987	696200.000000
76.250000	-0.027919	696400.000000
76.354167	-0.024585	696600.000000
76.458333	-0.021415	696800.000000
76.562500	-0.019383	697000.000000
76.666667	-0.018772	697200.000000
76.770833	-0.020399	697400.000000
76.875000	-0.022783	697600.000000
76.979167	-0.024793	697800.000000
77.083333	-0.026039	698000.000000
77.187500	-0.025696	698200.000000
77.291667	-0.023951	698400.000000
77.395833	-0.021618	698600.000000
77.500000	-0.020062	698800.000000
77.604167	-0.019763	699000.000000
77.708333	-0.021539	699200.000000
77.812500	-0.023909	699400.000000
77.916667	-0.025888	699600.000000
78.020833	-0.026209	699800.000000
78.125000	-0.024656	700000.000000
78.229167	-0.022133	700200.000000
78.333333	-0.020558	700400.000000
78.437500	-0.020838	700600.000000
78.541667	-0.023003	700800.000000
78.645833	-0.025655	701000.000000
78.750000	-0.027478	701200.000000
78.854167	-0.026932	701400.000000
78.958333	-0.024806	701600.000000
79.062500	-0.022775	701800.000000
79.166667	-0.021605	702000.000000
79.270833	-0.022366	702200.000000
79.375000	-0.024455	702400.000000
79.479167	-0.026978	702600.000000
79.583333	-0.029057	702800.000000
79.687500	-0.029947	703000.000000
79.791667	-0.028422	703200.000000
79.895833	-0.024731	703400.000000
80.000000	-0.020351	703600.000000
80.104167	-0.016956	703800.000000
80.208333	-0.015840	704000.000000
80.312500	-0.016648	704200.000000
80.416667	-0.018990	704400.000000
80.520833	-0.021639	704600.000000
80.625000	-0.023922	704800.000000
80.729167	-0.025906	705000.000000
80.833333	-0.027010	705200.000000
80.937500	-0.027341	705400.000000
81.041667	-0.027058	705600.000000
81.145833	-0.025825	705800.000000
81.250000	-0.024314	706000.000000
81.354167	-0.023241	706200.000000
81.458333	-0.022761	706400.000000
81.562500	-0.021668	706600.000000
81.666667	-0.019881	706800.000000
81.770833	-0.017602	707000.000000
81.875000	-0.015372	707200.000000
81.979167	-0.014576	707400.000000
82.083333	-0.014440	707600.000000
82.187500	-0.015748	707800.000000
82.291667	-0.017530	708000.000000
82.395833	-0.019339	708200.000000
82.500000	-0.020883	708400.000000
82.604167	-0.021893	708600.000000
82.708333	-0.021879	708800.000000
82.812500	-0.020984	709000.000000
82.916667	-0.019929	709200.000000
83.020833	-0.019160	709400.000000
83.125000	-0.018923	709600.000000
83.229167	-0.019114	709800.000000
83.333333	-0.019549	710000.000000
83.437500	-0.019957	710200.000000
83.541667	-0.020465	710400.000000
83.645833	-0.020327	710600.000000
83.750000	-0.019611	710800.000000
83.854167	-0.018895	711000.000000
83.958333	-0.018612	711200.000000
84.062500	-0.019115	711400.000000
84.166667	-0.020456	711600.000000
84.270833	-0.022112	711800.000000
84.375000	-0.023366	712000.000000
84.479167	-0.024342	712200.000000
84.583333	-0.024586	712400.000000
84.687500	-0.025026	712600.000000
84.791667	-0.026014	712800.000000
84.895833	-0.027343	713000.000000
85.000000	-0.028088	713200.000000
85.104167	-0.028088	713400.000000
85.208333	-0.027091	713600.000000
85.312500	-0.024788	713800.000000
85.416667	-0.022305	714000.000000
85.520833	-0.020546	714200.000000
85.625000	-0.019945	714400.000000
85.729167	-0.021013	714600.000000
85.833333	-0.023586	714800.000000
85.937500	-0.026453	715000.000000
86.041667	-0.028541	715200.000000
86.145833	-0.029619	715400.000000
86.250000	-0.029255	715600.000000
86.354167	-0.028562	715800.000000
86.458333	-0.028524	716000.000000
86.562500	-0.029271	716200.000000
86.666667	-0.030245	716400.000000
86.770833	-0.031115	716600.000000
86.875000	-0.030034	716800.000000
86.979167	-0.028260	717000.000000
87.083333	-0.026345	717200.000000
87.187500	-0.024589	717400.000000
87.291667	-0.023839	717600.000000
87.395833	-0.024554	717800.000000
87.500000	-0.026121	718000.000000
87.604167	-0.028328	718200.000000
87.708333	-0.030865	718400.000000
87.812500	-0.032366	718600.000000
87.916667	-0.032262	718800.000000
88.020833	-0.030867	719000.000000
88.125000	-0.028419	719200.000000
88.229167	-0.026711	719400.000000
88.333333	-0.026350	719600.000000
88.437500	-0.026481	719800.000000
88.541667	-0.026906	720000.000000
88.645833	-0.026950	720200.000000
88.750000	-0.026218	720400.000000
88.854167	-0.024345	720600.000000
88.958333	-0.022950	720800.000000
89.062500	-0.021830	721000.000000
89.166667	-0.020974	721200.000000
89.270833	-0.020309	721400.000000
89.375000	-0.020485	721600.000000
89.479167	-0.020886	721800.000000
89.583333	-0.021496	722000.000000
89.687500	-0.022401	722200.000000
89.791667	-0.023438	722400.000000
89.895833	-0.024584	722600.000000
90.000000	-0.025394	722800.000000
90.104167	-0.025913	723000.000000
90.208333	-0.026197	723200.000000
90.312500	-0.026068	723400.000000
90.416667	-0.024936	723600.000000
90.520833	-0.023637	723800.000000
90.625000	-0.022490	724000.000000
90.729167	-0.021515	724200.000000
90.833333	-0.021179	724400.000000
90.937500	-0.021056	724600.000000
91.041667	-0.020535	724800.000000
91.145833	-0.020668	725000.000000
91.250000	-0.021485	725200.000000
91.354167	-0.022958	725400.000000
91.458333	-0.024998	725600.000000
91.562500	-0.026753	725800.000000
91.666667	-0.027692	726000.000000
91.770833	-0.027543	726200.000000
91.875000	-0.027307	726400.000000
91.979167	-0.026246	726600.000000
92.083333	-0.025233	726800.000000
92.187500	-0.023594	727000.000000
92.291667	-0.022094	727200.000000
92.395833	-0.020920	727400.000000
92.500000	-0.020048	727600.000000
92.604167	-0.020076	727800.000000
92.708333	-0.020884	728000.000000
92.812500	-0.021788	728200.000000
92.916667	-0.022255	728400.000000
93.020833	-0.022545	728600.000000
93.125000	-0.023079	728800.000000
93.229167	-0.023192	729000.000000
93.333333	-0.022880	729200.000000
93.437500	-0.022828	729400.000000
93.541667	-0.022640	729600.000000
93.645833	-0.022520	729800.000000
93.750000	-0.022805	730000.000000
93.854167	-0.022921	730200.000000
93.958333	-0.023017	730400.000000
94.062500	-0.023130	730600.000000
94.166667	-0.023572	730800.000000
94.270833	-0.023708	731000.000000
94.375000	-0.023733	731200.000000
94.479167	-0.023309	731400.000000
94.583333	-0.023349	731600.000000
94.687500	-0.023700	731800.000000
94.791667	-0.024622	732000.000000
94.895833	-0.025578	732200.000000
95.000000	-0.026936	732400.000000
95.104167	-0.028045	732600.000000
95.208333	-0.028254	732800.000000
95.312500	-0.027963	733000.000000
95.416667	-0.027549	733200.000000
95.520833	-0.027267	733400.000000
95.625000	-0.026883	733600.000000
95.729167	-0.026198	733800.000000
95.833333	-0.025721	734000.000000
95.937500	-0.024920	734200.000000
96.041667	-0.023469	734400.000000
96.145833	-0.021735	734600.000000
96.250000	-0.019555	734800.000000
96.354167	-0.017981	735000.000000
96.458333	-0.017610	735200.000000
96.562500	-0.019192	735400.000000
96.666667	-0.021951	735600.000000
96.770833	-0.024651	735800.000000
96.875000	-0.026645	736000.000000
96.979167	-0.027653	736200.000000
97.083333	-0.027464	736400.000000
97.187500	-0.026314	736600.000000
97.291667	-0.024747	736800.000000
97.395833	-0.022340	737000.000000
97.500000	-0.019831	737200.000000
97.604167	-0.017260	737400.000000
97.708333	-0.015224	737600.000000
97.812500	-0.014282	737800.000000
97.916667	-0.014094	738000.000000
98.020833	-0.013874	738200.000000
98.125000	-0.013600	738400.000000
98.229167	-0.014197	738600.000000
98.333333	-0.015488	738800.000000
98.437500	-0.017885	739000.000000
98.541667	-0.020676	739200.000000
98.645833	-0.022969	739400.000000
98.750000	-0.024815	739600.000000
98.854167	-0.025872	739800.000000
98.958333	-0.026391	740000.000000
99.062500	-0.026905	740200.000000
99.166667	-0.027813	740400.000000
99.270833	-0.028628	740600.000000
99.375000	-0.029275	740800.000000
99.479167	-0.029400	741000.000000
99.583333	-0.029240	741200.000000
99.687500	-0.028001	741400.000000
99.791667	-0.026098	741600.000000
99.895833	-0.024203	741800.000000
100.000000	-0.022360	742000.000000
100.104167	-0.021753	742200.000000
100.208333	-0.021730	742400.000000
100.312500	-0.022300	742600.000000
100.416667	-0.023102	742800.000000
100.520833	-0.024304	743000.000000
100.625000	-0.024865	743200.000000
100.729167	-0.025138	743400.000000
100.833333	-0.025461	743600.000000
100.937500	-0.025755	743800.000000
101.041667	-0.025977	744000.000000
101.145833	-0.025875	744200.000000
101.250000	-0.025127	744400.000000
101.354167	-0.023555	744600.000000
101.458333	-0.021963	744800.000000
101.562500	-0.020521	745000.000000
101.666667	-0.019679	745200.000000
101.770833	-0.019622	745400.000000
101.875000	-0.020922	745600.000000
101.979167	-0.022628	745800.000000
102.083333	-0.024037	746000.000000
102.187500	-0.024775	746200.000000
102.291667	-0.025096	746400.000000
102.395833	-0.024329	746600.000000
102.500000	-0.023663	746800.000000
102.604167	-0.023620	747000.000000
102.708333	-0.024321	747200.000000
102.812500	-0.024971	747400.000000
102.916667	-0.025272	747600.000000
103.020833	-0.025501	747800.000000
103.125000	-0.024966	748000.000000
103.229167	-0.024014	748200.000000
103.333333	-0.023330	748400.000000
103.437500	-0.023134	748600.000000
103.541667	-0.023351	748800.000000
103.645833	-0.024223	749000.000000
103.750000	-0.025071	749200.000000
103.854167	-0.025717	749400.000000
103.958333	-0.026366	749600.000000
104.062500	-0.026753	749800.000000
104.166667	-0.026590	750000.000000
104.270833	-0.026486	750200.000000
104.375000	-0.026328	750400.000000
104.479167	-0.026275	750600.000000
104.583333	-0.026546	750800.000000
104.687500	-0.026776	751000.000000
104.791667	-0.026593	751200.000000
104.895833	-0.026005	751400.000000
105.000000	-0.024974	751600.000000
105.104167	-0.023723	751800.000000
105.208333	-0.022558	752000.000000
105.312500	-0.021539	752200.000000
105.416667	-0.020784	752400.000000
105.520833	-0.020227	752600.000000
105.625000	-0.020301	752800.000000
105.729167	-0.020817	753000.000000
105.833333	-0.021783	753200.000000
105.937500	-0.022720	753400.000000
106.041667	-0.023071	753600.000000
106.145833	-0.023057	753800.000000
106.250000	-0.022972	754000.000000
106.354167	-0.022514	754200.000000
106.458333	-0.022113	754400.000000
106.562500	-0.021753	754600.000000
106.666667	-0.021261	754800.000000
106.770833	-0.020338	755000.000000
106.875000	-0.020070	755200.000000
106.979167	-0.019963	755400.000000
107.083333	-0.019779	755600.000000
107.187500	-0.019987	755800.000000
107.291667	-0.020339	756000.000000
107.395833	-0.021270	756200.000000
107.500000	-0.022606	756400.000000
107.604167	-0.023608	756600.000000
107.708333	-0.024217	756800.000000
107.812500	-0.024344	757000.000000
107.916667	-0.024110	757200.000000
108.020833	-0.023394	757400.000000
108.125000	-0.022913	757600.000000
108.229167	-0.022404	757800.000000
108.333333	-0.021578	758000.000000
108.437500	-0.021131	758200.000000
108.541667	-0.020795	758400.000000
108.645833	-0.020394	758600.000000
108.750000	-0.019930	758800.000000
108.854167	-0.019735	759000.000000
108.958333	-0.019656	759200.000000
109.062500	-0.020439	759400.000000
109.166667	-0.021429	759600.000000
109.270833	-0.022201	759800.000000
109.375000	-0.022787	760000.000000
109.479167	-0.022955	760200.000000
109.583333	-0.022481	760400.000000
109.687500	-0.022309	760600.000000
109.791667	-0.022510	760800.000000
109.895833	-0.023139	761000.000000
110.000000	-0.024358	761200.000000
110.104167	-0.025469	761400.000000
110.208333	-0.025867	761600.000000
110.312500	-0.025445	761800.000000
110.416667	-0.024321	762000.000000
110.520833	-0.022103	762200.000000
110.625000	-0.020650	762400.000000
110.729167	-0.019808	762600.000000
110.833333	-0.020032	762800.000000
110.937500	-0.021177	763000.000000
111.041667	-0.022398	763200.000000
111.145833	-0.023091	763400.000000
111.250000	-0.023168	763600.000000
111.354167	-0.022636	763800.000000
111.458333	-0.022074	764000.000000
111.562500	-0.021726	764200.000000
111.666667	-0.022119	764400.000000
111.770833	-0.022612	764600.000000
111.875000	-0.023006	764800.000000
111.979167	-0.023021	765000.000000
112.083333	-0.022376	765200.000000
112.187500	-0.021452	765400.000000
112.291667	-0.020252	765600.000000
112.395833	-0.019897	765800.000000
112.500000	-0.019738	766000.000000
112.604167	-0.020464	766200.000000
112.708333	-0.021729	766400.000000
112.812500	-0.022876	766600.000000
112.916667	-0.023763	766800.000000
113.020833	-0.024500	767000.000000
113.125000	-0.024305	767200.000000
113.229167	-0.024296	767400.000000
113.333333	-0.024501	767600.000000
113.437500	-0.024667	767800.000000
113.541667	-0.024854	768000.000000
113.645833	-0.024639	768200.000000
113.750000	-0.024218	768400.000000
113.854167	-0.023827	768600.000000
113.958333	-0.023624	768800.000000
114.062500	-0.023648	769000.000000
114.166667	-0.023635	769200.000000
114.270833	-0.023672	769400.000000
114.375000	-0.023833	769600.000000
114.479167	-0.024120	769800.000000
114.583333	-0.024339	770000.000000
114.687500	-0.024500	770200.000000
114.791667	-0.025035	770400.000000
114.895833	-0.025597	770600.000000
115.000000	-0.026000	770800.000000
115.104167	-0.026969	771000.000000
115.208333	-0.027891	771200.000000
115.312500	-0.028425	771400.000000
115.416667	-0.028740	771600.000000
115.520833	-0.028752	771800.000000
115.625000	-0.028318	772000.000000
115.729167	-0.028096	772200.000000
115.833333	-0.028028	772400.000000
115.937500	-0.027958	772600.000000
116.041667	-0.027791	772800.000000
116.145833	-0.027255	773000.000000
116.250000	-0.026986	773200.000000
116.354167	-0.026965	773400.000000
116.458333	-0.027217	773600.000000
116.562500	-0.027918	773800.000000
116.666667	-0.028368	774000.000000
116.770833	-0.028701	774200.000000
116.875000	-0.028567	774400.000000
116.979167	-0.028038	774600.000000
117.083333	-0.027487	774800.000000
117.187500	-0.026884	775000.000000
117.291667	-0.026241	775200.000000
117.395833	-0.025685	775400.000000
117.500000	-0.025337	775600.000000
117.604167	-0.024874	775800.000000
117.708333	-0.024914	776000.000000
117.812500	-0.024810	776200.000000
117.916667	-0.025121	776400.000000
118.020833	-0.025635	776600.000000
118.125000	-0.026721	776800.000000
118.229167	-0.027792	777000.000000
118.333333	-0.028822	777200.000000
118.437500	-0.029100	777400.000000
118.541667	-0.029057	777600.000000
118.645833	-0.028905	777800.000000
118.750000	-0.028527	778000.000000
118.854167	-0.028692	778200.000000
118.958333	-0.029159	778400.000000
119.062500	-0.029474	778600.000000
119.166667	-0.029535	778800.000000
119.270833	-0.028876	779000.000000
119.375000	-0.027521	779200.000000
119.479167	-0.025601	779400.000000
119.583333	-0.023147	779600.000000
119.687500	-0.021274	779800.000000
119.791667	-0.020146	780000.000000
119.895833	-0.019654	780200.000000
120.000000	-0.020016	780400.000000
120.104167	-0.020680	780600.000000
120.208333	-0.021098	780800.000000
120.312500	-0.021240	781000.000000
120.416667	-0.021288	781200.000000
120.520833	-0.021372	781400.000000
120.625000	-0.021996	781600.000000
120.729167	-0.022928	781800.000000
120.833333	-0.023983	782000.000000
120.937500	-0.024522	782200.000000
121.041667	-0.024326	782400.000000
121.145833	-0.023151	782600.000000
121.250000	-0.021816	782800.000000
121.354167	-0.020388	783000.000000
121.458333	-0.019432	783200.000000
121.562500	-0.019659	783400.000000
121.666667	-0.019950	783600.000000
121.770833	-0.020418	783800.000000
121.875000	-0.020998	784000.000000
121.979167	-0.021686	784200.000000
122.083333	-0.022022	784400.000000
122.187500	-0.022101	784600.000000
122.291667	-0.021912	784800.000000
122.395833	-0.021319	785000.000000
122.500000	-0.020775	785200.000000
122.604167	-0.019862	785400.000000
122.708333	-0.018942	785600.000000
122.812500	-0.018356	785800.000000
122.916667	-0.018163	786000.000000
123.020833	-0.018001	786200.000000
123.125000	-0.018553	786400.000000
123.229167	-0.019055	786600.000000
123.333333	-0.019648	786800.000000
123.437500	-0.020203	787000.000000
123.541667	-0.020652	787200.000000
123.645833	-0.020953	787400.000000
123.750000	-0.021361	787600.000000
123.854167	-0.021910	787800.000000
123.958333	-0.022601	788000.000000
124.062500	-0.023229	788200.000000
124.166667	-0.023665	788400.000000
124.270833	-0.023780	788600.000000
124.375000	-0.023991	788800.000000
124.479167	-0.024166	789000.000000
124.583333	-0.024210	789200.000000
124.687500	-0.024507	789400.000000
124.791667	-0.024896	789600.000000
124.895833	-0.025201	789800.000000
125.000000	-0.025051	790000.000000
125.104167	-0.024830	790200.000000
125.208333	-0.024401	790400.000000
125.312500	-0.024191	790600.000000
125.416667	-0.024191	790800.000000
125.520833	-0.024617	791000.000000
125.625000	-0.025301	791200.000000
125.729167	-0.025802	791400.000000
125.833333	-0.025910	791600.000000
125.937500	-0.025676	791800.000000
126.041667	-0.025740	792000.000000
126.145833	-0.025781	792200.000000
126.250000	-0.025530	792400.000000
126.354167	-0.025526	792600.000000
126.458333	-0.025313	792800.000000
126.562500	-0.025033	793000.000000
126.666667	-0.024423	793200.000000
126.770833	-0.023345	793400.000000
126.875000	-0.022394	793600.000000
126.979167	-0.021795	793800.000000
127.083333	-0.021787	794000.000000
127.187500	-0.022403	794200.000000
127.291667	-0.023532	794400.000000
127.395833	-0.024235	794600.000000
127.500000	-0.024874	794800.000000
127.604167	-0.024817	795000.000000
127.708333	-0.024116	795200.000000
127.812500	-0.023333	795400.000000
127.916667	-0.023178	795600.000000
128.020833	-0.023398	795800.000000
128.125000	-0.023581	796000.000000
128.229167	-0.024139	796200.000000
128.333333	-0.024691	796400.000000
128.437500	-0.024444	796600.000000
128.541667	-0.024181	796800.000000
128.645833	-0.023734	797000.000000
128.750000	-0.023554	797200.000000
128.854167	-0.023956	797400.000000
128.958333	-0.024704	797600.000000
129.062500	-0.025417	797800.000000
129.166667	-0.025794	798000.000000
129.270833	-0.026195	798200.000000
129.375000	-0.025399	798400.000000
129.479167	-0.024458	798600.000000
129.583333	-0.023581	798800.000000
129.687500	-0.023045	799000.000000
129.791667	-0.023606	799200.000000
129.895833	-0.024206	799400.000000
130.000000	-0.024890	799600.000000
130.104167	-0.025131	799800.000000
130.208333	-0.025126	800000.000000
