0.000000	-0.021628	500000.000000
0.104167	-0.021881	500200.000000
0.208333	-0.022020	500400.000000
0.312500	-0.022058	500600.000000
0.416667	-0.022143	500800.000000
0.520833	-0.022232	501000.000000
0.625000	-0.022295	501200.000000
0.729167	-0.022238	501400.000000
0.833333	-0.022177	501600.000000
0.937500	-0.021961	501800.000000
1.041667	-0.021983	502000.000000
1.145833	-0.021884	502200.000000
1.250000	-0.022001	502400.000000
1.354167	-0.021960	502600.000000
1.458333	-0.021883	502800.000000
1.562500	-0.022092	503000.000000
1.666667	-0.021990	503200.000000
1.770833	-0.021837	503400.000000
1.875000	-0.021973	503600.000000
1.979167	-0.022088	503800.000000
2.083333	-0.021958	504000.000000
2.187500	-0.021913	504200.000000
2.291667	-0.022205	504400.000000
2.395833	-0.022127	504600.000000
2.500000	-0.022196	504800.000000
2.604167	-0.021955	505000.000000
2.708333	-0.021875	505200.000000
2.812500	-0.021931	505400.000000
2.916667	-0.022220	505600.000000
3.020833	-0.021933	505800.000000
3.125000	-0.022059	506000.000000
3.229167	-0.022016	506200.000000
3.333333	-0.022019	506400.000000
3.437500	-0.022067	506600.000000
3.541667	-0.022044	506800.000000
3.645833	-0.022096	507000.000000
3.750000	-0.022076	507200.000000
3.854167	-0.022116	507400.000000
3.958333	-0.022022	507600.000000
4.062500	-0.021942	507800.000000
4.166667	-0.022098	508000.000000
4.270833	-0.022118	508200.000000
4.375000	-0.022080	508400.000000
4.479167	-0.021928	508600.000000
4.583333	-0.021986	508800.000000
4.687500	-0.021902	509000.000000
4.791667	-0.021975	509200.000000
4.895833	-0.021895	509400.000000
5.000000	-0.022038	509600.000000
5.104167	-0.022058	509800.000000
5.208333	-0.021830	510000.000000
5.312500	-0.021768	510200.000000
5.416667	-0.021890	510400.000000
5.520833	-0.021932	510600.000000
5.625000	-0.022046	510800.000000
5.729167	-0.021723	511000.000000
5.833333	-0.021798	511200.000000
5.937500	-0.021981	511400.000000
6.041667	-0.022000	511600.000000
6.145833	-0.021878	511800.000000
6.250000	-0.022005	512000.000000
6.354167	-0.021975	512200.000000
6.458333	-0.022057	512400.000000
6.562500	-0.022012	512600.000000
6.666667	-0.022271	512800.000000
6.770833	-0.022218	513000.000000
6.875000	-0.022329	513200.000000
6.979167	-0.022010	513400.000000
7.083333	-0.022014	513600.000000
7.187500	-0.022147	513800.000000
7.291667	-0.022073	514000.000000
7.395833	-0.022170	514200.000000
7.500000	-0.022089	514400.000000
7.604167	-0.021996	514600.000000
7.708333	-0.022171	514800.000000
7.812500	-0.022059	515000.000000
7.916667	-0.022213	515200.000000
8.020833	-0.021904	515400.000000
8.125000	-0.021991	515600.000000
8.229167	-0.022136	515800.000000
8.333333	-0.022094	516000.000000
8.437500	-0.021877	516200.000000
8.541667	-0.021901	516400.000000
8.645833	-0.021979	516600.000000
8.750000	-0.021974	516800.000000
8.854167	-0.022044	517000.000000
8.958333	-0.022040	517200.000000
9.062500	-0.021926	517400.000000
9.166667	-0.022183	517600.000000
9.270833	-0.022099	517800.000000
9.375000	-0.022078	518000.000000
9.479167	-0.022213	518200.000000
9.583333	-0.021996	518400.000000
9.687500	-0.021946	518600.000000
9.791667	-0.022224	518800.000000
9.895833	-0.022216	519000.000000
10.000000	-0.022134	519200.000000
10.104167	-0.022061	519400.000000
10.208333	-0.021878	519600.000000
10.312500	-0.022158	519800.000000
10.416667	-0.022066	520000.000000
10.520833	-0.021984	520200.000000
10.625000	-0.021982	520400.000000
10.729167	-0.022046	520600.000000
10.833333	-0.022018	520800.000000
10.937500	-0.022147	521000.000000
11.041667	-0.022156	521200.000000
11.145833	-0.022102	521400.000000
11.250000	-0.022228	521600.000000
11.354167	-0.022200	521800.000000
11.458333	-0.021953	522000.000000
11.562500	-0.022011	522200.000000
11.666667	-0.022023	522400.000000
11.770833	-0.022012	522600.000000
11.875000	-0.022099	522800.000000
11.979167	-0.022044	523000.000000
12.083333	-0.022041	523200.000000
12.187500	-0.022179	523400.000000
12.291667	-0.022241	523600.000000
12.395833	-0.022159	523800.000000
12.500000	-0.022055	524000.000000
12.604167	-0.022012	524200.000000
12.708333	-0.021904	524400.000000
12.812500	-0.022073	524600.000000
12.916667	-0.022144	524800.000000
13.020833	-0.021902	525000.000000
13.125000	-0.022075	525200.000000
13.229167	-0.021949	525400.000000
13.333333	-0.022064	525600.000000
13.437500	-0.022164	525800.000000
13.541667	-0.022024	526000.000000
13.645833	-0.022127	526200.000000
13.750000	-0.022131	526400.000000
13.854167	-0.022050	526600.000000
13.958333	-0.022241	526800.000000
14.062500	-0.022253	527000.000000
14.166667	-0.022293	527200.000000
14.270833	-0.022321	527400.000000
14.375000	-0.022334	527600.000000
14.479167	-0.022342	527800.000000
14.583333	-0.022316	528000.000000
14.687500	-0.022504	528200.000000
14.791667	-0.022485	528400.000000
14.895833	-0.022207	528600.000000
15.000000	-0.022211	528800.000000
15.104167	-0.022240	529000.000000
15.208333	-0.022222	529200.000000
15.312500	-0.022620	529400.000000
15.416667	-0.022613	529600.000000
15.520833	-0.022435	529800.000000
15.625000	-0.022450	530000.000000
15.729167	-0.022258	530200.000000
15.833333	-0.022376	530400.000000
15.937500	-0.022528	530600.000000
16.041667	-0.022412	530800.000000
16.145833	-0.022606	531000.000000
16.250000	-0.022719	531200.000000
16.354167	-0.022674	531400.000000
16.458333	-0.022656	531600.000000
16.562500	-0.022784	531800.000000
16.666667	-0.022659	532000.000000
16.770833	-0.022847	532200.000000
16.875000	-0.023084	532400.000000
16.979167	-0.023139	532600.000000
17.083333	-0.023104	532800.000000
17.187500	-0.023268	533000.000000
17.291667	-0.023266	533200.000000
17.395833	-0.023412	533400.000000
17.500000	-0.023423	533600.000000
17.604167	-0.023501	533800.000000
17.708333	-0.023873	534000.000000
17.812500	-0.024006	534200.000000
17.916667	-0.024197	534400.000000
18.020833	-0.024755	534600.000000
18.125000	-0.024639	534800.000000
18.229167	-0.024753	535000.000000
18.333333	-0.025232	535200.000000
18.437500	-0.025221	535400.000000
18.541667	-0.025713	535600.000000
18.645833	-0.026130	535800.000000
18.750000	-0.026240	536000.000000
18.854167	-0.026883	536200.000000
18.958333	-0.027463	536400.000000
19.062500	-0.027877	536600.000000
19.166667	-0.028383	536800.000000
19.270833	-0.029152	537000.000000
19.375000	-0.029773	537200.000000
19.479167	-0.030660	537400.000000
19.583333	-0.031592	537600.000000
19.687500	-0.032697	537800.000000
19.791667	-0.034168	538000.000000
19.895833	-0.035613	538200.000000
20.000000	-0.037153	538400.000000
20.104167	-0.039138	538600.000000
20.208333	-0.041055	538800.000000
20.312500	-0.043567	539000.000000
20.416667	-0.046355	539200.000000
20.520833	-0.049360	539400.000000
20.625000	-0.052715	539600.000000
20.729167	-0.056637	539800.000000
20.833333	-0.060895	540000.000000
20.937500	-0.065295	540200.000000
21.041667	-0.070230	540400.000000
21.145833	-0.075462	540600.000000
21.250000	-0.081044	540800.000000
21.354167	-0.086596	541000.000000
21.458333	-0.091921	541200.000000
21.562500	-0.096876	541400.000000
21.666667	-0.100466	541600.000000
21.770833	-0.101920	541800.000000
21.875000	-0.099033	542000.000000
21.979167	-0.087125	542200.000000
22.083333	-0.054819	542400.000000
22.187500	0.017407	542600.000000
22.291667	0.154838	542800.000000
22.395833	0.372094	543000.000000
22.500000	0.637275	543200.000000
22.604167	0.889720	543400.000000
22.708333	1.021715	543600.000000
22.812500	0.958318	543800.000000
22.916667	0.692065	544000.000000
23.020833	0.311759	544200.000000
23.125000	-0.078993	544400.000000
23.229167	-0.366772	544600.000000
23.333333	-0.515052	544800.000000
23.437500	-0.542432	545000.000000
23.541667	-0.502733	545200.000000
23.645833	-0.443329	545400.000000
23.750000	-0.388748	545600.000000
23.854167	-0.341029	545800.000000
23.958333	-0.297551	546000.000000
24.062500	-0.265103	546200.000000
24.166667	-0.254986	546400.000000
24.270833	-0.270606	546600.000000
24.375000	-0.296046	546800.000000
24.479167	-0.302384	547000.000000
24.583333	-0.264927	547200.000000
24.687500	-0.185628	547400.000000
24.791667	-0.093288	547600.000000
24.895833	-0.026009	547800.000000
25.000000	-0.002538	548000.000000
25.104167	-0.018033	548200.000000
25.208333	-0.048985	548400.000000
25.312500	-0.070129	548600.000000
25.416667	-0.069252	548800.000000
25.520833	-0.048660	549000.000000
25.625000	-0.018346	549200.000000
25.729167	0.012930	549400.000000
25.833333	0.035388	549600.000000
25.937500	0.039435	549800.000000
26.041667	0.021084	550000.000000
26.145833	-0.012658	550200.000000
26.250000	-0.042539	550400.000000
26.354167	-0.048014	550600.000000
26.458333	-0.023866	550800.000000
26.562500	0.015603	551000.000000
26.666667	0.046767	551200.000000
26.770833	0.054253	551400.000000
26.875000	0.041161	551600.000000
26.979167	0.025291	551800.000000
27.083333	0.022987	552000.000000
27.187500	0.037726	552200.000000
27.291667	0.056758	552400.000000
27.395833	0.064383	552600.000000
27.500000	0.051846	552800.000000
27.604167	0.024443	553000.000000
27.708333	-0.005283	553200.000000
27.812500	-0.027177	553400.000000
27.916667	-0.039649	553600.000000
28.020833	-0.044227	553800.000000
28.125000	-0.044053	554000.000000
28.229167	-0.039554	554200.000000
28.333333	-0.029448	554400.000000
28.437500	-0.012775	554600.000000
28.541667	0.007628	554800.000000
28.645833	0.024061	555000.000000
28.750000	0.029741	555200.000000
28.854167	0.021144	555400.000000
28.958333	0.001754	555600.000000
29.062500	-0.018595	555800.000000
29.166667	-0.030310	556000.000000
29.270833	-0.030375	556200.000000
29.375000	-0.023620	556400.000000
29.479167	-0.017101	556600.000000
29.583333	-0.017066	556800.000000
29.687500	-0.023995	557000.000000
29.791667	-0.034257	557200.000000
29.895833	-0.041113	557400.000000
30.000000	-0.040054	557600.000000
30.104167	-0.030694	557800.000000
30.208333	-0.016058	558000.000000
30.312500	-0.002061	558200.000000
30.416667	0.006446	558400.000000
30.520833	0.008747	558600.000000
30.625000	0.006972	558800.000000
30.729167	0.003947	559000.000000
30.833333	0.001496	559200.000000
30.937500	-0.001090	559400.000000
31.041667	-0.004483	559600.000000
31.145833	-0.006930	559800.000000
31.250000	-0.007670	560000.000000
31.354167	-0.007540	560200.000000
31.458333	-0.010901	560400.000000
31.562500	-0.023014	560600.000000
31.666667	-0.046161	560800.000000
31.770833	-0.073949	561000.000000
31.875000	-0.094384	561200.000000
31.979167	-0.095825	561400.000000
32.083333	-0.075294	561600.000000
32.187500	-0.041211	561800.000000
32.291667	-0.009380	562000.000000
32.395833	0.008581	562200.000000
32.500000	0.009043	562400.000000
32.604167	-0.003512	562600.000000
32.708333	-0.019643	562800.000000
32.812500	-0.031402	563000.000000
32.916667	-0.036348	563200.000000
33.020833	-0.036219	563400.000000
33.125000	-0.034208	563600.000000
33.229167	-0.032699	563800.000000
33.333333	-0.031688	564000.000000
33.437500	-0.031902	564200.000000
33.541667	-0.032300	564400.000000
33.645833	-0.031853	564600.000000
33.750000	-0.029097	564800.000000
33.854167	-0.022821	565000.000000
33.958333	-0.012453	565200.000000
34.062500	0.002147	565400.000000
34.166667	0.017512	565600.000000
34.270833	0.027986	565800.000000
34.375000	0.027306	566000.000000
34.479167	0.012161	566200.000000
34.583333	-0.014272	566400.000000
34.687500	-0.040636	566600.000000
34.791667	-0.054347	566800.000000
34.895833	-0.046550	567000.000000
35.000000	-0.022944	567200.000000
35.104167	0.003061	567400.000000
35.208333	0.013812	567600.000000
35.312500	0.003407	567800.000000
35.416667	-0.019785	568000.000000
35.520833	-0.039369	568200.000000
35.625000	-0.043119	568400.000000
35.729167	-0.028942	568600.000000
35.833333	-0.006048	568800.000000
35.937500	0.012793	569000.000000
36.041667	0.019609	569200.000000
36.145833	0.015293	569400.000000
36.250000	0.004039	569600.000000
36.354167	-0.008853	569800.000000
36.458333	-0.019205	570000.000000
36.562500	-0.023287	570200.000000
36.666667	-0.020175	570400.000000
36.770833	-0.012729	570600.000000
36.875000	-0.008147	570800.000000
36.979167	-0.013495	571000.000000
37.083333	-0.030420	571200.000000
37.187500	-0.049720	571400.000000
37.291667	-0.060323	571600.000000
37.395833	-0.055579	571800.000000
37.500000	-0.037071	572000.000000
37.604167	-0.011447	572200.000000
37.708333	0.011570	572400.000000
37.812500	0.024604	572600.000000
37.916667	0.022985	572800.000000
38.020833	0.006752	573000.000000
38.125000	-0.019410	573200.000000
38.229167	-0.044527	573400.000000
38.333333	-0.058242	573600.000000
38.437500	-0.056061	573800.000000
38.541667	-0.043479	574000.000000
38.645833	-0.032253	574200.000000
38.750000	-0.034737	574400.000000
38.854167	-0.050243	574600.000000
38.958333	-0.066354	574800.000000
39.062500	-0.069017	575000.000000
39.166667	-0.052419	575200.000000
39.270833	-0.022234	575400.000000
39.375000	0.009621	575600.000000
39.479167	0.028014	575800.000000
39.583333	0.025804	576000.000000
39.687500	0.004772	576200.000000
39.791667	-0.021995	576400.000000
39.895833	-0.043085	576600.000000
40.000000	-0.050646	576800.000000
40.104167	-0.044417	577000.000000
40.208333	-0.030351	577200.000000
40.312500	-0.018498	577400.000000
40.416667	-0.013618	577600.000000
40.520833	-0.017091	577800.000000
40.625000	-0.027041	578000.000000
40.729167	-0.040271	578200.000000
40.833333	-0.050600	578400.000000
40.937500	-0.053660	578600.000000
41.041667	-0.046094	578800.000000
41.145833	-0.030859	579000.000000
41.250000	-0.014112	579200.000000
41.354167	-0.003893	579400.000000
41.458333	-0.003370	579600.000000
41.562500	-0.010805	579800.000000
41.666667	-0.019438	580000.000000
41.770833	-0.025410	580200.000000
41.875000	-0.025929	580400.000000
41.979167	-0.022579	580600.000000
42.083333	-0.019361	580800.000000
42.187500	-0.020843	581000.000000
42.291667	-0.028637	581200.000000
42.395833	-0.041154	581400.000000
42.500000	-0.052428	581600.000000
42.604167	-0.056505	581800.000000
42.708333	-0.051339	582000.000000
42.812500	-0.038301	582200.000000
42.916667	-0.023032	582400.000000
43.020833	-0.010392	582600.000000
43.125000	-0.004105	582800.000000
43.229167	-0.003841	583000.000000
43.333333	-0.006649	583200.000000
43.437500	-0.009599	583400.000000
43.541667	-0.011557	583600.000000
43.645833	-0.014755	583800.000000
43.750000	-0.022211	584000.000000
43.854167	-0.034064	584200.000000
43.958333	-0.047346	584400.000000
44.062500	-0.054926	584600.000000
44.166667	-0.052168	584800.000000
44.270833	-0.040687	585000.000000
44.375000	-0.027221	585200.000000
44.479167	-0.018000	585400.000000
44.583333	-0.015065	585600.000000
44.687500	-0.015429	585800.000000
44.791667	-0.014966	586000.000000
44.895833	-0.012256	586200.000000
45.000000	-0.010539	586400.000000
45.104167	-0.011698	586600.000000
45.208333	-0.015697	586800.000000
45.312500	-0.019826	587000.000000
45.416667	-0.020853	587200.000000
45.520833	-0.019768	587400.000000
45.625000	-0.019588	587600.000000
45.729167	-0.022628	587800.000000
45.833333	-0.029514	588000.000000
45.937500	-0.035496	588200.000000
46.041667	-0.036643	588400.000000
46.145833	-0.032635	588600.000000
46.250000	-0.025756	588800.000000
46.354167	-0.020264	589000.000000
46.458333	-0.018806	589200.000000
46.562500	-0.021274	589400.000000
46.666667	-0.023709	589600.000000
46.770833	-0.023087	589800.000000
46.875000	-0.018790	590000.000000
46.979167	-0.012826	590200.000000
47.083333	-0.007322	590400.000000
47.187500	-0.004823	590600.000000
47.291667	-0.006572	590800.000000
47.395833	-0.014074	591000.000000
47.500000	-0.025711	591200.000000
47.604167	-0.037160	591400.000000
47.708333	-0.043403	591600.000000
47.812500	-0.041363	591800.000000
47.916667	-0.034607	592000.000000
48.020833	-0.028498	592200.000000
48.125000	-0.026706	592400.000000
48.229167	-0.026771	592600.000000
48.333333	-0.024426	592800.000000
48.437500	-0.016722	593000.000000
48.541667	-0.005696	593200.000000
48.645833	0.003226	593400.000000
48.750000	0.005238	593600.000000
48.854167	-0.001047	593800.000000
48.958333	-0.012798	594000.000000
49.062500	-0.025082	594200.000000
49.166667	-0.034270	594400.000000
49.270833	-0.040092	594600.000000
49.375000	-0.041612	594800.000000
49.479167	-0.038815	595000.000000
49.583333	-0.032178	595200.000000
49.687500	-0.023336	595400.000000
49.791667	-0.016377	595600.000000
49.895833	-0.013850	595800.000000
50.000000	-0.016180	596000.000000
50.104167	-0.020540	596200.000000
50.208333	-0.022691	596400.000000
50.312500	-0.020206	596600.000000
50.416667	-0.013865	596800.000000
50.520833	-0.006410	597000.000000
50.625000	-0.002595	597200.000000
50.729167	-0.005721	597400.000000
50.833333	-0.014802	597600.000000
50.937500	-0.025858	597800.000000
51.041667	-0.033262	598000.000000
51.145833	-0.033313	598200.000000
51.250000	-0.027949	598400.000000
51.354167	-0.021072	598600.000000
51.458333	-0.016607	598800.000000
51.562500	-0.017150	599000.000000
51.666667	-0.021646	599200.000000
51.770833	-0.027556	599400.000000
51.875000	-0.030827	599600.000000
51.979167	-0.029170	599800.000000
52.083333	-0.022680	600000.000000
52.187500	-0.013116	600200.000000
52.291667	-0.004392	600400.000000
52.395833	0.000017	600600.000000
52.500000	-0.001274	600800.000000
52.604167	-0.006911	601000.000000
52.708333	-0.014348	601200.000000
52.812500	-0.021974	601400.000000
52.916667	-0.028898	601600.000000
53.020833	-0.035854	601800.000000
53.125000	-0.041059	602000.000000
53.229167	-0.042972	602200.000000
53.333333	-0.039385	602400.000000
53.437500	-0.031825	602600.000000
53.541667	-0.022601	602800.000000
53.645833	-0.015527	603000.000000
53.750000	-0.011904	603200.000000
53.854167	-0.010962	603400.000000
53.958333	-0.010360	603600.000000
54.062500	-0.010335	603800.000000
54.166667	-0.011289	604000.000000
54.270833	-0.013595	604200.000000
54.375000	-0.017595	604400.000000
54.479167	-0.021726	604600.000000
54.583333	-0.025488	604800.000000
54.687500	-0.028842	605000.000000
54.791667	-0.032403	605200.000000
54.895833	-0.034997	605400.000000
55.000000	-0.035185	605600.000000
55.104167	-0.031940	605800.000000
55.208333	-0.026348	606000.000000
55.312500	-0.020917	606200.000000
55.416667	-0.016736	606400.000000
55.520833	-0.014606	606600.000000
55.625000	-0.014801	606800.000000
55.729167	-0.018340	607000.000000
55.833333	-0.023998	607200.000000
55.937500	-0.028588	607400.000000
56.041667	-0.028836	607600.000000
56.145833	-0.024436	607800.000000
56.250000	-0.018683	608000.000000
56.354167	-0.016074	608200.000000
56.458333	-0.019884	608400.000000
56.562500	-0.028268	608600.000000
56.666667	-0.036020	608800.000000
56.770833	-0.038957	609000.000000
56.875000	-0.035874	609200.000000
56.979167	-0.030086	609400.000000
57.083333	-0.025969	609600.000000
57.187500	-0.025460	609800.000000
57.291667	-0.026631	610000.000000
57.395833	-0.027241	610200.000000
57.500000	-0.025102	610400.000000
57.604167	-0.020111	610600.000000
57.708333	-0.014433	610800.000000
57.812500	-0.009043	611000.000000
57.916667	-0.006950	611200.000000
58.020833	-0.010288	611400.000000
58.125000	-0.019194	611600.000000
58.229167	-0.030734	611800.000000
58.333333	-0.041392	612000.000000
58.437500	-0.046182	612200.000000
58.541667	-0.042603	612400.000000
58.645833	-0.034306	612600.000000
58.750000	-0.026141	612800.000000
58.854167	-0.021353	613000.000000
58.958333	-0.021022	613200.000000
59.062500	-0.021635	613400.000000
59.166667	-0.021093	613600.000000
59.270833	-0.018591	613800.000000
59.375000	-0.015636	614000.000000
59.479167	-0.013467	614200.000000
59.583333	-0.013169	614400.000000
59.687500	-0.014633	614600.000000
59.791667	-0.017761	614800.000000
59.895833	-0.023564	615000.000000
60.000000	-0.030911	615200.000000
60.104167	-0.037061	615400.000000
60.208333	-0.039534	615600.000000
60.312500	-0.035235	615800.000000
60.416667	-0.026501	616000.000000
60.520833	-0.017916	616200.000000
60.625000	-0.013368	616400.000000
60.729167	-0.014595	616600.000000
60.833333	-0.018933	616800.000000
60.937500	-0.023075	617000.000000
61.041667	-0.024471	617200.000000
61.145833	-0.023025	617400.000000
61.250000	-0.020260	617600.000000
61.354167	-0.017402	617800.000000
61.458333	-0.014622	618000.000000
61.562500	-0.012932	618200.000000
61.666667	-0.012361	618400.000000
61.770833	-0.013493	618600.000000
61.875000	-0.016379	618800.000000
61.979167	-0.020747	619000.000000
62.083333	-0.025432	619200.000000
62.187500	-0.029163	619400.000000
62.291667	-0.030743	619600.000000
62.395833	-0.029290	619800.000000
62.500000	-0.025830	620000.000000
62.604167	-0.021214	620200.000000
62.708333	-0.016654	620400.000000
62.812500	-0.013501	620600.000000
62.916667	-0.012715	620800.000000
63.020833	-0.013495	621000.000000
63.125000	-0.015073	621200.000000
63.229167	-0.016320	621400.000000
63.333333	-0.015915	621600.000000
63.437500	-0.015006	621800.000000
63.541667	-0.015269	622000.000000
63.645833	-0.018205	622200.000000
63.750000	-0.023794	622400.000000
63.854167	-0.029717	622600.000000
63.958333	-0.033140	622800.000000
64.062500	-0.031805	623000.000000
64.166667	-0.026139	623200.000000
64.270833	-0.018212	623400.000000
64.375000	-0.010680	623600.000000
64.479167	-0.006215	623800.000000
64.583333	-0.005803	624000.000000
64.687500	-0.008948	624200.000000
64.791667	-0.014555	624400.000000
64.895833	-0.020279	624600.000000
65.000000	-0.023672	624800.000000
65.104167	-0.025363	625000.000000
65.208333	-0.026031	625200.000000
65.312500	-0.026997	625400.000000
65.416667	-0.028700	625600.000000
65.520833	-0.031588	625800.000000
65.625000	-0.034297	626000.000000
65.729167	-0.035545	626200.000000
65.833333	-0.034072	626400.000000
65.937500	-0.030610	626600.000000
66.041667	-0.025724	626800.000000
66.145833	-0.022580	627000.000000
66.250000	-0.022380	627200.000000
66.354167	-0.025367	627400.000000
66.458333	-0.029206	627600.000000
66.562500	-0.030221	627800.000000
66.666667	-0.026327	628000.000000
66.770833	-0.019507	628200.000000
66.875000	-0.012791	628400.000000
66.979167	-0.010815	628600.000000
67.083333	-0.014817	628800.000000
67.187500	-0.022634	629000.000000
67.291667	-0.030169	629200.000000
67.395833	-0.034513	629400.000000
67.500000	-0.034473	629600.000000
67.604167	-0.031275	629800.000000
67.708333	-0.027132	630000.000000
67.812500	-0.023922	630200.000000
67.916667	-0.022314	630400.000000
68.020833	-0.022840	630600.000000
68.125000	-0.024010	630800.000000
68.229167	-0.023611	631000.000000
68.333333	-0.021009	631200.000000
68.437500	-0.015680	631400.000000
68.541667	-0.010077	631600.000000
68.645833	-0.007910	631800.000000
68.750000	-0.011110	632000.000000
68.854167	-0.017955	632200.000000
68.958333	-0.025935	632400.000000
69.062500	-0.031494	632600.000000
69.166667	-0.032861	632800.000000
69.270833	-0.031218	633000.000000
69.375000	-0.027958	633200.000000
69.479167	-0.024062	633400.000000
69.583333	-0.019889	633600.000000
69.687500	-0.015175	633800.000000
69.791667	-0.010113	634000.000000
69.895833	-0.007103	634200.000000
70.000000	-0.006161	634400.000000
70.104167	-0.007360	634600.000000
70.208333	-0.009925	634800.000000
70.312500	-0.012834	635000.000000
70.416667	-0.015301	635200.000000
70.520833	-0.017585	635400.000000
70.625000	-0.019133	635600.000000
70.729167	-0.019800	635800.000000
70.833333	-0.020062	636000.000000
70.937500	-0.020147	636200.000000
71.041667	-0.022005	636400.000000
71.145833	-0.026008	636600.000000
71.250000	-0.031115	636800.000000
71.354167	-0.035045	637000.000000
71.458333	-0.035729	637200.000000
71.562500	-0.033450	637400.000000
71.666667	-0.029963	637600.000000
71.770833	-0.027626	637800.000000
71.875000	-0.028421	638000.000000
71.979167	-0.031879	638200.000000
72.083333	-0.035964	638400.000000
72.187500	-0.038375	638600.000000
72.291667	-0.037915	638800.000000
72.395833	-0.034877	639000.000000
72.500000	-0.030743	639200.000000
72.604167	-0.027281	639400.000000
72.708333	-0.026180	639600.000000
72.812500	-0.028293	639800.000000
72.916667	-0.032410	640000.000000
73.020833	-0.035929	640200.000000
73.125000	-0.036431	640400.000000
73.229167	-0.032482	640600.000000
73.333333	-0.024682	640800.000000
73.437500	-0.015786	641000.000000
73.541667	-0.009370	641200.000000
73.645833	-0.006935	641400.000000
73.750000	-0.008148	641600.000000
73.854167	-0.010752	641800.000000
73.958333	-0.013114	642000.000000
74.062500	-0.014141	642200.000000
74.166667	-0.014376	642400.000000
74.270833	-0.014691	642600.000000
74.375000	-0.017276	642800.000000
74.479167	-0.021141	643000.000000
74.583333	-0.026074	643200.000000
74.687500	-0.029701	643400.000000
74.791667	-0.029952	643600.000000
74.895833	-0.026325	643800.000000
75.000000	-0.021070	644000.000000
75.104167	-0.015875	644200.000000
75.208333	-0.013814	644400.000000
75.312500	-0.015723	644600.000000
75.416667	-0.020688	644800.000000
75.520833	-0.026008	645000.000000
75.625000	-0.028500	645200.000000
75.729167	-0.027894	645400.000000
75.833333	-0.024830	645600.000000
75.937500	-0.021775	645800.000000
76.041667	-0.020342	646000.000000
76.145833	-0.021539	646200.000000
76.250000	-0.024927	646400.000000
76.354167	-0.027946	646600.000000
76.458333	-0.028750	646800.000000
76.562500	-0.026012	647000.000000
76.666667	-0.020415	647200.000000
76.770833	-0.014667	647400.000000
76.875000	-0.011698	647600.000000
76.979167	-0.013228	647800.000000
77.083333	-0.018258	648000.000000
77.187500	-0.023832	648200.000000
77.291667	-0.026994	648400.000000
77.395833	-0.026770	648600.000000
77.500000	-0.023846	648800.000000
77.604167	-0.019998	649000.000000
77.708333	-0.017565	649200.000000
77.812500	-0.018009	649400.000000
77.916667	-0.021929	649600.000000
78.020833	-0.027324	649800.000000
78.125000	-0.032931	650000.000000
78.229167	-0.036780	650200.000000
78.333333	-0.037898	650400.000000
78.437500	-0.035845	650600.000000
78.541667	-0.031984	650800.000000
78.645833	-0.027752	651000.000000
78.750000	-0.024389	651200.000000
78.854167	-0.022195	651400.000000
78.958333	-0.020792	651600.000000
79.062500	-0.019627	651800.000000
79.166667	-0.018790	652000.000000
79.270833	-0.018911	652200.000000
79.375000	-0.019731	652400.000000
79.479167	-0.021706	652600.000000
79.583333	-0.024178	652800.000000
79.687500	-0.026507	653000.000000
79.791667	-0.027969	653200.000000
79.895833	-0.028336	653400.000000
80.000000	-0.028037	653600.000000
80.104167	-0.027280	653800.000000
80.208333	-0.026897	654000.000000
80.312500	-0.026048	654200.000000
80.416667	-0.025137	654400.000000
80.520833	-0.023532	654600.000000
80.625000	-0.021804	654800.000000
80.729167	-0.020442	655000.000000
80.833333	-0.020007	655200.000000
80.937500	-0.020451	655400.000000
81.041667	-0.021568	655600.000000
81.145833	-0.022694	655800.000000
81.250000	-0.023529	656000.000000
81.354167	-0.024504	656200.000000
81.458333	-0.024902	656400.000000
81.562500	-0.025066	656600.000000
81.666667	-0.023989	656800.000000
81.770833	-0.023033	657000.000000
81.875000	-0.022226	657200.000000
81.979167	-0.022343	657400.000000
82.083333	-0.023373	657600.000000
82.187500	-0.024069	657800.000000
82.291667	-0.024021	658000.000000
82.395833	-0.023501	658200.000000
82.500000	-0.022295	658400.000000
82.604167	-0.020849	658600.000000
82.708333	-0.018950	658800.000000
82.812500	-0.016320	659000.000000
82.916667	-0.013615	659200.000000
83.020833	-0.011932	659400.000000
83.125000	-0.012448	659600.000000
83.229167	-0.014996	659800.000000
83.333333	-0.018520	660000.000000
83.437500	-0.022065	660200.000000
83.541667	-0.024116	660400.000000
83.645833	-0.024593	660600.000000
83.750000	-0.023948	660800.000000
83.854167	-0.022425	661000.000000
83.958333	-0.019806	661200.000000
84.062500	-0.017008	661400.000000
84.166667	-0.014683	661600.000000
84.270833	-0.013994	661800.000000
84.375000	-0.014957	662000.000000
84.479167	-0.016471	662200.000000
84.583333	-0.017207	662400.000000
84.687500	-0.016953	662600.000000
84.791667	-0.015918	662800.000000
84.895833	-0.016363	663000.000000
85.000000	-0.018487	663200.000000
85.104167	-0.022064	663400.000000
85.208333	-0.025777	663600.000000
85.312500	-0.027937	663800.000000
85.416667	-0.028165	664000.000000
85.520833	-0.026243	664200.000000
85.625000	-0.022975	664400.000000
85.729167	-0.019843	664600.000000
85.833333	-0.017215	664800.000000
85.937500	-0.016506	665000.000000
86.041667	-0.017980	665200.000000
86.145833	-0.020050	665400.000000
86.250000	-0.022476	665600.000000
86.354167	-0.023465	665800.000000
86.458333	-0.023185	666000.000000
86.562500	-0.022351	666200.000000
86.666667	-0.021734	666400.000000
86.770833	-0.021927	666600.000000
86.875000	-0.022843	666800.000000
86.979167	-0.023899	667000.000000
87.083333	-0.024935	667200.000000
87.187500	-0.025301	667400.000000
87.291667	-0.025408	667600.000000
87.395833	-0.025911	667800.000000
87.500000	-0.026501	668000.000000
87.604167	-0.027004	668200.000000
87.708333	-0.026320	668400.000000
87.812500	-0.024709	668600.000000
87.916667	-0.022333	668800.000000
88.020833	-0.020437	669000.000000
88.125000	-0.019133	669200.000000
88.229167	-0.018615	669400.000000
88.333333	-0.018819	669600.000000
88.437500	-0.019579	669800.000000
88.541667	-0.020845	670000.000000
88.645833	-0.022860	670200.000000
88.750000	-0.025125	670400.000000
88.854167	-0.026819	670600.000000
88.958333	-0.027933	670800.000000
89.062500	-0.028290	671000.000000
89.166667	-0.027966	671200.000000
89.270833	-0.027372	671400.000000
89.375000	-0.026069	671600.000000
89.479167	-0.024661	671800.000000
89.583333	-0.022697	672000.000000
89.687500	-0.020759	672200.000000
89.791667	-0.019179	672400.000000
89.895833	-0.018429	672600.000000
90.000000	-0.018680	672800.000000
90.104167	-0.019960	673000.000000
90.208333	-0.021749	673200.000000
90.312500	-0.024132	673400.000000
90.416667	-0.026203	673600.000000
90.520833	-0.027928	673800.000000
90.625000	-0.028726	674000.000000
90.729167	-0.028298	674200.000000
90.833333	-0.026815	674400.000000
90.937500	-0.024772	674600.000000
91.041667	-0.022734	674800.000000
91.145833	-0.021616	675000.000000
91.250000	-0.021053	675200.000000
91.354167	-0.021582	675400.000000
91.458333	-0.023180	675600.000000
91.562500	-0.024623	675800.000000
91.666667	-0.025523	676000.000000
91.770833	-0.025270	676200.000000
91.875000	-0.024281	676400.000000
91.979167	-0.022673	676600.000000
92.083333	-0.021428	676800.000000
92.187500	-0.021336	677000.000000
92.291667	-0.022307	677200.000000
92.395833	-0.024412	677400.000000
92.500000	-0.026423	677600.000000
92.604167	-0.027625	677800.000000
92.708333	-0.026881	678000.000000
92.812500	-0.025088	678200.000000
92.916667	-0.023252	678400.000000
93.020833	-0.021433	678600.000000
93.125000	-0.020123	678800.000000
93.229167	-0.019929	679000.000000
93.333333	-0.020146	679200.000000
93.437500	-0.020527	679400.000000
93.541667	-0.020344	679600.000000
93.645833	-0.019579	679800.000000
93.750000	-0.018584	680000.000000
93.854167	-0.018371	680200.000000
93.958333	-0.019096	680400.000000
94.062500	-0.021052	680600.000000
94.166667	-0.023979	680800.000000
94.270833	-0.027226	681000.000000
94.375000	-0.029823	681200.000000
94.479167	-0.031169	681400.000000
94.583333	-0.030571	681600.000000
94.687500	-0.027792	681800.000000
94.791667	-0.023699	682000.000000
94.895833	-0.020042	682200.000000
95.000000	-0.018380	682400.000000
95.104167	-0.018572	682600.000000
95.208333	-0.020245	682800.000000
95.312500	-0.022075	683000.000000
95.416667	-0.023476	683200.000000
95.520833	-0.023647	683400.000000
95.625000	-0.023591	683600.000000
95.729167	-0.023893	683800.000000
95.833333	-0.024662	684000.000000
95.937500	-0.025941	684200.000000
96.041667	-0.026780	684400.000000
96.145833	-0.026986	684600.000000
96.250000	-0.026613	684800.000000
96.354167	-0.025571	685000.000000
96.458333	-0.024277	685200.000000
96.562500	-0.023184	685400.000000
96.666667	-0.022433	685600.000000
96.770833	-0.022422	685800.000000
96.875000	-0.022875	686000.000000
96.979167	-0.022978	686200.000000
97.083333	-0.022772	686400.000000
97.187500	-0.021774	686600.000000
97.291667	-0.020183	686800.000000
97.395833	-0.019326	687000.000000
97.500000	-0.018588	687200.000000
97.604167	-0.018526	687400.000000
97.708333	-0.019360	687600.000000
97.812500	-0.020924	687800.000000
97.916667	-0.022562	688000.000000
98.020833	-0.024058	688200.000000
98.125000	-0.024764	688400.000000
98.229167	-0.024674	688600.000000
98.333333	-0.024034	688800.000000
98.437500	-0.023388	689000.000000
98.541667	-0.023137	689200.000000
98.645833	-0.023450	689400.000000
98.750000	-0.024437	689600.000000
98.854167	-0.024603	689800.000000
98.958333	-0.023772	690000.000000
99.062500	-0.021494	690200.000000
99.166667	-0.019325	690400.000000
99.270833	-0.018770	690600.000000
99.375000	-0.020310	690800.000000
99.479167	-0.023317	691000.000000
99.583333	-0.027150	691200.000000
99.687500	-0.029329	691400.000000
99.791667	-0.029453	691600.000000
99.895833	-0.027267	691800.000000
100.000000	-0.024038	692000.000000
100.104167	-0.021023	692200.000000
100.208333	-0.019193	692400.000000
100.312500	-0.019100	692600.000000
100.416667	-0.020207	692800.000000
100.520833	-0.022199	693000.000000
100.625000	-0.023348	693200.000000
100.729167	-0.023681	693400.000000
100.833333	-0.022978	693600.000000
100.937500	-0.021658	693800.000000
101.041667	-0.020646	694000.000000
101.145833	-0.020435	694200.000000
101.250000	-0.021308	694400.000000
101.354167	-0.022635	694600.000000
101.458333	-0.023572	694800.000000
101.562500	-0.023962	695000.000000
101.666667	-0.023196	695200.000000
101.770833	-0.022042	695400.000000
101.875000	-0.020564	695600.000000
101.979167	-0.020330	695800.000000
102.083333	-0.020856	696000.000000
102.187500	-0.022234	696200.000000
102.291667	-0.024064	696400.000000
102.395833	-0.025218	696600.000000
102.500000	-0.025158	696800.000000
102.604167	-0.024480	697000.000000
102.708333	-0.022881	697200.000000
102.812500	-0.021412	697400.000000
102.916667	-0.021171	697600.000000
103.020833	-0.021827	697800.000000
103.125000	-0.023316	698000.000000
103.229167	-0.025115	698200.000000
103.333333	-0.026661	698400.000000
103.437500	-0.027884	698600.000000
103.541667	-0.028690	698800.000000
103.645833	-0.028752	699000.000000
103.750000	-0.028075	699200.000000
103.854167	-0.026496	699400.000000
103.958333	-0.024139	699600.000000
104.062500	-0.022355	699800.000000
104.166667	-0.021208	700000.000000
104.270833	-0.020789	700200.000000
104.375000	-0.021662	700400.000000
104.479167	-0.022915	700600.000000
104.583333	-0.023658	700800.000000
104.687500	-0.023838	701000.000000
104.791667	-0.023889	701200.000000
104.895833	-0.023887	701400.000000
105.000000	-0.024537	701600.000000
105.104167	-0.025429	701800.000000
105.208333	-0.026182	702000.000000
105.312500	-0.026113	702200.000000
105.416667	-0.024845	702400.000000
105.520833	-0.022532	702600.000000
105.625000	-0.020647	702800.000000
105.729167	-0.019495	703000.000000
105.833333	-0.019426	703200.000000
105.937500	-0.020039	703400.000000
106.041667	-0.021108	703600.000000
106.145833	-0.022107	703800.000000
106.250000	-0.023236	704000.000000
106.354167	-0.023539	704200.000000
106.458333	-0.023752	704400.000000
106.562500	-0.023489	704600.000000
106.666667	-0.023218	704800.000000
106.770833	-0.023327	705000.000000
106.875000	-0.024261	705200.000000
106.979167	-0.025229	705400.000000
107.083333	-0.025555	705600.000000
107.187500	-0.024910	705800.000000
107.291667	-0.023307	706000.000000
107.395833	-0.021679	706200.000000
107.500000	-0.020789	706400.000000
107.604167	-0.020648	706600.000000
107.708333	-0.021676	706800.000000
107.812500	-0.022918	707000.000000
107.916667	-0.023529	707200.000000
108.020833	-0.023077	707400.000000
108.125000	-0.021390	707600.000000
108.229167	-0.019413	707800.000000
108.333333	-0.017807	708000.000000
108.437500	-0.018087	708200.000000
108.541667	-0.020116	708400.000000
108.645833	-0.023519	708600.000000
108.750000	-0.027140	708800.000000
108.854167	-0.028797	709000.000000
108.958333	-0.027685	709200.000000
109.062500	-0.024865	709400.000000
109.166667	-0.021907	709600.000000
109.270833	-0.020323	709800.000000
109.375000	-0.021027	710000.000000
109.479167	-0.022765	710200.000000
109.583333	-0.025202	710400.000000
109.687500	-0.026095	710600.000000
109.791667	-0.026016	710800.000000
109.895833	-0.025024	711000.000000
110.000000	-0.023934	711200.000000
110.104167	-0.023376	711400.000000
110.208333	-0.023772	711600.000000
110.312500	-0.025190	711800.000000
110.416667	-0.027100	712000.000000
110.520833	-0.028489	712200.000000
110.625000	-0.028193	712400.000000
110.729167	-0.026137	712600.000000
110.833333	-0.023111	712800.000000
110.937500	-0.020316	713000.000000
111.041667	-0.018292	713200.000000
111.145833	-0.017644	713400.000000
111.250000	-0.018228	713600.000000
111.354167	-0.019554	713800.000000
111.458333	-0.021065	714000.000000
111.562500	-0.021754	714200.000000
111.666667	-0.021819	714400.000000
111.770833	-0.020769	714600.000000
111.875000	-0.019545	714800.000000
111.979167	-0.018838	715000.000000
112.083333	-0.018866	715200.000000
112.187500	-0.019431	715400.000000
112.291667	-0.020595	715600.000000
112.395833	-0.020991	715800.000000
112.500000	-0.020644	716000.000000
112.604167	-0.020114	716200.000000
112.708333	-0.019721	716400.000000
112.812500	-0.019430	716600.000000
112.916667	-0.019472	716800.000000
113.020833	-0.019418	717000.000000
113.125000	-0.019202	717200.000000
113.229167	-0.018760	717400.000000
113.333333	-0.018171	717600.000000
113.437500	-0.017245	717800.000000
113.541667	-0.016191	718000.000000
113.645833	-0.014952	718200.000000
113.750000	-0.013702	718400.000000
113.854167	-0.012876	718600.000000
113.958333	-0.012450	718800.000000
114.062500	-0.012892	719000.000000
114.166667	-0.014522	719200.000000
114.270833	-0.017157	719400.000000
114.375000	-0.021428	719600.000000
114.479167	-0.026289	719800.000000
114.583333	-0.030955	720000.000000
114.687500	-0.035226	720200.000000
114.791667	-0.038888	720400.000000
114.895833	-0.041663	720600.000000
115.000000	-0.043850	720800.000000
115.104167	-0.045003	721000.000000
115.208333	-0.044493	721200.000000
115.312500	-0.041960	721400.000000
115.416667	-0.038029	721600.000000
115.520833	-0.033130	721800.000000
115.625000	-0.028173	722000.000000
115.729167	-0.023673	722200.000000
115.833333	-0.019913	722400.000000
115.937500	-0.017093	722600.000000
116.041667	-0.014554	722800.000000
116.145833	-0.012420	723000.000000
116.250000	-0.011385	723200.000000
116.354167	-0.010713	723400.000000
116.458333	-0.011615	723600.000000
116.562500	-0.013168	723800.000000
116.666667	-0.014975	724000.000000
116.770833	-0.016945	724200.000000
116.875000	-0.018458	724400.000000
116.979167	-0.018828	724600.000000
117.083333	-0.018433	724800.000000
117.187500	-0.017634	725000.000000
117.291667	-0.016844	725200.000000
117.395833	-0.017006	725400.000000
117.500000	-0.018027	725600.000000
117.604167	-0.019858	725800.000000
117.708333	-0.021765	726000.000000
117.812500	-0.023269	726200.000000
117.916667	-0.023482	726400.000000
118.020833	-0.023093	726600.000000
118.125000	-0.022413	726800.000000
118.229167	-0.022366	727000.000000
118.333333	-0.023382	727200.000000
118.437500	-0.025703	727400.000000
118.541667	-0.027887	727600.000000
118.645833	-0.029694	727800.000000
118.750000	-0.029842	728000.000000
118.854167	-0.028659	728200.000000
118.958333	-0.027143	728400.000000
119.062500	-0.026198	728600.000000
119.166667	-0.025829	728800.000000
119.270833	-0.026746	729000.000000
119.375000	-0.028428	729200.000000
119.479167	-0.029679	729400.000000
119.583333	-0.030461	729600.000000
119.687500	-0.030486	729800.000000
119.791667	-0.029635	730000.000000
119.895833	-0.028299	730200.000000
120.000000	-0.026335	730400.000000
120.104167	-0.024628	730600.000000
120.208333	-0.023013	730800.000000
120.312500	-0.021423	731000.000000
120.416667	-0.020452	731200.000000
120.520833	-0.020788	731400.000000
120.625000	-0.021543	731600.000000
120.729167	-0.023468	731800.000000
120.833333	-0.025374	732000.000000
120.937500	-0.026074	732200.000000
121.041667	-0.025981	732400.000000
121.145833	-0.025463	732600.000000
121.250000	-0.024438	732800.000000
121.354167	-0.023779	733000.000000
121.458333	-0.023375	733200.000000
121.562500	-0.023183	733400.000000
121.666667	-0.023353	733600.000000
121.770833	-0.023655	733800.000000
121.875000	-0.023666	734000.000000
121.979167	-0.023447	734200.000000
122.083333	-0.023236	734400.000000
122.187500	-0.022475	734600.000000
122.291667	-0.022131	734800.000000
122.395833	-0.022283	735000.000000
122.500000	-0.022768	735200.000000
122.604167	-0.023392	735400.000000
122.708333	-0.023372	735600.000000
122.812500	-0.022867	735800.000000
122.916667	-0.022666	736000.000000
123.020833	-0.022611	736200.000000
123.125000	-0.022846	736400.000000
123.229167	-0.023369	736600.000000
123.333333	-0.023940	736800.000000
123.437500	-0.024287	737000.000000
123.541667	-0.023852	737200.000000
123.645833	-0.022563	737400.000000
123.750000	-0.020817	737600.000000
123.854167	-0.019416	737800.000000
123.958333	-0.018589	738000.000000
124.062500	-0.018599	738200.000000
124.166667	-0.019460	738400.000000
124.270833	-0.020523	738600.000000
124.375000	-0.021441	738800.000000
124.479167	-0.021949	739000.000000
124.583333	-0.021436	739200.000000
124.687500	-0.021406	739400.000000
124.791667	-0.022031	739600.000000
124.895833	-0.023370	739800.000000
125.000000	-0.024989	740000.000000
125.104167	-0.025919	740200.000000
125.208333	-0.025178	740400.000000
125.312500	-0.023470	740600.000000
125.416667	-0.021359	740800.000000
125.520833	-0.019454	741000.000000
125.625000	-0.018904	741200.000000
125.729167	-0.019917	741400.000000
125.833333	-0.021731	741600.000000
125.937500	-0.023659	741800.000000
126.041667	-0.025198	742000.000000
126.145833	-0.025877	742200.000000
126.250000	-0.025871	742400.000000
126.354167	-0.025278	742600.000000
126.458333	-0.024364	742800.000000
126.562500	-0.024096	743000.000000
126.666667	-0.024330	743200.000000
126.770833	-0.025238	743400.000000
126.875000	-0.026228	743600.000000
126.979167	-0.026381	743800.000000
127.083333	-0.025477	744000.000000
127.187500	-0.024211	744200.000000
127.291667	-0.022500	744400.000000
127.395833	-0.021496	744600.000000
127.500000	-0.021310	744800.000000
127.604167	-0.022026	745000.000000
127.708333	-0.023340	745200.000000
127.812500	-0.024283	745400.000000
127.916667	-0.024584	745600.000000
128.020833	-0.023770	745800.000000
128.125000	-0.022410	746000.000000
128.229167	-0.021323	746200.000000
128.333333	-0.021049	746400.000000
128.437500	-0.022194	746600.000000
128.541667	-0.023970	746800.000000
128.645833	-0.025257	747000.000000
128.750000	-0.025400	747200.000000
128.854167	-0.024311	747400.000000
128.958333	-0.022800	747600.000000
129.062500	-0.021125	747800.000000
129.166667	-0.019960	748000.000000
129.270833	-0.019602	748200.000000
129.375000	-0.019305	748400.000000
129.479167	-0.019596	748600.000000
129.583333	-0.020449	748800.000000
129.687500	-0.021624	749000.000000
129.791667	-0.022772	749200.000000
129.895833	-0.023946	749400.000000
130.000000	-0.024841	749600.000000
130.104167	-0.025966	749800.000000
130.208333	-0.026697	750000.000000
