0.000000	-0.023360	550000.000000
0.104167	-0.023181	550200.000000
0.208333	-0.023181	550400.000000
0.312500	-0.023208	550600.000000
0.416667	-0.023351	550800.000000
0.520833	-0.023128	551000.000000
0.625000	-0.023298	551200.000000
0.729167	-0.023122	551400.000000
0.833333	-0.023154	551600.000000
0.937500	-0.023064	551800.000000
1.041667	-0.023287	552000.000000
1.145833	-0.022963	552200.000000
1.250000	-0.023159	552400.000000
1.354167	-0.023104	552600.000000
1.458333	-0.023168	552800.000000
1.562500	-0.023016	553000.000000
1.666667	-0.022970	553200.000000
1.770833	-0.022950	553400.000000
1.875000	-0.022883	553600.000000
1.979167	-0.023025	553800.000000
2.083333	-0.022851	554000.000000
2.187500	-0.022975	554200.000000
2.291667	-0.022990	554400.000000
2.395833	-0.022943	554600.000000
2.500000	-0.022984	554800.000000
2.604167	-0.023055	555000.000000
2.708333	-0.022997	555200.000000
2.812500	-0.022939	555400.000000
2.916667	-0.022876	555600.000000
3.020833	-0.022994	555800.000000
3.125000	-0.023077	556000.000000
3.229167	-0.022786	556200.000000
3.333333	-0.022956	556400.000000
3.437500	-0.022927	556600.000000
3.541667	-0.023163	556800.000000
3.645833	-0.023029	557000.000000
3.750000	-0.022957	557200.000000
3.854167	-0.023096	557400.000000
3.958333	-0.022837	557600.000000
4.062500	-0.023027	557800.000000
4.166667	-0.023016	558000.000000
4.270833	-0.022857	558200.000000
4.375000	-0.022940	558400.000000
4.479167	-0.023112	558600.000000
4.583333	-0.023016	558800.000000
4.687500	-0.022950	559000.000000
4.791667	-0.022980	559200.000000
4.895833	-0.022914	559400.000000
5.000000	-0.022940	559600.000000
5.104167	-0.023026	559800.000000
5.208333	-0.023154	560000.000000
5.312500	-0.022996	560200.000000
5.416667	-0.022927	560400.000000
5.520833	-0.023069	560600.000000
5.625000	-0.023007	560800.000000
5.729167	-0.023063	561000.000000
5.833333	-0.023066	561200.000000
5.937500	-0.022941	561400.000000
6.041667	-0.023045	561600.000000
6.145833	-0.022732	561800.000000
6.250000	-0.022701	562000.000000
6.354167	-0.022932	562200.000000
6.458333	-0.022798	562400.000000
6.562500	-0.022781	562600.000000
6.666667	-0.022903	562800.000000
6.770833	-0.022828	563000.000000
6.875000	-0.022774	563200.000000
6.979167	-0.022887	563400.000000
7.083333	-0.022882	563600.000000
7.187500	-0.022787	563800.000000
7.291667	-0.022861	564000.000000
7.395833	-0.023241	564200.000000
7.500000	-0.022834	564400.000000
7.604167	-0.022821	564600.000000
7.708333	-0.022979	564800.000000
7.812500	-0.022862	565000.000000
7.916667	-0.022851	565200.000000
8.020833	-0.022902	565400.000000
8.125000	-0.022916	565600.000000
8.229167	-0.023070	565800.000000
8.333333	-0.023174	566000.000000
8.437500	-0.023156	566200.000000
8.541667	-0.023089	566400.000000
8.645833	-0.022877	566600.000000
8.750000	-0.023105	566800.000000
8.854167	-0.022945	567000.000000
8.958333	-0.022965	567200.000000
9.062500	-0.023200	567400.000000
9.166667	-0.022919	567600.000000
9.270833	-0.022967	567800.000000
9.375000	-0.023134	568000.000000
9.479167	-0.022950	568200.000000
9.583333	-0.023078	568400.000000
9.687500	-0.022963	568600.000000
9.791667	-0.022982	568800.000000
9.895833	-0.022959	569000.000000
10.000000	-0.022875	569200.000000
10.104167	-0.023019	569400.000000
10.208333	-0.023014	569600.000000
10.312500	-0.022959	569800.000000
10.416667	-0.022946	570000.000000
10.520833	-0.022887	570200.000000
10.625000	-0.022947	570400.000000
10.729167	-0.022842	570600.000000
10.833333	-0.022948	570800.000000
10.937500	-0.022865	571000.000000
11.041667	-0.022900	571200.000000
11.145833	-0.022735	571400.000000
11.250000	-0.022688	571600.000000
11.354167	-0.022683	571800.000000
11.458333	-0.022859	572000.000000
11.562500	-0.022952	572200.000000
11.666667	-0.022811	572400.000000
11.770833	-0.022810	572600.000000
11.875000	-0.022805	572800.000000
11.979167	-0.022793	573000.000000
12.083333	-0.022910	573200.000000
12.187500	-0.022938	573400.000000
12.291667	-0.022871	573600.000000
12.395833	-0.022801	573800.000000
12.500000	-0.022892	574000.000000
12.604167	-0.022858	574200.000000
12.708333	-0.023034	574400.000000
12.812500	-0.023016	574600.000000
12.916667	-0.022870	574800.000000
13.020833	-0.023043	575000.000000
13.125000	-0.023081	575200.000000
13.229167	-0.023091	575400.000000
13.333333	-0.023118	575600.000000
13.437500	-0.023135	575800.000000
13.541667	-0.023028	576000.000000
13.645833	-0.022951	576200.000000
13.750000	-0.022923	576400.000000
13.854167	-0.022991	576600.000000
13.958333	-0.022804	576800.000000
14.062500	-0.023125	577000.000000
14.166667	-0.022817	577200.000000
14.270833	-0.022959	577400.000000
14.375000	-0.022886	577600.000000
14.479167	-0.022804	577800.000000
14.583333	-0.022842	578000.000000
14.687500	-0.022877	578200.000000
14.791667	-0.022885	578400.000000
14.895833	-0.022785	578600.000000
15.000000	-0.022925	578800.000000
15.104167	-0.022848	579000.000000
15.208333	-0.022728	579200.000000
15.312500	-0.022836	579400.000000
15.416667	-0.022754	579600.000000
15.520833	-0.022710	579800.000000
15.625000	-0.022867	580000.000000
15.729167	-0.022784	580200.000000
15.833333	-0.022800	580400.000000
15.937500	-0.022989	580600.000000
16.041667	-0.022972	580800.000000
16.145833	-0.023138	581000.000000
16.250000	-0.023208	581200.000000
16.354167	-0.022991	581400.000000
16.458333	-0.023127	581600.000000
16.562500	-0.023188	581800.000000
16.666667	-0.023107	582000.000000
16.770833	-0.022998	582200.000000
16.875000	-0.022802	582400.000000
16.979167	-0.022926	582600.000000
17.083333	-0.022820	582800.000000
17.187500	-0.022731	583000.000000
17.291667	-0.022769	583200.000000
17.395833	-0.022595	583400.000000
17.500000	-0.022685	583600.000000
17.604167	-0.022509	583800.000000
17.708333	-0.022494	584000.000000
17.812500	-0.022311	584200.000000
17.916667	-0.022231	584400.000000
18.020833	-0.022282	584600.000000
18.125000	-0.022178	584800.000000
18.229167	-0.022232	585000.000000
18.333333	-0.022017	585200.000000
18.437500	-0.021872	585400.000000
18.541667	-0.021738	585600.000000
18.645833	-0.021625	585800.000000
18.750000	-0.021534	586000.000000
18.854167	-0.021337	586200.000000
18.958333	-0.021162	586400.000000
19.062500	-0.021187	586600.000000
19.166667	-0.021233	586800.000000
19.270833	-0.021124	587000.000000
19.375000	-0.020902	587200.000000
19.479167	-0.020873	587400.000000
19.583333	-0.020553	587600.000000
19.687500	-0.020449	587800.000000
19.791667	-0.020410	588000.000000
19.895833	-0.020130	588200.000000
20.000000	-0.019804	588400.000000
20.104167	-0.019508	588600.000000
20.208333	-0.019187	588800.000000
20.312500	-0.018880	589000.000000
20.416667	-0.018419	589200.000000
20.520833	-0.017973	589400.000000
20.625000	-0.017638	589600.000000
20.729167	-0.016769	589800.000000
20.833333	-0.016476	590000.000000
20.937500	-0.015408	590200.000000
21.041667	-0.014714	590400.000000
21.145833	-0.013856	590600.000000
21.250000	-0.012749	590800.000000
21.354167	-0.011660	591000.000000
21.458333	-0.010355	591200.000000
21.562500	-0.008855	591400.000000
21.666667	-0.007414	591600.000000
21.770833	-0.005711	591800.000000
21.875000	-0.003503	592000.000000
21.979167	-0.001127	592200.000000
22.083333	0.001145	592400.000000
22.187500	0.003934	592600.000000
22.291667	0.006691	592800.000000
22.395833	0.009806	593000.000000
22.500000	0.013109	593200.000000
22.604167	0.016347	593400.000000
22.708333	0.020127	593600.000000
22.812500	0.023885	593800.000000
22.916667	0.027785	594000.000000
23.020833	0.031736	594200.000000
23.125000	0.036249	594400.000000
23.229167	0.040700	594600.000000
23.333333	0.044827	594800.000000
23.437500	0.049202	595000.000000
23.541667	0.053552	595200.000000
23.645833	0.056946	595400.000000
23.750000	0.058096	595600.000000
23.854167	0.053946	595800.000000
23.958333	0.033602	596000.000000
24.062500	-0.021309	596200.000000
24.166667	-0.132316	596400.000000
24.270833	-0.315168	596600.000000
24.375000	-0.544580	596800.000000
24.479167	-0.758474	597000.000000
24.583333	-0.884768	597200.000000
24.687500	-0.866237	597400.000000
24.791667	-0.702834	597600.000000
24.895833	-0.448729	597800.000000
25.000000	-0.178222	598000.000000
25.104167	0.053918	598200.000000
25.208333	0.205692	598400.000000
25.312500	0.283984	598600.000000
25.416667	0.309708	598800.000000
25.520833	0.303574	599000.000000
25.625000	0.283102	599200.000000
25.729167	0.256120	599400.000000
25.833333	0.224958	599600.000000
25.937500	0.194935	599800.000000
26.041667	0.174538	600000.000000
26.145833	0.166932	600200.000000
26.250000	0.164849	600400.000000
26.354167	0.155160	600600.000000
26.458333	0.127507	600800.000000
26.562500	0.086564	601000.000000
26.666667	0.044278	601200.000000
26.770833	0.015119	601400.000000
26.875000	0.002592	601600.000000
26.979167	0.002803	601800.000000
27.083333	0.008099	602000.000000
27.187500	0.012696	602200.000000
27.291667	0.011913	602400.000000
27.395833	0.004325	602600.000000
27.500000	-0.009944	602800.000000
27.604167	-0.026263	603000.000000
27.708333	-0.038791	603200.000000
27.812500	-0.041438	603400.000000
27.916667	-0.030936	603600.000000
28.020833	-0.013054	603800.000000
28.125000	0.001230	604000.000000
28.229167	0.003207	604200.000000
28.333333	-0.008377	604400.000000
28.437500	-0.024611	604600.000000
28.541667	-0.035160	604800.000000
28.645833	-0.034614	605000.000000
28.750000	-0.028015	605200.000000
28.854167	-0.023655	605400.000000
28.958333	-0.025947	605600.000000
29.062500	-0.033066	605800.000000
29.166667	-0.040642	606000.000000
29.270833	-0.043676	606200.000000
29.375000	-0.041053	606400.000000
29.479167	-0.033217	606600.000000
29.583333	-0.022679	606800.000000
29.687500	-0.011212	607000.000000
29.791667	-0.001516	607200.000000
29.895833	0.005211	607400.000000
30.000000	0.006647	607600.000000
30.104167	0.002704	607800.000000
30.208333	-0.004905	608000.000000
30.312500	-0.014000	608200.000000
30.416667	-0.023230	608400.000000
30.520833	-0.030603	608600.000000
30.625000	-0.034489	608800.000000
30.729167	-0.032978	609000.000000
30.833333	-0.027232	609200.000000
30.937500	-0.021058	609400.000000
31.041667	-0.017903	609600.000000
31.145833	-0.018690	609800.000000
31.250000	-0.021716	610000.000000
31.354167	-0.023939	610200.000000
31.458333	-0.023197	610400.000000
31.562500	-0.020014	610600.000000
31.666667	-0.016250	610800.000000
31.770833	-0.014374	611000.000000
31.875000	-0.016736	611200.000000
31.979167	-0.023270	611400.000000
32.083333	-0.031906	611600.000000
32.187500	-0.038678	611800.000000
32.291667	-0.042756	612000.000000
32.395833	-0.044367	612200.000000
32.500000	-0.044827	612400.000000
32.604167	-0.044987	612600.000000
32.708333	-0.043676	612800.000000
32.812500	-0.040814	613000.000000
32.916667	-0.038148	613200.000000
33.020833	-0.037155	613400.000000
33.125000	-0.037713	613600.000000
33.229167	-0.038238	613800.000000
33.333333	-0.035370	614000.000000
33.437500	-0.027545	614200.000000
33.541667	-0.016041	614400.000000
33.645833	-0.003709	614600.000000
33.750000	0.003216	614800.000000
33.854167	0.001773	615000.000000
33.958333	-0.008432	615200.000000
34.062500	-0.022993	615400.000000
34.166667	-0.035383	615600.000000
34.270833	-0.041730	615800.000000
34.375000	-0.041552	616000.000000
34.479167	-0.036874	616200.000000
34.583333	-0.030347	616400.000000
34.687500	-0.024367	616600.000000
34.791667	-0.020686	616800.000000
34.895833	-0.019752	617000.000000
35.000000	-0.019520	617200.000000
35.104167	-0.019129	617400.000000
35.208333	-0.017925	617600.000000
35.312500	-0.015859	617800.000000
35.416667	-0.014121	618000.000000
35.520833	-0.013931	618200.000000
35.625000	-0.015934	618400.000000
35.729167	-0.020468	618600.000000
35.833333	-0.027694	618800.000000
35.937500	-0.036667	619000.000000
36.041667	-0.046191	619200.000000
36.145833	-0.052280	619400.000000
36.250000	-0.052715	619600.000000
36.354167	-0.045204	619800.000000
36.458333	-0.032691	620000.000000
36.562500	-0.019603	620200.000000
36.666667	-0.013621	620400.000000
36.770833	-0.017195	620600.000000
36.875000	-0.027205	620800.000000
36.979167	-0.036214	621000.000000
37.083333	-0.038072	621200.000000
37.187500	-0.031532	621400.000000
37.291667	-0.021332	621600.000000
37.395833	-0.014733	621800.000000
37.500000	-0.016062	622000.000000
37.604167	-0.023639	622200.000000
37.708333	-0.033537	622400.000000
37.812500	-0.041257	622600.000000
37.916667	-0.045118	622800.000000
38.020833	-0.045193	623000.000000
38.125000	-0.041597	623200.000000
38.229167	-0.035978	623400.000000
38.333333	-0.030902	623600.000000
38.437500	-0.029473	623800.000000
38.541667	-0.032967	624000.000000
38.645833	-0.038419	624200.000000
38.750000	-0.040816	624400.000000
38.854167	-0.036433	624600.000000
38.958333	-0.025891	624800.000000
39.062500	-0.015463	625000.000000
39.166667	-0.010765	625200.000000
39.270833	-0.014423	625400.000000
39.375000	-0.023252	625600.000000
39.479167	-0.034165	625800.000000
39.583333	-0.044805	626000.000000
39.687500	-0.051801	626200.000000
39.791667	-0.051873	626400.000000
39.895833	-0.043762	626600.000000
40.000000	-0.030139	626800.000000
40.104167	-0.018023	627000.000000
40.208333	-0.013979	627200.000000
40.312500	-0.018206	627400.000000
40.416667	-0.025549	627600.000000
40.520833	-0.028512	627800.000000
40.625000	-0.022725	628000.000000
40.729167	-0.010625	628200.000000
40.833333	-0.000704	628400.000000
40.937500	0.000669	628600.000000
41.041667	-0.008457	628800.000000
41.145833	-0.024203	629000.000000
41.250000	-0.039876	629200.000000
41.354167	-0.049196	629400.000000
41.458333	-0.049422	629600.000000
41.562500	-0.041163	629800.000000
41.666667	-0.028598	630000.000000
41.770833	-0.017781	630200.000000
41.875000	-0.012682	630400.000000
41.979167	-0.013812	630600.000000
42.083333	-0.019119	630800.000000
42.187500	-0.025903	631000.000000
42.291667	-0.030168	631200.000000
42.395833	-0.029467	631400.000000
42.500000	-0.023460	631600.000000
42.604167	-0.014953	631800.000000
42.708333	-0.008223	632000.000000
42.812500	-0.007654	632200.000000
42.916667	-0.012573	632400.000000
43.020833	-0.020378	632600.000000
43.125000	-0.027409	632800.000000
43.229167	-0.031399	633000.000000
43.333333	-0.031429	633200.000000
43.437500	-0.028119	633400.000000
43.541667	-0.023301	633600.000000
43.645833	-0.019251	633800.000000
43.750000	-0.018346	634000.000000
43.854167	-0.020782	634200.000000
43.958333	-0.023745	634400.000000
44.062500	-0.023619	634600.000000
44.166667	-0.017718	634800.000000
44.270833	-0.007872	635000.000000
44.375000	0.000916	635200.000000
44.479167	0.003943	635400.000000
44.583333	0.000480	635600.000000
44.687500	-0.007944	635800.000000
44.791667	-0.017578	636000.000000
44.895833	-0.024971	636200.000000
45.000000	-0.029356	636400.000000
45.104167	-0.030975	636600.000000
45.208333	-0.029873	636800.000000
45.312500	-0.028380	637000.000000
45.416667	-0.026831	637200.000000
45.520833	-0.024347	637400.000000
45.625000	-0.020569	637600.000000
45.729167	-0.015014	637800.000000
45.833333	-0.008970	638000.000000
45.937500	-0.005380	638200.000000
46.041667	-0.004898	638400.000000
46.145833	-0.007802	638600.000000
46.250000	-0.011779	638800.000000
46.354167	-0.015503	639000.000000
46.458333	-0.018213	639200.000000
46.562500	-0.020512	639400.000000
46.666667	-0.023421	639600.000000
46.770833	-0.025359	639800.000000
46.875000	-0.025757	640000.000000
46.979167	-0.024779	640200.000000
47.083333	-0.022998	640400.000000
47.187500	-0.022003	640600.000000
47.291667	-0.022191	640800.000000
47.395833	-0.023099	641000.000000
47.500000	-0.023035	641200.000000
47.604167	-0.021159	641400.000000
47.708333	-0.017942	641600.000000
47.812500	-0.014891	641800.000000
47.916667	-0.013690	642000.000000
48.020833	-0.014971	642200.000000
48.125000	-0.017683	642400.000000
48.229167	-0.019916	642600.000000
48.333333	-0.020539	642800.000000
48.437500	-0.020171	643000.000000
48.541667	-0.019710	643200.000000
48.645833	-0.021042	643400.000000
48.750000	-0.023759	643600.000000
48.854167	-0.027346	643800.000000
48.958333	-0.031071	644000.000000
49.062500	-0.032717	644200.000000
49.166667	-0.031594	644400.000000
49.270833	-0.026974	644600.000000
49.375000	-0.019958	644800.000000
49.479167	-0.013014	645000.000000
49.583333	-0.010275	645200.000000
49.687500	-0.011618	645400.000000
49.791667	-0.014796	645600.000000
49.895833	-0.016607	645800.000000
50.000000	-0.016128	646000.000000
50.104167	-0.015952	646200.000000
50.208333	-0.018920	646400.000000
50.312500	-0.025056	646600.000000
50.416667	-0.031956	646800.000000
50.520833	-0.036817	647000.000000
50.625000	-0.037971	647200.000000
50.729167	-0.035806	647400.000000
50.833333	-0.031203	647600.000000
50.937500	-0.025187	647800.000000
51.041667	-0.018759	648000.000000
51.145833	-0.014184	648200.000000
51.250000	-0.012233	648400.000000
51.354167	-0.013431	648600.000000
51.458333	-0.017414	648800.000000
51.562500	-0.022533	649000.000000
51.666667	-0.026155	649200.000000
51.770833	-0.026522	649400.000000
51.875000	-0.025040	649600.000000
51.979167	-0.023290	649800.000000
52.083333	-0.023837	650000.000000
52.187500	-0.026356	650200.000000
52.291667	-0.030895	650400.000000
52.395833	-0.035046	650600.000000
52.500000	-0.037465	650800.000000
52.604167	-0.035655	651000.000000
52.708333	-0.030069	651200.000000
52.812500	-0.023164	651400.000000
52.916667	-0.018311	651600.000000
53.020833	-0.018028	651800.000000
53.125000	-0.022179	652000.000000
53.229167	-0.026868	652200.000000
53.333333	-0.029685	652400.000000
53.437500	-0.028929	652600.000000
53.541667	-0.024945	652800.000000
53.645833	-0.020308	653000.000000
53.750000	-0.017895	653200.000000
53.854167	-0.019253	653400.000000
53.958333	-0.024316	653600.000000
54.062500	-0.030733	653800.000000
54.166667	-0.036206	654000.000000
54.270833	-0.038954	654200.000000
54.375000	-0.037768	654400.000000
54.479167	-0.033540	654600.000000
54.583333	-0.027963	654800.000000
54.687500	-0.023244	655000.000000
54.791667	-0.019655	655200.000000
54.895833	-0.016901	655400.000000
55.000000	-0.015136	655600.000000
55.104167	-0.014744	655800.000000
55.208333	-0.015989	656000.000000
55.312500	-0.017974	656200.000000
55.416667	-0.019788	656400.000000
55.520833	-0.021880	656600.000000
55.625000	-0.024176	656800.000000
55.729167	-0.027519	657000.000000
55.833333	-0.030876	657200.000000
55.937500	-0.033420	657400.000000
56.041667	-0.033723	657600.000000
56.145833	-0.031253	657800.000000
56.250000	-0.026939	658000.000000
56.354167	-0.022112	658200.000000
56.458333	-0.018259	658400.000000
56.562500	-0.016377	658600.000000
56.666667	-0.015895	658800.000000
56.770833	-0.016411	659000.000000
56.875000	-0.017578	659200.000000
56.979167	-0.018438	659400.000000
57.083333	-0.018846	659600.000000
57.187500	-0.019765	659800.000000
57.291667	-0.021430	660000.000000
57.395833	-0.023833	660200.000000
57.500000	-0.026291	660400.000000
57.604167	-0.026911	660600.000000
57.708333	-0.025061	660800.000000
57.812500	-0.022961	661000.000000
57.916667	-0.022250	661200.000000
58.020833	-0.023191	661400.000000
58.125000	-0.024500	661600.000000
58.229167	-0.024195	661800.000000
58.333333	-0.022244	662000.000000
58.437500	-0.019789	662200.000000
58.541667	-0.018115	662400.000000
58.645833	-0.017341	662600.000000
58.750000	-0.017281	662800.000000
58.854167	-0.017471	663000.000000
58.958333	-0.017548	663200.000000
59.062500	-0.017626	663400.000000
59.166667	-0.017680	663600.000000
59.270833	-0.019062	663800.000000
59.375000	-0.021882	664000.000000
59.479167	-0.025453	664200.000000
59.583333	-0.028940	664400.000000
59.687500	-0.030953	664600.000000
59.791667	-0.030698	664800.000000
59.895833	-0.027796	665000.000000
60.000000	-0.022472	665200.000000
60.104167	-0.016633	665400.000000
60.208333	-0.012335	665600.000000
60.312500	-0.010893	665800.000000
60.416667	-0.012206	666000.000000
60.520833	-0.014416	666200.000000
60.625000	-0.016274	666400.000000
60.729167	-0.017531	666600.000000
60.833333	-0.018459	666800.000000
60.937500	-0.020594	667000.000000
61.041667	-0.023575	667200.000000
61.145833	-0.026637	667400.000000
61.250000	-0.028404	667600.000000
61.354167	-0.028793	667800.000000
61.458333	-0.028973	668000.000000
61.562500	-0.028318	668200.000000
61.666667	-0.026962	668400.000000
61.770833	-0.023690	668600.000000
61.875000	-0.019173	668800.000000
61.979167	-0.015511	669000.000000
62.083333	-0.014152	669200.000000
62.187500	-0.016393	669400.000000
62.291667	-0.020541	669600.000000
62.395833	-0.024494	669800.000000
62.500000	-0.026546	670000.000000
62.604167	-0.026465	670200.000000
62.708333	-0.025244	670400.000000
62.812500	-0.024199	670600.000000
62.916667	-0.024031	670800.000000
63.020833	-0.024499	671000.000000
63.125000	-0.025415	671200.000000
63.229167	-0.026804	671400.000000
63.333333	-0.028253	671600.000000
63.437500	-0.028973	671800.000000
63.541667	-0.029227	672000.000000
63.645833	-0.028335	672200.000000
63.750000	-0.026851	672400.000000
63.854167	-0.024709	672600.000000
63.958333	-0.022501	672800.000000
64.062500	-0.020598	673000.000000
64.166667	-0.019849	673200.000000
64.270833	-0.020792	673400.000000
64.375000	-0.023009	673600.000000
64.479167	-0.025455	673800.000000
64.583333	-0.027545	674000.000000
64.687500	-0.029178	674200.000000
64.791667	-0.029660	674400.000000
64.895833	-0.029019	674600.000000
65.000000	-0.028353	674800.000000
65.104167	-0.028471	675000.000000
65.208333	-0.030010	675200.000000
65.312500	-0.031209	675400.000000
65.416667	-0.030480	675600.000000
65.520833	-0.026903	675800.000000
65.625000	-0.021735	676000.000000
65.729167	-0.017662	676200.000000
65.833333	-0.017000	676400.000000
65.937500	-0.019754	676600.000000
66.041667	-0.024249	676800.000000
66.145833	-0.029189	677000.000000
66.250000	-0.032865	677200.000000
66.354167	-0.034839	677400.000000
66.458333	-0.034908	677600.000000
66.562500	-0.033431	677800.000000
66.666667	-0.030938	678000.000000
66.770833	-0.028503	678200.000000
66.875000	-0.027202	678400.000000
66.979167	-0.026771	678600.000000
67.083333	-0.026390	678800.000000
67.187500	-0.025071	679000.000000
67.291667	-0.022289	679200.000000
67.395833	-0.019114	679400.000000
67.500000	-0.016386	679600.000000
67.604167	-0.015201	679800.000000
67.708333	-0.016426	680000.000000
67.812500	-0.019118	680200.000000
67.916667	-0.022216	680400.000000
68.020833	-0.024029	680600.000000
68.125000	-0.023315	680800.000000
68.229167	-0.020825	681000.000000
68.333333	-0.017749	681200.000000
68.437500	-0.016988	681400.000000
68.541667	-0.018910	681600.000000
68.645833	-0.023195	681800.000000
68.750000	-0.027382	682000.000000
68.854167	-0.029083	682200.000000
68.958333	-0.027276	682400.000000
69.062500	-0.022183	682600.000000
69.166667	-0.016491	682800.000000
69.270833	-0.012719	683000.000000
69.375000	-0.012618	683200.000000
69.479167	-0.015162	683400.000000
69.583333	-0.019164	683600.000000
69.687500	-0.022311	683800.000000
69.791667	-0.023310	684000.000000
69.895833	-0.022198	684200.000000
70.000000	-0.020791	684400.000000
70.104167	-0.020896	684600.000000
70.208333	-0.023367	684800.000000
70.312500	-0.027341	685000.000000
70.416667	-0.031717	685200.000000
70.520833	-0.033927	685400.000000
70.625000	-0.032824	685600.000000
70.729167	-0.029346	685800.000000
70.833333	-0.024261	686000.000000
70.937500	-0.019994	686200.000000
71.041667	-0.017662	686400.000000
71.145833	-0.017902	686600.000000
71.250000	-0.020181	686800.000000
71.354167	-0.023750	687000.000000
71.458333	-0.028063	687200.000000
71.562500	-0.031740	687400.000000
71.666667	-0.034179	687600.000000
71.770833	-0.034906	687800.000000
71.875000	-0.035126	688000.000000
71.979167	-0.035162	688200.000000
72.083333	-0.035546	688400.000000
72.187500	-0.035795	688600.000000
72.291667	-0.035808	688800.000000
72.395833	-0.034389	689000.000000
72.500000	-0.032010	689200.000000
72.604167	-0.029282	689400.000000
72.708333	-0.026789	689600.000000
72.812500	-0.024890	689800.000000
72.916667	-0.023572	690000.000000
73.020833	-0.021994	690200.000000
73.125000	-0.020343	690400.000000
73.229167	-0.018369	690600.000000
73.333333	-0.016621	690800.000000
73.437500	-0.015809	691000.000000
73.541667	-0.015602	691200.000000
73.645833	-0.015451	691400.000000
73.750000	-0.014984	691600.000000
73.854167	-0.013911	691800.000000
73.958333	-0.012332	692000.000000
74.062500	-0.010793	692200.000000
74.166667	-0.010686	692400.000000
74.270833	-0.011704	692600.000000
74.375000	-0.013210	692800.000000
74.479167	-0.014636	693000.000000
74.583333	-0.015075	693200.000000
74.687500	-0.014359	693400.000000
74.791667	-0.013139	693600.000000
74.895833	-0.012268	693800.000000
75.000000	-0.012657	694000.000000
75.104167	-0.015541	694200.000000
75.208333	-0.019852	694400.000000
75.312500	-0.024311	694600.000000
75.416667	-0.027900	694800.000000
75.520833	-0.030389	695000.000000
75.625000	-0.031284	695200.000000
75.729167	-0.031199	695400.000000
75.833333	-0.031266	695600.000000
75.937500	-0.031148	695800.000000
76.041667	-0.030922	696000.000000
76.145833	-0.029987	696200.000000
76.250000	-0.027823	696400.000000
76.354167	-0.024817	696600.000000
76.458333	-0.021840	696800.000000
76.562500	-0.019341	697000.000000
76.666667	-0.019077	697200.000000
76.770833	-0.020406	697400.000000
76.875000	-0.022752	697600.000000
76.979167	-0.025000	697800.000000
77.083333	-0.026017	698000.000000
77.187500	-0.025828	698200.000000
77.291667	-0.024379	698400.000000
77.395833	-0.022083	698600.000000
77.500000	-0.020227	698800.000000
77.604167	-0.020038	699000.000000
77.708333	-0.021718	699200.000000
77.812500	-0.024244	699400.000000
77.916667	-0.025964	699600.000000
78.020833	-0.026292	699800.000000
78.125000	-0.024833	700000.000000
78.229167	-0.022322	700200.000000
78.333333	-0.020622	700400.000000
78.437500	-0.020794	700600.000000
78.541667	-0.022996	700800.000000
78.645833	-0.025713	701000.000000
78.750000	-0.027390	701200.000000
78.854167	-0.026661	701400.000000
78.958333	-0.024795	701600.000000
79.062500	-0.022721	701800.000000
79.166667	-0.021665	702000.000000
79.270833	-0.022339	702200.000000
79.375000	-0.024556	702400.000000
79.479167	-0.027273	702600.000000
79.583333	-0.029244	702800.000000
79.687500	-0.029875	703000.000000
79.791667	-0.028241	703200.000000
79.895833	-0.024845	703400.000000
80.000000	-0.020660	703600.000000
80.104167	-0.017377	703800.000000
80.208333	-0.015900	704000.000000
80.312500	-0.016641	704200.000000
80.416667	-0.019241	704400.000000
80.520833	-0.021766	704600.000000
80.625000	-0.024097	704800.000000
80.729167	-0.025863	705000.000000
80.833333	-0.026907	705200.000000
80.937500	-0.027523	705400.000000
81.041667	-0.026926	705600.000000
81.145833	-0.025746	705800.000000
81.250000	-0.024467	706000.000000
81.354167	-0.023479	706200.000000
81.458333	-0.022697	706400.000000
81.562500	-0.022130	706600.000000
81.666667	-0.020105	706800.000000
81.770833	-0.017719	707000.000000
81.875000	-0.015617	707200.000000
81.979167	-0.014521	707400.000000
82.083333	-0.014656	707600.000000
82.187500	-0.015973	707800.000000
82.291667	-0.017611	708000.000000
82.395833	-0.019396	708200.000000
82.500000	-0.021016	708400.000000
82.604167	-0.021950	708600.000000
82.708333	-0.021759	708800.000000
82.812500	-0.020964	709000.000000
82.916667	-0.020060	709200.000000
83.020833	-0.018985	709400.000000
83.125000	-0.019000	709600.000000
83.229167	-0.019237	709800.000000
83.333333	-0.019361	710000.000000
83.437500	-0.020038	710200.000000
83.541667	-0.020704	710400.000000
83.645833	-0.020456	710600.000000
83.750000	-0.019888	710800.000000
83.854167	-0.019011	711000.000000
83.958333	-0.018723	711200.000000
84.062500	-0.019188	711400.000000
84.166667	-0.020546	711600.000000
84.270833	-0.022042	711800.000000
84.375000	-0.023385	712000.000000
84.479167	-0.024206	712200.000000
84.583333	-0.024685	712400.000000
84.687500	-0.025086	712600.000000
84.791667	-0.026210	712800.000000
84.895833	-0.027343	713000.000000
85.000000	-0.028056	713200.000000
85.104167	-0.028444	713400.000000
85.208333	-0.027336	713600.000000
85.312500	-0.024915	713800.000000
85.416667	-0.022448	714000.000000
85.520833	-0.020572	714200.000000
85.625000	-0.019942	714400.000000
85.729167	-0.021054	714600.000000
85.833333	-0.023491	714800.000000
85.937500	-0.026598	715000.000000
86.041667	-0.028734	715200.000000
86.145833	-0.029704	715400.000000
86.250000	-0.029322	715600.000000
86.354167	-0.028756	715800.000000
86.458333	-0.028814	716000.000000
86.562500	-0.029342	716200.000000
86.666667	-0.030305	716400.000000
86.770833	-0.030785	716600.000000
86.875000	-0.030257	716800.000000
86.979167	-0.028400	717000.000000
87.083333	-0.026357	717200.000000
87.187500	-0.024510	717400.000000
87.291667	-0.024220	717600.000000
87.395833	-0.024352	717800.000000
87.500000	-0.026022	718000.000000
87.604167	-0.028583	718200.000000
87.708333	-0.031032	718400.000000
87.812500	-0.032447	718600.000000
87.916667	-0.032098	718800.000000
88.020833	-0.030565	719000.000000
88.125000	-0.028573	719200.000000
88.229167	-0.026788	719400.000000
88.333333	-0.026243	719600.000000
88.437500	-0.026544	719800.000000
88.541667	-0.027059	720000.000000
88.645833	-0.026922	720200.000000
88.750000	-0.026297	720400.000000
88.854167	-0.024691	720600.000000
88.958333	-0.023230	720800.000000
89.062500	-0.021675	721000.000000
89.166667	-0.020996	721200.000000
89.270833	-0.020439	721400.000000
89.375000	-0.020413	721600.000000
89.479167	-0.020858	721800.000000
89.583333	-0.021459	722000.000000
89.687500	-0.022608	722200.000000
89.791667	-0.023647	722400.000000
89.895833	-0.024643	722600.000000
90.000000	-0.025502	722800.000000
90.104167	-0.025851	723000.000000
90.208333	-0.026353	723200.000000
90.312500	-0.026228	723400.000000
90.416667	-0.025197	723600.000000
90.520833	-0.023863	723800.000000
90.625000	-0.022732	724000.000000
90.729167	-0.021988	724200.000000
90.833333	-0.021414	724400.000000
90.937500	-0.021000	724600.000000
91.041667	-0.020665	724800.000000
91.145833	-0.020881	725000.000000
91.250000	-0.021567	725200.000000
91.354167	-0.023079	725400.000000
91.458333	-0.025130	725600.000000
91.562500	-0.026790	725800.000000
91.666667	-0.027631	726000.000000
91.770833	-0.027747	726200.000000
91.875000	-0.027476	726400.000000
91.979167	-0.026281	726600.000000
92.083333	-0.025137	726800.000000
92.187500	-0.023611	727000.000000
92.291667	-0.022078	727200.000000
92.395833	-0.020959	727400.000000
92.500000	-0.020395	727600.000000
92.604167	-0.020382	727800.000000
92.708333	-0.020940	728000.000000
92.812500	-0.021945	728200.000000
92.916667	-0.022381	728400.000000
93.020833	-0.022891	728600.000000
93.125000	-0.023324	728800.000000
93.229167	-0.023343	729000.000000
93.333333	-0.023242	729200.000000
93.437500	-0.022925	729400.000000
93.541667	-0.022697	729600.000000
93.645833	-0.022771	729800.000000
93.750000	-0.022839	730000.000000
93.854167	-0.022916	730200.000000
93.958333	-0.022883	730400.000000
94.062500	-0.023141	730600.000000
94.166667	-0.023560	730800.000000
94.270833	-0.023899	731000.000000
94.375000	-0.024014	731200.000000
94.479167	-0.023607	731400.000000
94.583333	-0.023224	731600.000000
94.687500	-0.023491	731800.000000
94.791667	-0.024552	732000.000000
94.895833	-0.025806	732200.000000
95.000000	-0.027532	732400.000000
95.104167	-0.028461	732600.000000
95.208333	-0.028619	732800.000000
95.312500	-0.028322	733000.000000
95.416667	-0.027775	733200.000000
95.520833	-0.027383	733400.000000
95.625000	-0.026996	733600.000000
95.729167	-0.026396	733800.000000
95.833333	-0.025544	734000.000000
95.937500	-0.024819	734200.000000
96.041667	-0.023445	734400.000000
96.145833	-0.021662	734600.000000
96.250000	-0.019536	734800.000000
96.354167	-0.018262	735000.000000
96.458333	-0.018277	735200.000000
96.562500	-0.019462	735400.000000
96.666667	-0.021905	735600.000000
96.770833	-0.024759	735800.000000
96.875000	-0.026824	736000.000000
96.979167	-0.027861	736200.000000
97.083333	-0.027599	736400.000000
97.187500	-0.026647	736600.000000
97.291667	-0.024770	736800.000000
97.395833	-0.022269	737000.000000
97.500000	-0.019727	737200.000000
97.604167	-0.017541	737400.000000
97.708333	-0.015540	737600.000000
97.812500	-0.014392	737800.000000
97.916667	-0.014053	738000.000000
98.020833	-0.013850	738200.000000
98.125000	-0.013667	738400.000000
98.229167	-0.014215	738600.000000
98.333333	-0.015708	738800.000000
98.437500	-0.017927	739000.000000
98.541667	-0.020679	739200.000000
98.645833	-0.023075	739400.000000
98.750000	-0.024739	739600.000000
98.854167	-0.025794	739800.000000
98.958333	-0.026500	740000.000000
99.062500	-0.027228	740200.000000
99.166667	-0.028019	740400.000000
99.270833	-0.028733	740600.000000
99.375000	-0.029115	740800.000000
99.479167	-0.029544	741000.000000
99.583333	-0.029337	741200.000000
99.687500	-0.028033	741400.000000
99.791667	-0.026232	741600.000000
99.895833	-0.024143	741800.000000
100.000000	-0.022346	742000.000000
100.104167	-0.021754	742200.000000
100.208333	-0.021774	742400.000000
100.312500	-0.022444	742600.000000
100.416667	-0.023499	742800.000000
100.520833	-0.024231	743000.000000
100.625000	-0.024660	743200.000000
100.729167	-0.025122	743400.000000
100.833333	-0.025363	743600.000000
100.937500	-0.025630	743800.000000
101.041667	-0.026092	744000.000000
101.145833	-0.026109	744200.000000
101.250000	-0.025507	744400.000000
101.354167	-0.024077	744600.000000
101.458333	-0.022237	744800.000000
101.562500	-0.020618	745000.000000
101.666667	-0.019926	745200.000000
101.770833	-0.020106	745400.000000
101.875000	-0.021235	745600.000000
101.979167	-0.022783	745800.000000
102.083333	-0.024257	746000.000000
102.187500	-0.024990	746200.000000
102.291667	-0.025168	746400.000000
102.395833	-0.024553	746600.000000
102.500000	-0.023985	746800.000000
102.604167	-0.023824	747000.000000
102.708333	-0.024263	747200.000000
102.812500	-0.024988	747400.000000
102.916667	-0.025558	747600.000000
103.020833	-0.025710	747800.000000
103.125000	-0.025042	748000.000000
103.229167	-0.024039	748200.000000
103.333333	-0.023207	748400.000000
103.437500	-0.023120	748600.000000
103.541667	-0.023559	748800.000000
103.645833	-0.024369	749000.000000
103.750000	-0.025202	749200.000000
103.854167	-0.025875	749400.000000
103.958333	-0.026474	749600.000000
104.062500	-0.026816	749800.000000
104.166667	-0.026763	750000.000000
104.270833	-0.026580	750200.000000
104.375000	-0.026211	750400.000000
104.479167	-0.026321	750600.000000
104.583333	-0.026668	750800.000000
104.687500	-0.027011	751000.000000
104.791667	-0.027045	751200.000000
104.895833	-0.026318	751400.000000
105.000000	-0.025407	751600.000000
105.104167	-0.024022	751800.000000
105.208333	-0.022920	752000.000000
105.312500	-0.021994	752200.000000
105.416667	-0.020832	752400.000000
105.520833	-0.020327	752600.000000
105.625000	-0.020385	752800.000000
105.729167	-0.020989	753000.000000
105.833333	-0.022110	753200.000000
105.937500	-0.022900	753400.000000
106.041667	-0.023398	753600.000000
106.145833	-0.023509	753800.000000
106.250000	-0.022981	754000.000000
106.354167	-0.022964	754200.000000
106.458333	-0.022658	754400.000000
106.562500	-0.021950	754600.000000
106.666667	-0.021433	754800.000000
106.770833	-0.020982	755000.000000
106.875000	-0.020250	755200.000000
106.979167	-0.019876	755400.000000
107.083333	-0.019915	755600.000000
107.187500	-0.020123	755800.000000
107.291667	-0.020522	756000.000000
107.395833	-0.021453	756200.000000
107.500000	-0.022724	756400.000000
107.604167	-0.023916	756600.000000
107.708333	-0.024517	756800.000000
107.812500	-0.024941	757000.000000
107.916667	-0.024431	757200.000000
108.020833	-0.023778	757400.000000
108.125000	-0.023217	757600.000000
108.229167	-0.022444	757800.000000
108.333333	-0.021877	758000.000000
108.437500	-0.021395	758200.000000
108.541667	-0.021040	758400.000000
108.645833	-0.020589	758600.000000
108.750000	-0.020078	758800.000000
108.854167	-0.019923	759000.000000
108.958333	-0.019777	759200.000000
109.062500	-0.020586	759400.000000
109.166667	-0.021413	759600.000000
109.270833	-0.022299	759800.000000
109.375000	-0.022971	760000.000000
109.479167	-0.023144	760200.000000
109.583333	-0.022984	760400.000000
109.687500	-0.022716	760600.000000
109.791667	-0.022704	760800.000000
109.895833	-0.023190	761000.000000
110.000000	-0.024341	761200.000000
110.104167	-0.025568	761400.000000
110.208333	-0.025961	761600.000000
110.312500	-0.025545	761800.000000
110.416667	-0.024432	762000.000000
110.520833	-0.022611	762200.000000
110.625000	-0.021066	762400.000000
110.729167	-0.020149	762600.000000
110.833333	-0.020351	762800.000000
110.937500	-0.021398	763000.000000
111.041667	-0.022638	763200.000000
111.145833	-0.023369	763400.000000
111.250000	-0.023456	763600.000000
111.354167	-0.022940	763800.000000
111.458333	-0.022337	764000.000000
111.562500	-0.021967	764200.000000
111.666667	-0.022246	764400.000000
111.770833	-0.022654	764600.000000
111.875000	-0.023289	764800.000000
111.979167	-0.023268	765000.000000
112.083333	-0.022455	765200.000000
112.187500	-0.021579	765400.000000
112.291667	-0.020580	765600.000000
112.395833	-0.019796	765800.000000
112.500000	-0.019830	766000.000000
112.604167	-0.020798	766200.000000
112.708333	-0.021861	766400.000000
112.812500	-0.023188	766600.000000
112.916667	-0.024109	766800.000000
113.020833	-0.024505	767000.000000
113.125000	-0.024597	767200.000000
113.229167	-0.024635	767400.000000
113.333333	-0.024770	767600.000000
113.437500	-0.024702	767800.000000
113.541667	-0.024904	768000.000000
113.645833	-0.024614	768200.000000
113.750000	-0.024420	768400.000000
113.854167	-0.023986	768600.000000
113.958333	-0.023689	768800.000000
114.062500	-0.023723	769000.000000
114.166667	-0.023758	769200.000000
114.270833	-0.023980	769400.000000
114.375000	-0.024055	769600.000000
114.479167	-0.024265	769800.000000
114.583333	-0.024548	770000.000000
114.687500	-0.024720	770200.000000
114.791667	-0.025145	770400.000000
114.895833	-0.025616	770600.000000
115.000000	-0.026428	770800.000000
115.104167	-0.027217	771000.000000
115.208333	-0.028014	771200.000000
115.312500	-0.028583	771400.000000
115.416667	-0.028898	771600.000000
115.520833	-0.028819	771800.000000
115.625000	-0.028348	772000.000000
115.729167	-0.028112	772200.000000
115.833333	-0.028193	772400.000000
115.937500	-0.028043	772600.000000
116.041667	-0.027914	772800.000000
116.145833	-0.027429	773000.000000
116.250000	-0.026966	773200.000000
116.354167	-0.026964	773400.000000
116.458333	-0.027540	773600.000000
116.562500	-0.027850	773800.000000
116.666667	-0.028301	774000.000000
116.770833	-0.028694	774200.000000
116.875000	-0.028515	774400.000000
116.979167	-0.028369	774600.000000
117.083333	-0.027893	774800.000000
117.187500	-0.026971	775000.000000
117.291667	-0.026459	775200.000000
117.395833	-0.025889	775400.000000
117.500000	-0.025317	775600.000000
117.604167	-0.025032	775800.000000
117.708333	-0.024974	776000.000000
117.812500	-0.024908	776200.000000
117.916667	-0.025295	776400.000000
118.020833	-0.025896	776600.000000
118.125000	-0.026897	776800.000000
118.229167	-0.027854	777000.000000
118.333333	-0.028921	777200.000000
118.437500	-0.029295	777400.000000
118.541667	-0.029377	777600.000000
118.645833	-0.029065	777800.000000
118.750000	-0.028842	778000.000000
118.854167	-0.028842	778200.000000
118.958333	-0.029050	778400.000000
119.062500	-0.029481	778600.000000
119.166667	-0.029627	778800.000000
119.270833	-0.029204	779000.000000
119.375000	-0.027922	779200.000000
119.479167	-0.025740	779400.000000
119.583333	-0.023558	779600.000000
119.687500	-0.021750	779800.000000
119.791667	-0.020393	780000.000000
119.895833	-0.020057	780200.000000
120.000000	-0.020317	780400.000000
120.104167	-0.020600	780600.000000
120.208333	-0.021057	780800.000000
120.312500	-0.021415	781000.000000
120.416667	-0.021265	781200.000000
120.520833	-0.021377	781400.000000
120.625000	-0.022030	781600.000000
120.729167	-0.023000	781800.000000
120.833333	-0.023914	782000.000000
120.937500	-0.024568	782200.000000
121.041667	-0.024408	782400.000000
121.145833	-0.023428	782600.000000
121.250000	-0.022019	782800.000000
121.354167	-0.020557	783000.000000
121.458333	-0.019688	783200.000000
121.562500	-0.019576	783400.000000
121.666667	-0.020098	783600.000000
121.770833	-0.020687	783800.000000
121.875000	-0.021503	784000.000000
121.979167	-0.021994	784200.000000
122.083333	-0.022345	784400.000000
122.187500	-0.022331	784600.000000
122.291667	-0.022426	784800.000000
122.395833	-0.021589	785000.000000
122.500000	-0.020828	785200.000000
122.604167	-0.020128	785400.000000
122.708333	-0.018995	785600.000000
122.812500	-0.018283	785800.000000
122.916667	-0.018078	786000.000000
123.020833	-0.018138	786200.000000
123.125000	-0.018685	786400.000000
123.229167	-0.019314	786600.000000
123.333333	-0.020085	786800.000000
123.437500	-0.020463	787000.000000
123.541667	-0.021048	787200.000000
123.645833	-0.020974	787400.000000
123.750000	-0.021461	787600.000000
123.854167	-0.022163	787800.000000
123.958333	-0.022644	788000.000000
124.062500	-0.023279	788200.000000
124.166667	-0.023868	788400.000000
124.270833	-0.024312	788600.000000
124.375000	-0.024431	788800.000000
124.479167	-0.024323	789000.000000
124.583333	-0.024332	789200.000000
124.687500	-0.024862	789400.000000
124.791667	-0.025201	789600.000000
124.895833	-0.025323	789800.000000
125.000000	-0.025026	790000.000000
125.104167	-0.024995	790200.000000
125.208333	-0.024656	790400.000000
125.312500	-0.024385	790600.000000
125.416667	-0.024498	790800.000000
125.520833	-0.024669	791000.000000
125.625000	-0.025246	791200.000000
125.729167	-0.025896	791400.000000
125.833333	-0.026189	791600.000000
125.937500	-0.026105	791800.000000
126.041667	-0.026011	792000.000000
126.145833	-0.025828	792200.000000
126.250000	-0.025631	792400.000000
126.354167	-0.025501	792600.000000
126.458333	-0.025469	792800.000000
126.562500	-0.025187	793000.000000
126.666667	-0.024617	793200.000000
126.770833	-0.023552	793400.000000
126.875000	-0.022756	793600.000000
126.979167	-0.021903	793800.000000
127.083333	-0.022013	794000.000000
127.187500	-0.022662	794200.000000
127.291667	-0.023570	794400.000000
127.395833	-0.024452	794600.000000
127.500000	-0.024843	794800.000000
127.604167	-0.024603	795000.000000
127.708333	-0.024266	795200.000000
127.812500	-0.023747	795400.000000
127.916667	-0.023461	795600.000000
128.020833	-0.023701	795800.000000
128.125000	-0.024088	796000.000000
128.229167	-0.024580	796200.000000
128.333333	-0.024803	796400.000000
128.437500	-0.024811	796600.000000
128.541667	-0.024396	796800.000000
128.645833	-0.024150	797000.000000
128.750000	-0.023966	797200.000000
128.854167	-0.024386	797400.000000
128.958333	-0.025025	797600.000000
129.062500	-0.025677	797800.000000
129.166667	-0.026267	798000.000000
129.270833	-0.026267	798200.000000
129.375000	-0.025588	798400.000000
129.479167	-0.024709	798600.000000
129.583333	-0.024005	798800.000000
129.687500	-0.023463	799000.000000
129.791667	-0.023883	799200.000000
129.895833	-0.024517	799400.000000
130.000000	-0.024886	799600.000000
130.104167	-0.025235	799800.000000
130.208333	-0.025505	800000.000000
