0.000000	-0.021878	500000.000000
0.104167	-0.021632	500200.000000
0.208333	-0.021751	500400.000000
0.312500	-0.021926	500600.000000
0.416667	-0.021804	500800.000000
0.520833	-0.021904	501000.000000
0.625000	-0.021786	501200.000000
0.729167	-0.021491	501400.000000
0.833333	-0.021616	501600.000000
0.937500	-0.021783	501800.000000
1.041667	-0.021669	502000.000000
1.145833	-0.021556	502200.000000
1.250000	-0.021768	502400.000000
1.354167	-0.021687	502600.000000
1.458333	-0.021652	502800.000000
1.562500	-0.021682	503000.000000
1.666667	-0.021597	503200.000000
1.770833	-0.021711	503400.000000
1.875000	-0.021567	503600.000000
1.979167	-0.021587	503800.000000
2.083333	-0.021733	504000.000000
2.187500	-0.021844	504200.000000
2.291667	-0.021771	504400.000000
2.395833	-0.021505	504600.000000
2.500000	-0.021697	504800.000000
2.604167	-0.021707	505000.000000
2.708333	-0.021620	505200.000000
2.812500	-0.021627	505400.000000
2.916667	-0.021778	505600.000000
3.020833	-0.021775	505800.000000
3.125000	-0.021826	506000.000000
3.229167	-0.021670	506200.000000
3.333333	-0.021700	506400.000000
3.437500	-0.021510	506600.000000
3.541667	-0.021543	506800.000000
3.645833	-0.021506	507000.000000
3.750000	-0.021606	507200.000000
3.854167	-0.021661	507400.000000
3.958333	-0.021720	507600.000000
4.062500	-0.021560	507800.000000
4.166667	-0.021767	508000.000000
4.270833	-0.021724	508200.000000
4.375000	-0.021423	508400.000000
4.479167	-0.021682	508600.000000
4.583333	-0.021754	508800.000000
4.687500	-0.021725	509000.000000
4.791667	-0.021503	509200.000000
4.895833	-0.021771	509400.000000
5.000000	-0.021750	509600.000000
5.104167	-0.021535	509800.000000
5.208333	-0.021636	510000.000000
5.312500	-0.021890	510200.000000
5.416667	-0.022066	510400.000000
5.520833	-0.021875	510600.000000
5.625000	-0.021772	510800.000000
5.729167	-0.021930	511000.000000
5.833333	-0.021766	511200.000000
5.937500	-0.022047	511400.000000
6.041667	-0.021857	511600.000000
6.145833	-0.021990	511800.000000
6.250000	-0.021985	512000.000000
6.354167	-0.021852	512200.000000
6.458333	-0.021727	512400.000000
6.562500	-0.021657	512600.000000
6.666667	-0.021901	512800.000000
6.770833	-0.021835	513000.000000
6.875000	-0.021870	513200.000000
6.979167	-0.021889	513400.000000
7.083333	-0.021643	513600.000000
7.187500	-0.021646	513800.000000
7.291667	-0.021898	514000.000000
7.395833	-0.021780	514200.000000
7.500000	-0.021662	514400.000000
7.604167	-0.021898	514600.000000
7.708333	-0.021950	514800.000000
7.812500	-0.021709	515000.000000
7.916667	-0.021872	515200.000000
8.020833	-0.022060	515400.000000
8.125000	-0.022000	515600.000000
8.229167	-0.021892	515800.000000
8.333333	-0.021826	516000.000000
8.437500	-0.021910	516200.000000
8.541667	-0.022009	516400.000000
8.645833	-0.021859	516600.000000
8.750000	-0.021753	516800.000000
8.854167	-0.021866	517000.000000
8.958333	-0.021753	517200.000000
9.062500	-0.021880	517400.000000
9.166667	-0.021895	517600.000000
9.270833	-0.021833	517800.000000
9.375000	-0.021860	518000.000000
9.479167	-0.022091	518200.000000
9.583333	-0.021876	518400.000000
9.687500	-0.021923	518600.000000
9.791667	-0.021990	518800.000000
9.895833	-0.021904	519000.000000
10.000000	-0.022079	519200.000000
10.104167	-0.021985	519400.000000
10.208333	-0.022054	519600.000000
10.312500	-0.021807	519800.000000
10.416667	-0.021868	520000.000000
10.520833	-0.021737	520200.000000
10.625000	-0.021832	520400.000000
10.729167	-0.021810	520600.000000
10.833333	-0.021950	520800.000000
10.937500	-0.021808	521000.000000
11.041667	-0.021921	521200.000000
11.145833	-0.021876	521400.000000
11.250000	-0.021846	521600.000000
11.354167	-0.021714	521800.000000
11.458333	-0.021939	522000.000000
11.562500	-0.021946	522200.000000
11.666667	-0.021818	522400.000000
11.770833	-0.021868	522600.000000
11.875000	-0.021921	522800.000000
11.979167	-0.021690	523000.000000
12.083333	-0.021612	523200.000000
12.187500	-0.021692	523400.000000
12.291667	-0.021709	523600.000000
12.395833	-0.021715	523800.000000
12.500000	-0.021853	524000.000000
12.604167	-0.021855	524200.000000
12.708333	-0.021950	524400.000000
12.812500	-0.021820	524600.000000
12.916667	-0.022013	524800.000000
13.020833	-0.021886	525000.000000
13.125000	-0.022094	525200.000000
13.229167	-0.021985	525400.000000
13.333333	-0.022175	525600.000000
13.437500	-0.022143	525800.000000
13.541667	-0.022286	526000.000000
13.645833	-0.022268	526200.000000
13.750000	-0.022014	526400.000000
13.854167	-0.022072	526600.000000
13.958333	-0.022403	526800.000000
14.062500	-0.022259	527000.000000
14.166667	-0.022121	527200.000000
14.270833	-0.022129	527400.000000
14.375000	-0.022141	527600.000000
14.479167	-0.022102	527800.000000
14.583333	-0.022322	528000.000000
14.687500	-0.022048	528200.000000
14.791667	-0.022137	528400.000000
14.895833	-0.022479	528600.000000
15.000000	-0.022187	528800.000000
15.104167	-0.022273	529000.000000
15.208333	-0.022309	529200.000000
15.312500	-0.022318	529400.000000
15.416667	-0.022180	529600.000000
15.520833	-0.022355	529800.000000
15.625000	-0.022403	530000.000000
15.729167	-0.022278	530200.000000
15.833333	-0.022366	530400.000000
15.937500	-0.022394	530600.000000
16.041667	-0.022546	530800.000000
16.145833	-0.022442	531000.000000
16.250000	-0.022494	531200.000000
16.354167	-0.022607	531400.000000
16.458333	-0.022674	531600.000000
16.562500	-0.022660	531800.000000
16.666667	-0.022796	532000.000000
16.770833	-0.022616	532200.000000
16.875000	-0.022907	532400.000000
16.979167	-0.022993	532600.000000
17.083333	-0.022991	532800.000000
17.187500	-0.023131	533000.000000
17.291667	-0.023371	533200.000000
17.395833	-0.023370	533400.000000
17.500000	-0.023529	533600.000000
17.604167	-0.024012	533800.000000
17.708333	-0.023916	534000.000000
17.812500	-0.024177	534200.000000
17.916667	-0.024273	534400.000000
18.020833	-0.024413	534600.000000
18.125000	-0.024591	534800.000000
18.229167	-0.024825	535000.000000
18.333333	-0.025054	535200.000000
18.437500	-0.025467	535400.000000
18.541667	-0.025893	535600.000000
18.645833	-0.026238	535800.000000
18.750000	-0.026616	536000.000000
18.854167	-0.027013	536200.000000
18.958333	-0.027454	536400.000000
19.062500	-0.028588	536600.000000
19.166667	-0.029027	536800.000000
19.270833	-0.029634	537000.000000
19.375000	-0.030479	537200.000000
19.479167	-0.031488	537400.000000
19.583333	-0.032489	537600.000000
19.687500	-0.033816	537800.000000
19.791667	-0.035053	538000.000000
19.895833	-0.036618	538200.000000
20.000000	-0.038230	538400.000000
20.104167	-0.040062	538600.000000
20.208333	-0.042291	538800.000000
20.312500	-0.044593	539000.000000
20.416667	-0.046689	539200.000000
20.520833	-0.049474	539400.000000
20.625000	-0.051941	539600.000000
20.729167	-0.054583	539800.000000
20.833333	-0.057343	540000.000000
20.937500	-0.059870	540200.000000
21.041667	-0.062420	540400.000000
21.145833	-0.064737	540600.000000
21.250000	-0.066716	540800.000000
21.354167	-0.068016	541000.000000
21.458333	-0.068439	541200.000000
21.562500	-0.067455	541400.000000
21.666667	-0.064129	541600.000000
21.770833	-0.055918	541800.000000
21.875000	-0.037250	542000.000000
21.979167	0.003103	542200.000000
22.083333	0.084149	542400.000000
22.187500	0.215039	542600.000000
22.291667	0.396131	542800.000000
22.395833	0.584838	543000.000000
22.500000	0.706779	543200.000000
22.604167	0.704774	543400.000000
22.708333	0.564646	543600.000000
22.812500	0.323472	543800.000000
22.916667	0.048635	544000.000000
23.020833	-0.180831	544200.000000
23.125000	-0.327144	544400.000000
23.229167	-0.386433	544600.000000
23.333333	-0.384275	544800.000000
23.437500	-0.354419	545000.000000
23.541667	-0.321146	545200.000000
23.645833	-0.289779	545400.000000
23.750000	-0.258386	545600.000000
23.854167	-0.229158	545800.000000
23.958333	-0.210261	546000.000000
24.062500	-0.209220	546200.000000
24.166667	-0.221019	546400.000000
24.270833	-0.226952	546600.000000
24.375000	-0.207778	546800.000000
24.479167	-0.158286	547000.000000
24.583333	-0.095307	547200.000000
24.687500	-0.040893	547400.000000
24.791667	-0.011105	547600.000000
24.895833	-0.009340	547800.000000
25.000000	-0.024023	548000.000000
25.104167	-0.039427	548200.000000
25.208333	-0.045170	548400.000000
25.312500	-0.037328	548600.000000
25.416667	-0.018759	548800.000000
25.520833	0.003903	549000.000000
25.625000	0.022473	549200.000000
25.729167	0.029104	549400.000000
25.833333	0.020054	549600.000000
25.937500	-0.001362	549800.000000
26.041667	-0.025274	550000.000000
26.145833	-0.035806	550200.000000
26.250000	-0.026152	550400.000000
26.354167	-0.002631	550600.000000
26.458333	0.018262	550800.000000
26.562500	0.025203	551000.000000
26.666667	0.017851	551200.000000
26.770833	0.006723	551400.000000
26.875000	0.003031	551600.000000
26.979167	0.009701	551800.000000
27.083333	0.022090	552000.000000
27.187500	0.030461	552200.000000
27.291667	0.026917	552400.000000
27.395833	0.011561	552600.000000
27.500000	-0.008697	552800.000000
27.604167	-0.026572	553000.000000
27.708333	-0.038470	553200.000000
27.812500	-0.043545	553400.000000
27.916667	-0.043915	553600.000000
28.020833	-0.040654	553800.000000
28.125000	-0.034222	554000.000000
28.229167	-0.023538	554200.000000
28.333333	-0.009613	554400.000000
28.437500	0.004483	554600.000000
28.541667	0.013770	554800.000000
28.645833	0.013233	555000.000000
28.750000	0.003429	555200.000000
28.854167	-0.009413	555400.000000
28.958333	-0.019305	555600.000000
29.062500	-0.021991	555800.000000
29.166667	-0.019343	556000.000000
29.270833	-0.015651	556200.000000
29.375000	-0.015053	556400.000000
29.479167	-0.018859	556600.000000
29.583333	-0.025646	556800.000000
29.687500	-0.032115	557000.000000
29.791667	-0.034484	557200.000000
29.895833	-0.030543	557400.000000
30.000000	-0.021255	557600.000000
30.104167	-0.011080	557800.000000
30.208333	-0.004287	558000.000000
30.312500	-0.002198	558200.000000
30.416667	-0.003017	558400.000000
30.520833	-0.004713	558600.000000
30.625000	-0.006718	558800.000000
30.729167	-0.009055	559000.000000
30.833333	-0.011804	559200.000000
30.937500	-0.014151	559400.000000
31.041667	-0.014503	559600.000000
31.145833	-0.014168	559800.000000
31.250000	-0.015658	560000.000000
31.354167	-0.022072	560200.000000
31.458333	-0.035754	560400.000000
31.562500	-0.053622	560600.000000
31.666667	-0.069283	560800.000000
31.770833	-0.074450	561000.000000
31.875000	-0.064865	561200.000000
31.979167	-0.043447	561400.000000
32.083333	-0.021478	561600.000000
32.187500	-0.006263	561800.000000
32.291667	-0.002587	562000.000000
32.395833	-0.007932	562200.000000
32.500000	-0.017900	562400.000000
32.604167	-0.026895	562600.000000
32.708333	-0.032180	562800.000000
32.812500	-0.033079	563000.000000
32.916667	-0.031442	563200.000000
33.020833	-0.029895	563400.000000
33.125000	-0.028991	563600.000000
33.229167	-0.029211	563800.000000
33.333333	-0.029201	564000.000000
33.437500	-0.029266	564200.000000
33.541667	-0.028124	564400.000000
33.645833	-0.024899	564600.000000
33.750000	-0.019172	564800.000000
33.854167	-0.010683	565000.000000
33.958333	-0.000520	565200.000000
34.062500	0.008269	565400.000000
34.166667	0.010382	565600.000000
34.270833	0.003802	565800.000000
34.375000	-0.012089	566000.000000
34.479167	-0.030608	566200.000000
34.583333	-0.043310	566400.000000
34.687500	-0.042599	566600.000000
34.791667	-0.029398	566800.000000
34.895833	-0.011570	567000.000000
35.000000	-0.001175	567200.000000
35.104167	-0.004272	567400.000000
35.208333	-0.017647	567600.000000
35.312500	-0.031104	567800.000000
35.416667	-0.036397	568000.000000
35.520833	-0.030176	568200.000000
35.625000	-0.016272	568400.000000
35.729167	-0.002249	568600.000000
35.833333	0.005021	568800.000000
35.937500	0.005401	569000.000000
36.041667	-0.000028	569200.000000
36.145833	-0.008325	569400.000000
36.250000	-0.016022	569600.000000
36.354167	-0.020122	569800.000000
36.458333	-0.018664	570000.000000
36.562500	-0.013190	570200.000000
36.666667	-0.008671	570400.000000
36.770833	-0.011122	570600.000000
36.875000	-0.022103	570800.000000
36.979167	-0.036118	571000.000000
37.083333	-0.044997	571200.000000
37.187500	-0.043973	571400.000000
37.291667	-0.033969	571600.000000
37.395833	-0.018275	571800.000000
37.500000	-0.001997	572000.000000
37.604167	0.010023	572200.000000
37.708333	0.013165	572400.000000
37.812500	0.004865	572600.000000
37.916667	-0.012085	572800.000000
38.020833	-0.030183	573000.000000
38.125000	-0.041946	573200.000000
38.229167	-0.043098	573400.000000
38.333333	-0.036463	573600.000000
38.437500	-0.029473	573800.000000
38.541667	-0.029713	574000.000000
38.645833	-0.038631	574200.000000
38.750000	-0.049652	574400.000000
38.854167	-0.054292	574600.000000
38.958333	-0.047321	574800.000000
39.062500	-0.028955	575000.000000
39.166667	-0.006523	575200.000000
39.270833	0.010429	575400.000000
39.375000	0.014352	575600.000000
39.479167	0.004075	575800.000000
39.583333	-0.014095	576000.000000
39.687500	-0.031035	576200.000000
39.791667	-0.038830	576400.000000
39.895833	-0.037157	576600.000000
40.000000	-0.029729	576800.000000
40.104167	-0.021963	577000.000000
40.208333	-0.017216	577200.000000
40.312500	-0.017372	577400.000000
40.416667	-0.022832	577600.000000
40.520833	-0.031571	577800.000000
40.625000	-0.039740	578000.000000
40.729167	-0.043360	578200.000000
40.833333	-0.039876	578400.000000
40.937500	-0.030651	578600.000000
41.041667	-0.019486	578800.000000
41.145833	-0.011879	579000.000000
41.250000	-0.009853	579200.000000
41.354167	-0.012600	579400.000000
41.458333	-0.018235	579600.000000
41.562500	-0.022893	579800.000000
41.666667	-0.024453	580000.000000
41.770833	-0.023027	580200.000000
41.875000	-0.020483	580400.000000
41.979167	-0.020345	580600.000000
42.083333	-0.024678	580800.000000
42.187500	-0.032671	581000.000000
42.291667	-0.041137	581200.000000
42.395833	-0.045587	581400.000000
42.500000	-0.043516	581600.000000
42.604167	-0.035750	581800.000000
42.708333	-0.026254	582000.000000
42.812500	-0.017199	582200.000000
42.916667	-0.011246	582400.000000
43.020833	-0.009649	582600.000000
43.125000	-0.010812	582800.000000
43.229167	-0.012784	583000.000000
43.333333	-0.013825	583200.000000
43.437500	-0.015270	583400.000000
43.541667	-0.018931	583600.000000
43.645833	-0.026455	583800.000000
43.750000	-0.035711	584000.000000
43.854167	-0.042536	584200.000000
43.958333	-0.043324	584400.000000
44.062500	-0.037890	584600.000000
44.166667	-0.029325	584800.000000
44.270833	-0.022208	585000.000000
44.375000	-0.019279	585200.000000
44.479167	-0.018787	585400.000000
44.583333	-0.018326	585600.000000
44.687500	-0.016692	585800.000000
44.791667	-0.015368	586000.000000
44.895833	-0.015507	586200.000000
45.000000	-0.017253	586400.000000
45.104167	-0.019438	586600.000000
45.208333	-0.020566	586800.000000
45.312500	-0.020372	587000.000000
45.416667	-0.020365	587200.000000
45.520833	-0.022401	587400.000000
45.625000	-0.026459	587600.000000
45.729167	-0.030711	587800.000000
45.833333	-0.032608	588000.000000
45.937500	-0.030868	588200.000000
46.041667	-0.026813	588400.000000
46.145833	-0.022918	588600.000000
46.250000	-0.021486	588800.000000
46.354167	-0.022157	589000.000000
46.458333	-0.023552	589200.000000
46.562500	-0.023496	589400.000000
46.666667	-0.021174	589600.000000
46.770833	-0.017142	589800.000000
46.875000	-0.012462	590000.000000
46.979167	-0.009628	590200.000000
47.083333	-0.009733	590400.000000
47.187500	-0.013480	590600.000000
47.291667	-0.021484	590800.000000
47.395833	-0.030588	591000.000000
47.500000	-0.036851	591200.000000
47.604167	-0.037445	591400.000000
47.708333	-0.033600	591600.000000
47.812500	-0.029118	591800.000000
47.916667	-0.027775	592000.000000
48.020833	-0.027822	592200.000000
48.125000	-0.026399	592400.000000
48.229167	-0.021516	592600.000000
48.333333	-0.013830	592800.000000
48.437500	-0.007463	593000.000000
48.541667	-0.005097	593200.000000
48.645833	-0.007360	593400.000000
48.750000	-0.013949	593600.000000
48.854167	-0.022319	593800.000000
48.958333	-0.029716	594000.000000
49.062500	-0.034818	594200.000000
49.166667	-0.036792	594400.000000
49.270833	-0.035555	594600.000000
49.375000	-0.031676	594800.000000
49.479167	-0.026175	595000.000000
49.583333	-0.020854	595200.000000
49.687500	-0.018147	595400.000000
49.791667	-0.018819	595600.000000
49.895833	-0.021286	595800.000000
50.000000	-0.022839	596000.000000
50.104167	-0.021753	596200.000000
50.208333	-0.017953	596400.000000
50.312500	-0.012878	596600.000000
50.416667	-0.009431	596800.000000
50.520833	-0.009856	597000.000000
50.625000	-0.014786	597200.000000
50.729167	-0.022731	597400.000000
50.833333	-0.028734	597600.000000
50.937500	-0.030614	597800.000000
51.041667	-0.028025	598000.000000
51.145833	-0.023445	598200.000000
51.250000	-0.019969	598400.000000
51.354167	-0.019240	598600.000000
51.458333	-0.021728	598800.000000
51.562500	-0.025515	599000.000000
51.666667	-0.028444	599200.000000
51.770833	-0.028594	599400.000000
51.875000	-0.024875	599600.000000
51.979167	-0.018426	599800.000000
52.083333	-0.012229	600000.000000
52.187500	-0.007788	600200.000000
52.291667	-0.007334	600400.000000
52.395833	-0.010580	600600.000000
52.500000	-0.015193	600800.000000
52.604167	-0.020026	601000.000000
52.708333	-0.025030	601200.000000
52.812500	-0.029950	601400.000000
52.916667	-0.034507	601600.000000
53.020833	-0.036704	601800.000000
53.125000	-0.035445	602000.000000
53.229167	-0.030766	602200.000000
53.333333	-0.024681	602400.000000
53.437500	-0.019647	602600.000000
53.541667	-0.016266	602800.000000
53.645833	-0.014501	603000.000000
53.750000	-0.013395	603200.000000
53.854167	-0.012984	603400.000000
53.958333	-0.013626	603600.000000
54.062500	-0.015410	603800.000000
54.166667	-0.017680	604000.000000
54.270833	-0.020551	604200.000000
54.375000	-0.023134	604400.000000
54.479167	-0.025848	604600.000000
54.583333	-0.028719	604800.000000
54.687500	-0.030920	605000.000000
54.791667	-0.031560	605200.000000
54.895833	-0.030077	605400.000000
55.000000	-0.026807	605600.000000
55.104167	-0.023018	605800.000000
55.208333	-0.019827	606000.000000
55.312500	-0.017618	606200.000000
55.416667	-0.016622	606400.000000
55.520833	-0.017833	606600.000000
55.625000	-0.021544	606800.000000
55.729167	-0.025419	607000.000000
55.833333	-0.026820	607200.000000
55.937500	-0.024237	607400.000000
56.041667	-0.020381	607600.000000
56.145833	-0.018420	607800.000000
56.250000	-0.020298	608000.000000
56.354167	-0.025157	608200.000000
56.458333	-0.030497	608400.000000
56.562500	-0.033331	608600.000000
56.666667	-0.032622	608800.000000
56.770833	-0.029598	609000.000000
56.875000	-0.026672	609200.000000
56.979167	-0.025642	609400.000000
57.083333	-0.025749	609600.000000
57.187500	-0.026472	609800.000000
57.291667	-0.025693	610000.000000
57.395833	-0.023285	610200.000000
57.500000	-0.019128	610400.000000
57.604167	-0.014945	610600.000000
57.708333	-0.012454	610800.000000
57.812500	-0.013285	611000.000000
57.916667	-0.018541	611200.000000
58.020833	-0.026612	611400.000000
58.125000	-0.034865	611600.000000
58.229167	-0.039130	611800.000000
58.333333	-0.038796	612000.000000
58.437500	-0.033906	612200.000000
58.541667	-0.028355	612400.000000
58.645833	-0.024614	612600.000000
58.750000	-0.023250	612800.000000
58.854167	-0.023278	613000.000000
58.958333	-0.022514	613200.000000
59.062500	-0.020921	613400.000000
59.166667	-0.018885	613600.000000
59.270833	-0.017349	613800.000000
59.375000	-0.016698	614000.000000
59.479167	-0.016964	614200.000000
59.583333	-0.018430	614400.000000
59.687500	-0.022394	614600.000000
59.791667	-0.027645	614800.000000
59.895833	-0.032627	615000.000000
60.000000	-0.034716	615200.000000
60.104167	-0.032867	615400.000000
60.208333	-0.027603	615600.000000
60.312500	-0.021501	615800.000000
60.416667	-0.017802	616000.000000
60.520833	-0.017305	616200.000000
60.625000	-0.019441	616400.000000
60.729167	-0.022104	616600.000000
60.833333	-0.023261	616800.000000
60.937500	-0.023189	617000.000000
61.041667	-0.021818	617200.000000
61.145833	-0.019465	617400.000000
61.250000	-0.017495	617600.000000
61.354167	-0.015896	617800.000000
61.458333	-0.015165	618000.000000
61.562500	-0.015896	618200.000000
61.666667	-0.017513	618400.000000
61.770833	-0.019702	618600.000000
61.875000	-0.022922	618800.000000
61.979167	-0.025558	619000.000000
62.083333	-0.027494	619200.000000
62.187500	-0.027155	619400.000000
62.291667	-0.025090	619600.000000
62.395833	-0.021914	619800.000000
62.500000	-0.018768	620000.000000
62.604167	-0.016303	620200.000000
62.708333	-0.015018	620400.000000
62.812500	-0.015123	620600.000000
62.916667	-0.016029	620800.000000
63.020833	-0.017120	621000.000000
63.125000	-0.017133	621200.000000
63.229167	-0.016292	621400.000000
63.333333	-0.016036	621600.000000
63.437500	-0.017624	621800.000000
63.541667	-0.021240	622000.000000
63.645833	-0.025452	622200.000000
63.750000	-0.027985	622400.000000
63.854167	-0.028031	622600.000000
63.958333	-0.025054	622800.000000
64.062500	-0.019958	623000.000000
64.166667	-0.014482	623200.000000
64.270833	-0.010350	623400.000000
64.375000	-0.008920	623600.000000
64.479167	-0.010337	623800.000000
64.583333	-0.013784	624000.000000
64.687500	-0.017566	624200.000000
64.791667	-0.020311	624400.000000
64.895833	-0.021797	624600.000000
65.000000	-0.022487	624800.000000
65.104167	-0.023386	625000.000000
65.208333	-0.024938	625200.000000
65.312500	-0.027002	625400.000000
65.416667	-0.028891	625600.000000
65.520833	-0.030320	625800.000000
65.625000	-0.030168	626000.000000
65.729167	-0.028170	626200.000000
65.833333	-0.025144	626400.000000
65.937500	-0.022282	626600.000000
66.041667	-0.021684	626800.000000
66.145833	-0.023639	627000.000000
66.250000	-0.026243	627200.000000
66.354167	-0.027692	627400.000000
66.458333	-0.026174	627600.000000
66.562500	-0.021815	627800.000000
66.666667	-0.016845	628000.000000
66.770833	-0.014789	628200.000000
66.875000	-0.016285	628400.000000
66.979167	-0.020630	628600.000000
67.083333	-0.026159	628800.000000
67.187500	-0.030027	629000.000000
67.291667	-0.031101	629200.000000
67.395833	-0.029700	629400.000000
67.500000	-0.027010	629600.000000
67.604167	-0.024483	629800.000000
67.708333	-0.023111	630000.000000
67.812500	-0.023193	630200.000000
67.916667	-0.023642	630400.000000
68.020833	-0.024156	630600.000000
68.125000	-0.022770	630800.000000
68.229167	-0.019124	631000.000000
68.333333	-0.015143	631200.000000
68.437500	-0.012581	631400.000000
68.541667	-0.014095	631600.000000
68.645833	-0.018099	631800.000000
68.750000	-0.023506	632000.000000
68.854167	-0.027779	632200.000000
68.958333	-0.029810	632400.000000
69.062500	-0.029731	632600.000000
69.166667	-0.027815	632800.000000
69.270833	-0.025201	633000.000000
69.375000	-0.022198	633200.000000
69.479167	-0.018912	633400.000000
69.583333	-0.015330	633600.000000
69.687500	-0.012648	633800.000000
69.791667	-0.011445	634000.000000
69.895833	-0.011755	634200.000000
70.000000	-0.012933	634400.000000
70.104167	-0.014942	634600.000000
70.208333	-0.016897	634800.000000
70.312500	-0.018622	635000.000000
70.416667	-0.020190	635200.000000
70.520833	-0.020910	635400.000000
70.625000	-0.021115	635600.000000
70.729167	-0.021227	635800.000000
70.833333	-0.022438	636000.000000
70.937500	-0.024891	636200.000000
71.041667	-0.028312	636400.000000
71.145833	-0.031407	636600.000000
71.250000	-0.032648	636800.000000
71.354167	-0.031563	637000.000000
71.458333	-0.029395	637200.000000
71.562500	-0.027784	637400.000000
71.666667	-0.027660	637600.000000
71.770833	-0.029433	637800.000000
71.875000	-0.031918	638000.000000
71.979167	-0.034178	638200.000000
72.083333	-0.034576	638400.000000
72.187500	-0.033118	638600.000000
72.291667	-0.030505	638800.000000
72.395833	-0.027869	639000.000000
72.500000	-0.026474	639200.000000
72.604167	-0.027341	639400.000000
72.708333	-0.029912	639600.000000
72.812500	-0.032507	639800.000000
72.916667	-0.033534	640000.000000
73.020833	-0.031532	640200.000000
73.125000	-0.027217	640400.000000
73.229167	-0.021010	640600.000000
73.333333	-0.015920	640800.000000
73.437500	-0.013417	641000.000000
73.541667	-0.013101	641200.000000
73.645833	-0.014503	641400.000000
73.750000	-0.016286	641600.000000
73.854167	-0.017105	641800.000000
73.958333	-0.017576	642000.000000
74.062500	-0.017812	642200.000000
74.166667	-0.018932	642400.000000
74.270833	-0.021552	642600.000000
74.375000	-0.024846	642800.000000
74.479167	-0.027429	643000.000000
74.583333	-0.028490	643200.000000
74.687500	-0.026894	643400.000000
74.791667	-0.022959	643600.000000
74.895833	-0.018776	643800.000000
75.000000	-0.016993	644000.000000
75.104167	-0.017351	644200.000000
75.208333	-0.020063	644400.000000
75.312500	-0.023427	644600.000000
75.416667	-0.025552	644800.000000
75.520833	-0.025534	645000.000000
75.625000	-0.023781	645200.000000
75.729167	-0.021510	645400.000000
75.833333	-0.020330	645600.000000
75.937500	-0.020607	645800.000000
76.041667	-0.022432	646000.000000
76.145833	-0.024836	646200.000000
76.250000	-0.026115	646400.000000
76.354167	-0.025238	646600.000000
76.458333	-0.021956	646800.000000
76.562500	-0.018018	647000.000000
76.666667	-0.015396	647200.000000
76.770833	-0.015684	647400.000000
76.875000	-0.018432	647600.000000
76.979167	-0.022211	647800.000000
77.083333	-0.024904	648000.000000
77.187500	-0.025440	648200.000000
77.291667	-0.024014	648400.000000
77.395833	-0.021697	648600.000000
77.500000	-0.019837	648800.000000
77.604167	-0.019712	649000.000000
77.708333	-0.021569	649200.000000
77.812500	-0.025230	649400.000000
77.916667	-0.029551	649600.000000
78.020833	-0.033126	649800.000000
78.125000	-0.034348	650000.000000
78.229167	-0.033887	650200.000000
78.333333	-0.031702	650400.000000
78.437500	-0.028823	650600.000000
78.541667	-0.026395	650800.000000
78.645833	-0.024811	651000.000000
78.750000	-0.023513	651200.000000
78.854167	-0.022515	651400.000000
78.958333	-0.022020	651600.000000
79.062500	-0.022053	651800.000000
79.166667	-0.022714	652000.000000
79.270833	-0.024010	652200.000000
79.375000	-0.025837	652400.000000
79.479167	-0.027708	652600.000000
79.583333	-0.028824	652800.000000
79.687500	-0.029283	653000.000000
79.791667	-0.029369	653200.000000
79.895833	-0.029128	653400.000000
80.000000	-0.028773	653600.000000
80.104167	-0.028188	653800.000000
80.208333	-0.027362	654000.000000
80.312500	-0.026240	654200.000000
80.416667	-0.024697	654400.000000
80.520833	-0.023334	654600.000000
80.625000	-0.022394	654800.000000
80.729167	-0.022324	655000.000000
80.833333	-0.022668	655200.000000
80.937500	-0.022914	655400.000000
81.041667	-0.023402	655600.000000
81.145833	-0.023775	655800.000000
81.250000	-0.024220	656000.000000
81.354167	-0.024225	656200.000000
81.458333	-0.023594	656400.000000
81.562500	-0.022691	656600.000000
81.666667	-0.022072	656800.000000
81.770833	-0.022203	657000.000000
81.875000	-0.022814	657200.000000
81.979167	-0.023187	657400.000000
82.083333	-0.023208	657600.000000
82.187500	-0.022991	657800.000000
82.291667	-0.022445	658000.000000
82.395833	-0.021601	658200.000000
82.500000	-0.020621	658400.000000
82.604167	-0.019090	658600.000000
82.708333	-0.017249	658800.000000
82.812500	-0.015883	659000.000000
82.916667	-0.015709	659200.000000
83.020833	-0.016747	659400.000000
83.125000	-0.019339	659600.000000
83.229167	-0.021688	659800.000000
83.333333	-0.023240	660000.000000
83.437500	-0.023895	660200.000000
83.541667	-0.023771	660400.000000
83.645833	-0.022999	660600.000000
83.750000	-0.021460	660800.000000
83.854167	-0.018892	661000.000000
83.958333	-0.017139	661200.000000
84.062500	-0.016307	661400.000000
84.166667	-0.016571	661600.000000
84.270833	-0.017405	661800.000000
84.375000	-0.017864	662000.000000
84.479167	-0.017686	662200.000000
84.583333	-0.017245	662400.000000
84.687500	-0.017403	662600.000000
84.791667	-0.018470	662800.000000
84.895833	-0.020846	663000.000000
85.000000	-0.023509	663200.000000
85.104167	-0.025401	663400.000000
85.208333	-0.025962	663600.000000
85.312500	-0.025040	663800.000000
85.416667	-0.023026	664000.000000
85.520833	-0.020859	664200.000000
85.625000	-0.018762	664400.000000
85.729167	-0.017987	664600.000000
85.833333	-0.018288	664800.000000
85.937500	-0.019508	665000.000000
86.041667	-0.021339	665200.000000
86.145833	-0.022309	665400.000000
86.250000	-0.022152	665600.000000
86.354167	-0.021549	665800.000000
86.458333	-0.021099	666000.000000
86.562500	-0.021047	666200.000000
86.666667	-0.021577	666400.000000
86.770833	-0.022253	666600.000000
86.875000	-0.022906	666800.000000
86.979167	-0.023213	667000.000000
87.083333	-0.023633	667200.000000
87.187500	-0.023871	667400.000000
87.291667	-0.024117	667600.000000
87.395833	-0.024564	667800.000000
87.500000	-0.024386	668000.000000
87.604167	-0.023386	668200.000000
87.708333	-0.021785	668400.000000
87.812500	-0.020337	668600.000000
87.916667	-0.019464	668800.000000
88.020833	-0.018869	669000.000000
88.125000	-0.018641	669200.000000
88.229167	-0.019188	669400.000000
88.333333	-0.020048	669600.000000
88.437500	-0.021224	669800.000000
88.541667	-0.022685	670000.000000
88.645833	-0.024153	670200.000000
88.750000	-0.025170	670400.000000
88.854167	-0.025579	670600.000000
88.958333	-0.025556	670800.000000
89.062500	-0.025209	671000.000000
89.166667	-0.024845	671200.000000
89.270833	-0.023585	671400.000000
89.375000	-0.022156	671600.000000
89.479167	-0.020802	671800.000000
89.583333	-0.019646	672000.000000
89.687500	-0.018837	672200.000000
89.791667	-0.018842	672400.000000
89.895833	-0.019514	672600.000000
90.000000	-0.020990	672800.000000
90.104167	-0.022648	673000.000000
90.208333	-0.024229	673200.000000
90.312500	-0.025715	673400.000000
90.416667	-0.026560	673600.000000
90.520833	-0.026817	673800.000000
90.625000	-0.026222	674000.000000
90.729167	-0.025150	674200.000000
90.833333	-0.023842	674400.000000
90.937500	-0.022991	674600.000000
91.041667	-0.022935	674800.000000
91.145833	-0.023090	675000.000000
91.250000	-0.023769	675200.000000
91.354167	-0.024611	675400.000000
91.458333	-0.025328	675600.000000
91.562500	-0.025312	675800.000000
91.666667	-0.024689	676000.000000
91.770833	-0.023269	676200.000000
91.875000	-0.022344	676400.000000
91.979167	-0.021899	676600.000000
92.083333	-0.022514	676800.000000
92.187500	-0.023332	677000.000000
92.291667	-0.024894	677200.000000
92.395833	-0.025827	677400.000000
92.500000	-0.025817	677600.000000
92.604167	-0.025028	677800.000000
92.708333	-0.023728	678000.000000
92.812500	-0.022536	678200.000000
92.916667	-0.021743	678400.000000
93.020833	-0.021519	678600.000000
93.125000	-0.021728	678800.000000
93.229167	-0.022306	679000.000000
93.333333	-0.022307	679200.000000
93.437500	-0.022039	679400.000000
93.541667	-0.021649	679600.000000
93.645833	-0.021120	679800.000000
93.750000	-0.021490	680000.000000
93.854167	-0.022357	680200.000000
93.958333	-0.024156	680400.000000
94.062500	-0.026273	680600.000000
94.166667	-0.028259	680800.000000
94.270833	-0.029294	681000.000000
94.375000	-0.029378	681200.000000
94.479167	-0.027719	681400.000000
94.583333	-0.024961	681600.000000
94.687500	-0.022249	681800.000000
94.791667	-0.020726	682000.000000
94.895833	-0.020307	682200.000000
95.000000	-0.021013	682400.000000
95.104167	-0.022386	682600.000000
95.208333	-0.023390	682800.000000
95.312500	-0.023883	683000.000000
95.416667	-0.023946	683200.000000
95.520833	-0.024131	683400.000000
95.625000	-0.024609	683600.000000
95.729167	-0.025148	683800.000000
95.833333	-0.025865	684000.000000
95.937500	-0.026143	684200.000000
96.041667	-0.026029	684400.000000
96.145833	-0.025193	684600.000000
96.250000	-0.024274	684800.000000
96.354167	-0.023293	685000.000000
96.458333	-0.022614	685200.000000
96.562500	-0.022350	685400.000000
96.666667	-0.022333	685600.000000
96.770833	-0.022599	685800.000000
96.875000	-0.022495	686000.000000
96.979167	-0.021939	686200.000000
97.083333	-0.021253	686400.000000
97.187500	-0.020304	686600.000000
97.291667	-0.019921	686800.000000
97.395833	-0.019883	687000.000000
97.500000	-0.020408	687200.000000
97.604167	-0.021420	687400.000000
97.708333	-0.022825	687600.000000
97.812500	-0.023849	687800.000000
97.916667	-0.024492	688000.000000
98.020833	-0.024785	688200.000000
98.125000	-0.024500	688400.000000
98.229167	-0.024102	688600.000000
98.333333	-0.023709	688800.000000
98.437500	-0.023876	689000.000000
98.541667	-0.024299	689200.000000
98.645833	-0.024663	689400.000000
98.750000	-0.023997	689600.000000
98.854167	-0.022720	689800.000000
98.958333	-0.021415	690000.000000
99.062500	-0.020558	690200.000000
99.166667	-0.021313	690400.000000
99.270833	-0.023102	690600.000000
99.375000	-0.025365	690800.000000
99.479167	-0.027287	691000.000000
99.583333	-0.027944	691200.000000
99.687500	-0.026968	691400.000000
99.791667	-0.024954	691600.000000
99.895833	-0.022902	691800.000000
100.000000	-0.021125	692000.000000
100.104167	-0.020580	692200.000000
100.208333	-0.021176	692400.000000
100.312500	-0.022223	692600.000000
100.416667	-0.023126	692800.000000
100.520833	-0.023628	693000.000000
100.625000	-0.023112	693200.000000
100.729167	-0.022569	693400.000000
100.833333	-0.021840	693600.000000
100.937500	-0.021646	693800.000000
101.041667	-0.022002	694000.000000
101.145833	-0.023026	694200.000000
101.250000	-0.023843	694400.000000
101.354167	-0.024313	694600.000000
101.458333	-0.024053	694800.000000
101.562500	-0.023040	695000.000000
101.666667	-0.022311	695200.000000
101.770833	-0.021762	695400.000000
101.875000	-0.022028	695600.000000
101.979167	-0.022845	695800.000000
102.083333	-0.024046	696000.000000
102.187500	-0.024959	696200.000000
102.291667	-0.025560	696400.000000
102.395833	-0.024846	696600.000000
102.500000	-0.023952	696800.000000
102.604167	-0.023119	697000.000000
102.708333	-0.022474	697200.000000
102.812500	-0.023115	697400.000000
102.916667	-0.023929	697600.000000
103.020833	-0.025067	697800.000000
103.125000	-0.026149	698000.000000
103.229167	-0.026801	698200.000000
103.333333	-0.027314	698400.000000
103.437500	-0.027648	698600.000000
103.541667	-0.027455	698800.000000
103.645833	-0.026333	699000.000000
103.750000	-0.025138	699200.000000
103.854167	-0.024002	699400.000000
103.958333	-0.022597	699600.000000
104.062500	-0.022337	699800.000000
104.166667	-0.022668	700000.000000
104.270833	-0.023368	700200.000000
104.375000	-0.023807	700400.000000
104.479167	-0.024118	700600.000000
104.583333	-0.024070	700800.000000
104.687500	-0.024171	701000.000000
104.791667	-0.024496	701200.000000
104.895833	-0.024966	701400.000000
105.000000	-0.025356	701600.000000
105.104167	-0.025479	701800.000000
105.208333	-0.024882	702000.000000
105.312500	-0.023500	702200.000000
105.416667	-0.022044	702400.000000
105.520833	-0.020535	702600.000000
105.625000	-0.020532	702800.000000
105.729167	-0.020768	703000.000000
105.833333	-0.021296	703200.000000
105.937500	-0.022254	703400.000000
106.041667	-0.022927	703600.000000
106.145833	-0.023400	703800.000000
106.250000	-0.023687	704000.000000
106.354167	-0.023725	704200.000000
106.458333	-0.023419	704400.000000
106.562500	-0.023382	704600.000000
106.666667	-0.024131	704800.000000
106.770833	-0.024628	705000.000000
106.875000	-0.025057	705200.000000
106.979167	-0.024793	705400.000000
107.083333	-0.023548	705600.000000
107.187500	-0.022571	705800.000000
107.291667	-0.021639	706000.000000
107.395833	-0.021316	706200.000000
107.500000	-0.021757	706400.000000
107.604167	-0.022218	706600.000000
107.708333	-0.022863	706800.000000
107.812500	-0.023061	707000.000000
107.916667	-0.021926	707200.000000
108.020833	-0.020658	707400.000000
108.125000	-0.019508	707600.000000
108.229167	-0.019178	707800.000000
108.333333	-0.020350	708000.000000
108.437500	-0.022862	708200.000000
108.541667	-0.025395	708400.000000
108.645833	-0.026806	708600.000000
108.750000	-0.026696	708800.000000
108.854167	-0.024935	709000.000000
108.958333	-0.023132	709200.000000
109.062500	-0.021796	709400.000000
109.166667	-0.021781	709600.000000
109.270833	-0.022855	709800.000000
109.375000	-0.024047	710000.000000
109.479167	-0.025062	710200.000000
109.583333	-0.025290	710400.000000
109.687500	-0.024678	710600.000000
109.791667	-0.023918	710800.000000
109.895833	-0.023277	711000.000000
110.000000	-0.023217	711200.000000
110.104167	-0.024267	711400.000000
110.208333	-0.025381	711600.000000
110.312500	-0.026346	711800.000000
110.416667	-0.026423	712000.000000
110.520833	-0.025617	712200.000000
110.625000	-0.023872	712400.000000
110.729167	-0.021994	712600.000000
110.833333	-0.020635	712800.000000
110.937500	-0.019765	713000.000000
111.041667	-0.020101	713200.000000
111.145833	-0.021021	713400.000000
111.250000	-0.022196	713600.000000
111.354167	-0.023182	713800.000000
111.458333	-0.023491	714000.000000
111.562500	-0.023348	714200.000000
111.666667	-0.022675	714400.000000
111.770833	-0.022398	714600.000000
111.875000	-0.022228	714800.000000
111.979167	-0.022696	715000.000000
112.083333	-0.023479	715200.000000
112.187500	-0.023691	715400.000000
112.291667	-0.023781	715600.000000
112.395833	-0.023344	715800.000000
112.500000	-0.022899	716000.000000
112.604167	-0.022824	716200.000000
112.708333	-0.022882	716400.000000
112.812500	-0.023000	716600.000000
112.916667	-0.023162	716800.000000
113.020833	-0.022841	717000.000000
113.125000	-0.022545	717200.000000
113.229167	-0.022080	717400.000000
113.333333	-0.021607	717600.000000
113.437500	-0.021134	717800.000000
113.541667	-0.020892	718000.000000
113.645833	-0.020931	718200.000000
113.750000	-0.021327	718400.000000
113.854167	-0.022173	718600.000000
113.958333	-0.022739	718800.000000
114.062500	-0.023259	719000.000000
114.166667	-0.023663	719200.000000
114.270833	-0.022944	719400.000000
114.375000	-0.022085	719600.000000
114.479167	-0.021094	719800.000000
114.583333	-0.020150	720000.000000
114.687500	-0.019837	720200.000000
114.791667	-0.020540	720400.000000
114.895833	-0.021182	720600.000000
115.000000	-0.021842	720800.000000
115.104167	-0.022130	721000.000000
115.208333	-0.022343	721200.000000
115.312500	-0.022705	721400.000000
115.416667	-0.023578	721600.000000
115.520833	-0.024580	721800.000000
115.625000	-0.025357	722000.000000
115.729167	-0.025735	722200.000000
115.833333	-0.025443	722400.000000
115.937500	-0.024705	722600.000000
116.041667	-0.023511	722800.000000
116.145833	-0.022492	723000.000000
116.250000	-0.021819	723200.000000
116.354167	-0.021530	723400.000000
116.458333	-0.021953	723600.000000
116.562500	-0.022431	723800.000000
116.666667	-0.022653	724000.000000
116.770833	-0.022519	724200.000000
116.875000	-0.022305	724400.000000
116.979167	-0.021435	724600.000000
117.083333	-0.020355	724800.000000
117.187500	-0.019810	725000.000000
117.291667	-0.019408	725200.000000
117.395833	-0.019700	725400.000000
117.500000	-0.020321	725600.000000
117.604167	-0.020817	725800.000000
117.708333	-0.021301	726000.000000
117.812500	-0.021370	726200.000000
117.916667	-0.021180	726400.000000
118.020833	-0.021384	726600.000000
118.125000	-0.022217	726800.000000
118.229167	-0.023467	727000.000000
118.333333	-0.025487	727200.000000
118.437500	-0.027070	727400.000000
118.541667	-0.027732	727600.000000
118.645833	-0.027635	727800.000000
118.750000	-0.026677	728000.000000
118.854167	-0.025842	728200.000000
118.958333	-0.025507	728400.000000
119.062500	-0.025452	728600.000000
119.166667	-0.026121	728800.000000
119.270833	-0.027122	729000.000000
119.375000	-0.027485	729200.000000
119.479167	-0.027743	729400.000000
119.583333	-0.027574	729600.000000
119.687500	-0.026750	729800.000000
119.791667	-0.025527	730000.000000
119.895833	-0.024538	730200.000000
120.000000	-0.023248	730400.000000
120.104167	-0.021977	730600.000000
120.208333	-0.021377	730800.000000
120.312500	-0.020776	731000.000000
120.416667	-0.021034	731200.000000
120.520833	-0.021946	731400.000000
120.625000	-0.022791	731600.000000
120.729167	-0.023269	731800.000000
120.833333	-0.023348	732000.000000
120.937500	-0.023208	732200.000000
121.041667	-0.022592	732400.000000
121.145833	-0.022452	732600.000000
121.250000	-0.022622	732800.000000
121.354167	-0.022838	733000.000000
121.458333	-0.023409	733200.000000
121.562500	-0.024012	733400.000000
121.666667	-0.024510	733600.000000
121.770833	-0.024459	733800.000000
121.875000	-0.023999	734000.000000
121.979167	-0.023571	734200.000000
122.083333	-0.023091	734400.000000
122.187500	-0.023119	734600.000000
122.291667	-0.023406	734800.000000
122.395833	-0.023301	735000.000000
122.500000	-0.023246	735200.000000
122.604167	-0.022956	735400.000000
122.708333	-0.022852	735600.000000
122.812500	-0.022756	735800.000000
122.916667	-0.023215	736000.000000
123.020833	-0.023619	736200.000000
123.125000	-0.024267	736400.000000
123.229167	-0.024738	736600.000000
123.333333	-0.024795	736800.000000
123.437500	-0.024275	737000.000000
123.541667	-0.023491	737200.000000
123.645833	-0.022611	737400.000000
123.750000	-0.022174	737600.000000
123.854167	-0.022236	737800.000000
123.958333	-0.022484	738000.000000
124.062500	-0.022811	738200.000000
124.166667	-0.023558	738400.000000
124.270833	-0.023497	738600.000000
124.375000	-0.023434	738800.000000
124.479167	-0.023315	739000.000000
124.583333	-0.023183	739200.000000
124.687500	-0.023753	739400.000000
124.791667	-0.025104	739600.000000
124.895833	-0.025810	739800.000000
125.000000	-0.026089	740000.000000
125.104167	-0.025387	740200.000000
125.208333	-0.024223	740400.000000
125.312500	-0.023282	740600.000000
125.416667	-0.022895	740800.000000
125.520833	-0.023270	741000.000000
125.625000	-0.024217	741200.000000
125.729167	-0.025484	741400.000000
125.833333	-0.026506	741600.000000
125.937500	-0.026889	741800.000000
126.041667	-0.026884	742000.000000
126.145833	-0.025962	742200.000000
126.250000	-0.025578	742400.000000
126.354167	-0.025327	742600.000000
126.458333	-0.025697	742800.000000
126.562500	-0.026259	743000.000000
126.666667	-0.026879	743200.000000
126.770833	-0.026730	743400.000000
126.875000	-0.026247	743600.000000
126.979167	-0.025299	743800.000000
127.083333	-0.024273	744000.000000
127.187500	-0.023505	744200.000000
127.291667	-0.023278	744400.000000
127.395833	-0.023698	744600.000000
127.500000	-0.024264	744800.000000
127.604167	-0.024636	745000.000000
127.708333	-0.024859	745200.000000
127.812500	-0.024116	745400.000000
127.916667	-0.023112	745600.000000
128.020833	-0.021855	745800.000000
128.125000	-0.021560	746000.000000
128.229167	-0.021995	746200.000000
128.333333	-0.022813	746400.000000
128.437500	-0.023726	746600.000000
128.541667	-0.023629	746800.000000
128.645833	-0.023165	747000.000000
128.750000	-0.022583	747200.000000
128.854167	-0.021806	747400.000000
128.958333	-0.021142	747600.000000
129.062500	-0.020913	747800.000000
129.166667	-0.021078	748000.000000
129.270833	-0.021607	748200.000000
129.375000	-0.022177	748400.000000
129.479167	-0.023164	748600.000000
129.583333	-0.024137	748800.000000
129.687500	-0.025170	749000.000000
129.791667	-0.025887	749200.000000
129.895833	-0.026489	749400.000000
130.000000	-0.026908	749600.000000
130.104167	-0.027070	749800.000000
130.208333	-0.027169	750000.000000
