0.000000	-0.022958	550000.000000
0.104167	-0.022966	550200.000000
0.208333	-0.023126	550400.000000
0.312500	-0.022949	550600.000000
0.416667	-0.022993	550800.000000
0.520833	-0.022819	551000.000000
0.625000	-0.022784	551200.000000
0.729167	-0.022687	551400.000000
0.833333	-0.022760	551600.000000
0.937500	-0.022813	551800.000000
1.041667	-0.022593	552000.000000
1.145833	-0.022443	552200.000000
1.250000	-0.022744	552400.000000
1.354167	-0.022619	552600.000000
1.458333	-0.022738	552800.000000
1.562500	-0.022692	553000.000000
1.666667	-0.022572	553200.000000
1.770833	-0.022483	553400.000000
1.875000	-0.022441	553600.000000
1.979167	-0.022502	553800.000000
2.083333	-0.022516	554000.000000
2.187500	-0.022457	554200.000000
2.291667	-0.022286	554400.000000
2.395833	-0.022331	554600.000000
2.500000	-0.022485	554800.000000
2.604167	-0.022504	555000.000000
2.708333	-0.022385	555200.000000
2.812500	-0.022507	555400.000000
2.916667	-0.022654	555600.000000
3.020833	-0.022586	555800.000000
3.125000	-0.022417	556000.000000
3.229167	-0.022551	556200.000000
3.333333	-0.022344	556400.000000
3.437500	-0.022540	556600.000000
3.541667	-0.022625	556800.000000
3.645833	-0.022645	557000.000000
3.750000	-0.022584	557200.000000
3.854167	-0.022367	557400.000000
3.958333	-0.022571	557600.000000
4.062500	-0.022507	557800.000000
4.166667	-0.022570	558000.000000
4.270833	-0.022610	558200.000000
4.375000	-0.022544	558400.000000
4.479167	-0.022439	558600.000000
4.583333	-0.022484	558800.000000
4.687500	-0.022706	559000.000000
4.791667	-0.022609	559200.000000
4.895833	-0.022509	559400.000000
5.000000	-0.022648	559600.000000
5.104167	-0.022612	559800.000000
5.208333	-0.022607	560000.000000
5.312500	-0.022501	560200.000000
5.416667	-0.022642	560400.000000
5.520833	-0.022479	560600.000000
5.625000	-0.022533	560800.000000
5.729167	-0.022468	561000.000000
5.833333	-0.022444	561200.000000
5.937500	-0.022529	561400.000000
6.041667	-0.022422	561600.000000
6.145833	-0.022528	561800.000000
6.250000	-0.022423	562000.000000
6.354167	-0.022546	562200.000000
6.458333	-0.022486	562400.000000
6.562500	-0.022471	562600.000000
6.666667	-0.022488	562800.000000
6.770833	-0.022560	563000.000000
6.875000	-0.022653	563200.000000
6.979167	-0.022510	563400.000000
7.083333	-0.022436	563600.000000
7.187500	-0.022412	563800.000000
7.291667	-0.022538	564000.000000
7.395833	-0.022455	564200.000000
7.500000	-0.022301	564400.000000
7.604167	-0.022531	564600.000000
7.708333	-0.022461	564800.000000
7.812500	-0.022475	565000.000000
7.916667	-0.022615	565200.000000
8.020833	-0.022541	565400.000000
8.125000	-0.022486	565600.000000
8.229167	-0.022436	565800.000000
8.333333	-0.022397	566000.000000
8.437500	-0.022383	566200.000000
8.541667	-0.022680	566400.000000
8.645833	-0.022438	566600.000000
8.750000	-0.022606	566800.000000
8.854167	-0.022729	567000.000000
8.958333	-0.022602	567200.000000
9.062500	-0.022606	567400.000000
9.166667	-0.022563	567600.000000
9.270833	-0.022506	567800.000000
9.375000	-0.022680	568000.000000
9.479167	-0.022580	568200.000000
9.583333	-0.022445	568400.000000
9.687500	-0.022442	568600.000000
9.791667	-0.022407	568800.000000
9.895833	-0.022464	569000.000000
10.000000	-0.022407	569200.000000
10.104167	-0.022396	569400.000000
10.208333	-0.022295	569600.000000
10.312500	-0.022285	569800.000000
10.416667	-0.022282	570000.000000
10.520833	-0.022409	570200.000000
10.625000	-0.022281	570400.000000
10.729167	-0.022378	570600.000000
10.833333	-0.022349	570800.000000
10.937500	-0.022143	571000.000000
11.041667	-0.022323	571200.000000
11.145833	-0.022450	571400.000000
11.250000	-0.022528	571600.000000
11.354167	-0.022491	571800.000000
11.458333	-0.022502	572000.000000
11.562500	-0.022411	572200.000000
11.666667	-0.022534	572400.000000
11.770833	-0.022325	572600.000000
11.875000	-0.022248	572800.000000
11.979167	-0.022284	573000.000000
12.083333	-0.022390	573200.000000
12.187500	-0.022206	573400.000000
12.291667	-0.022320	573600.000000
12.395833	-0.022591	573800.000000
12.500000	-0.022513	574000.000000
12.604167	-0.022613	574200.000000
12.708333	-0.022660	574400.000000
12.812500	-0.022768	574600.000000
12.916667	-0.022623	574800.000000
13.020833	-0.022654	575000.000000
13.125000	-0.022627	575200.000000
13.229167	-0.022609	575400.000000
13.333333	-0.022572	575600.000000
13.437500	-0.022635	575800.000000
13.541667	-0.022686	576000.000000
13.645833	-0.022592	576200.000000
13.750000	-0.022449	576400.000000
13.854167	-0.022532	576600.000000
13.958333	-0.022580	576800.000000
14.062500	-0.022606	577000.000000
14.166667	-0.022500	577200.000000
14.270833	-0.022389	577400.000000
14.375000	-0.022498	577600.000000
14.479167	-0.022258	577800.000000
14.583333	-0.022436	578000.000000
14.687500	-0.022411	578200.000000
14.791667	-0.022459	578400.000000
14.895833	-0.022295	578600.000000
15.000000	-0.022300	578800.000000
15.104167	-0.022440	579000.000000
15.208333	-0.022327	579200.000000
15.312500	-0.022391	579400.000000
15.416667	-0.022402	579600.000000
15.520833	-0.022426	579800.000000
15.625000	-0.022529	580000.000000
15.729167	-0.022147	580200.000000
15.833333	-0.022253	580400.000000
15.937500	-0.022399	580600.000000
16.041667	-0.022341	580800.000000
16.145833	-0.022452	581000.000000
16.250000	-0.022555	581200.000000
16.354167	-0.022614	581400.000000
16.458333	-0.022594	581600.000000
16.562500	-0.022767	581800.000000
16.666667	-0.022623	582000.000000
16.770833	-0.022551	582200.000000
16.875000	-0.022801	582400.000000
16.979167	-0.022661	582600.000000
17.083333	-0.022582	582800.000000
17.187500	-0.022856	583000.000000
17.291667	-0.022383	583200.000000
17.395833	-0.022273	583400.000000
17.500000	-0.022502	583600.000000
17.604167	-0.022222	583800.000000
17.708333	-0.022049	584000.000000
17.812500	-0.021834	584200.000000
17.916667	-0.021958	584400.000000
18.020833	-0.021750	584600.000000
18.125000	-0.021889	584800.000000
18.229167	-0.021732	585000.000000
18.333333	-0.021451	585200.000000
18.437500	-0.021531	585400.000000
18.541667	-0.021274	585600.000000
18.645833	-0.021192	585800.000000
18.750000	-0.021104	586000.000000
18.854167	-0.020966	586200.000000
18.958333	-0.020862	586400.000000
19.062500	-0.020925	586600.000000
19.166667	-0.020670	586800.000000
19.270833	-0.020578	587000.000000
19.375000	-0.020416	587200.000000
19.479167	-0.020369	587400.000000
19.583333	-0.020009	587600.000000
19.687500	-0.019936	587800.000000
19.791667	-0.019743	588000.000000
19.895833	-0.019470	588200.000000
20.000000	-0.019294	588400.000000
20.104167	-0.019038	588600.000000
20.208333	-0.018518	588800.000000
20.312500	-0.018423	589000.000000
20.416667	-0.018016	589200.000000
20.520833	-0.017328	589400.000000
20.625000	-0.016919	589600.000000
20.729167	-0.016307	589800.000000
20.833333	-0.015646	590000.000000
20.937500	-0.014843	590200.000000
21.041667	-0.014012	590400.000000
21.145833	-0.013139	590600.000000
21.250000	-0.012071	590800.000000
21.354167	-0.011015	591000.000000
21.458333	-0.009737	591200.000000
21.562500	-0.008225	591400.000000
21.666667	-0.006624	591600.000000
21.770833	-0.004696	591800.000000
21.875000	-0.002543	592000.000000
21.979167	-0.000259	592200.000000
22.083333	0.002188	592400.000000
22.187500	0.004740	592600.000000
22.291667	0.007692	592800.000000
22.395833	0.010607	593000.000000
22.500000	0.014102	593200.000000
22.604167	0.017479	593400.000000
22.708333	0.021027	593600.000000
22.812500	0.024995	593800.000000
22.916667	0.028849	594000.000000
23.020833	0.032934	594200.000000
23.125000	0.037237	594400.000000
23.229167	0.041896	594600.000000
23.333333	0.046395	594800.000000
23.437500	0.050827	595000.000000
23.541667	0.054892	595200.000000
23.645833	0.058101	595400.000000
23.750000	0.059754	595600.000000
23.854167	0.054630	595800.000000
23.958333	0.033682	596000.000000
24.062500	-0.022620	596200.000000
24.166667	-0.134416	596400.000000
24.270833	-0.317595	596600.000000
24.375000	-0.545587	596800.000000
24.479167	-0.761308	597000.000000
24.583333	-0.890204	597200.000000
24.687500	-0.873678	597400.000000
24.791667	-0.710615	597600.000000
24.895833	-0.455459	597800.000000
25.000000	-0.185120	598000.000000
25.104167	0.046852	598200.000000
25.208333	0.201348	598400.000000
25.312500	0.282162	598600.000000
25.416667	0.309583	598800.000000
25.520833	0.305032	599000.000000
25.625000	0.285929	599200.000000
25.729167	0.258998	599400.000000
25.833333	0.228032	599600.000000
25.937500	0.198108	599800.000000
26.041667	0.178270	600000.000000
26.145833	0.171102	600200.000000
26.250000	0.169839	600400.000000
26.354167	0.160724	600600.000000
26.458333	0.133015	600800.000000
26.562500	0.091380	601000.000000
26.666667	0.048052	601200.000000
26.770833	0.017312	601400.000000
26.875000	0.004531	601600.000000
26.979167	0.004840	601800.000000
27.083333	0.010261	602000.000000
27.187500	0.014895	602200.000000
27.291667	0.014092	602400.000000
27.395833	0.006233	602600.000000
27.500000	-0.008926	602800.000000
27.604167	-0.025861	603000.000000
27.708333	-0.038697	603200.000000
27.812500	-0.040779	603400.000000
27.916667	-0.030027	603600.000000
28.020833	-0.011915	603800.000000
28.125000	0.003006	604000.000000
28.229167	0.005093	604200.000000
28.333333	-0.006875	604400.000000
28.437500	-0.023528	604600.000000
28.541667	-0.033850	604800.000000
28.645833	-0.033914	605000.000000
28.750000	-0.027612	605200.000000
28.854167	-0.022929	605400.000000
28.958333	-0.025374	605600.000000
29.062500	-0.033215	605800.000000
29.166667	-0.040747	606000.000000
29.270833	-0.044185	606200.000000
29.375000	-0.040958	606400.000000
29.479167	-0.032932	606600.000000
29.583333	-0.021787	606800.000000
29.687500	-0.009918	607000.000000
29.791667	-0.000039	607200.000000
29.895833	0.006680	607400.000000
30.000000	0.007905	607600.000000
30.104167	0.004042	607800.000000
30.208333	-0.003591	608000.000000
30.312500	-0.013027	608200.000000
30.416667	-0.022624	608400.000000
30.520833	-0.030368	608600.000000
30.625000	-0.034624	608800.000000
30.729167	-0.033014	609000.000000
30.833333	-0.027118	609200.000000
30.937500	-0.020759	609400.000000
31.041667	-0.017671	609600.000000
31.145833	-0.018359	609800.000000
31.250000	-0.021312	610000.000000
31.354167	-0.023302	610200.000000
31.458333	-0.022721	610400.000000
31.562500	-0.019319	610600.000000
31.666667	-0.015414	610800.000000
31.770833	-0.013705	611000.000000
31.875000	-0.016162	611200.000000
31.979167	-0.022642	611400.000000
32.083333	-0.031382	611600.000000
32.187500	-0.038516	611800.000000
32.291667	-0.042650	612000.000000
32.395833	-0.044405	612200.000000
32.500000	-0.045122	612400.000000
32.604167	-0.045035	612600.000000
32.708333	-0.043842	612800.000000
32.812500	-0.041171	613000.000000
32.916667	-0.038412	613200.000000
33.020833	-0.037018	613400.000000
33.125000	-0.037891	613600.000000
33.229167	-0.038633	613800.000000
33.333333	-0.035484	614000.000000
33.437500	-0.027758	614200.000000
33.541667	-0.015925	614400.000000
33.645833	-0.002937	614600.000000
33.750000	0.004414	614800.000000
33.854167	0.002847	615000.000000
33.958333	-0.007721	615200.000000
34.062500	-0.022309	615400.000000
34.166667	-0.035367	615600.000000
34.270833	-0.042106	615800.000000
34.375000	-0.042293	616000.000000
34.479167	-0.037325	616200.000000
34.583333	-0.030638	616400.000000
34.687500	-0.024334	616600.000000
34.791667	-0.020492	616800.000000
34.895833	-0.019202	617000.000000
35.000000	-0.019271	617200.000000
35.104167	-0.018857	617400.000000
35.208333	-0.017154	617600.000000
35.312500	-0.015178	617800.000000
35.416667	-0.013395	618000.000000
35.520833	-0.013064	618200.000000
35.625000	-0.014936	618400.000000
35.729167	-0.019783	618600.000000
35.833333	-0.027507	618800.000000
35.937500	-0.036850	619000.000000
36.041667	-0.046633	619200.000000
36.145833	-0.052889	619400.000000
36.250000	-0.053116	619600.000000
36.354167	-0.045468	619800.000000
36.458333	-0.032204	620000.000000
36.562500	-0.018854	620200.000000
36.666667	-0.012934	620400.000000
36.770833	-0.016607	620600.000000
36.875000	-0.026677	620800.000000
36.979167	-0.035960	621000.000000
37.083333	-0.038165	621200.000000
37.187500	-0.031241	621400.000000
37.291667	-0.020642	621600.000000
37.395833	-0.014053	621800.000000
37.500000	-0.015151	622000.000000
37.604167	-0.022998	622200.000000
37.708333	-0.033347	622400.000000
37.812500	-0.041388	622600.000000
37.916667	-0.045441	622800.000000
38.020833	-0.045494	623000.000000
38.125000	-0.041990	623200.000000
38.229167	-0.036215	623400.000000
38.333333	-0.030823	623600.000000
38.437500	-0.029508	623800.000000
38.541667	-0.033076	624000.000000
38.645833	-0.039110	624200.000000
38.750000	-0.041021	624400.000000
38.854167	-0.035773	624600.000000
38.958333	-0.024717	624800.000000
39.062500	-0.014234	625000.000000
39.166667	-0.009908	625200.000000
39.270833	-0.013625	625400.000000
39.375000	-0.022622	625600.000000
39.479167	-0.033896	625800.000000
39.583333	-0.045049	626000.000000
39.687500	-0.052416	626200.000000
39.791667	-0.052838	626400.000000
39.895833	-0.044476	626600.000000
40.000000	-0.030234	626800.000000
40.104167	-0.017892	627000.000000
40.208333	-0.013590	627200.000000
40.312500	-0.018084	627400.000000
40.416667	-0.025331	627600.000000
40.520833	-0.028490	627800.000000
40.625000	-0.022324	628000.000000
40.729167	-0.010444	628200.000000
40.833333	0.000011	628400.000000
40.937500	0.001599	628600.000000
41.041667	-0.007699	628800.000000
41.145833	-0.024260	629000.000000
41.250000	-0.040072	629200.000000
41.354167	-0.049705	629400.000000
41.458333	-0.049941	629600.000000
41.562500	-0.041239	629800.000000
41.666667	-0.028196	630000.000000
41.770833	-0.017434	630200.000000
41.875000	-0.012315	630400.000000
41.979167	-0.013494	630600.000000
42.083333	-0.018377	630800.000000
42.187500	-0.025065	631000.000000
42.291667	-0.029744	631200.000000
42.395833	-0.029029	631400.000000
42.500000	-0.022872	631600.000000
42.604167	-0.014267	631800.000000
42.708333	-0.007550	632000.000000
42.812500	-0.006891	632200.000000
42.916667	-0.011970	632400.000000
43.020833	-0.019825	632600.000000
43.125000	-0.026978	632800.000000
43.229167	-0.031075	633000.000000
43.333333	-0.031429	633200.000000
43.437500	-0.028133	633400.000000
43.541667	-0.023023	633600.000000
43.645833	-0.018866	633800.000000
43.750000	-0.018120	634000.000000
43.854167	-0.020339	634200.000000
43.958333	-0.023298	634400.000000
44.062500	-0.023288	634600.000000
44.166667	-0.017483	634800.000000
44.270833	-0.007269	635000.000000
44.375000	0.001751	635200.000000
44.479167	0.004880	635400.000000
44.583333	0.001220	635600.000000
44.687500	-0.007410	635800.000000
44.791667	-0.016916	636000.000000
44.895833	-0.024694	636200.000000
45.000000	-0.029333	636400.000000
45.104167	-0.030860	636600.000000
45.208333	-0.030037	636800.000000
45.312500	-0.028376	637000.000000
45.416667	-0.026651	637200.000000
45.520833	-0.024481	637400.000000
45.625000	-0.020452	637600.000000
45.729167	-0.014651	637800.000000
45.833333	-0.008277	638000.000000
45.937500	-0.004266	638200.000000
46.041667	-0.004076	638400.000000
46.145833	-0.006939	638600.000000
46.250000	-0.011328	638800.000000
46.354167	-0.015177	639000.000000
46.458333	-0.017754	639200.000000
46.562500	-0.020309	639400.000000
46.666667	-0.022906	639600.000000
46.770833	-0.024760	639800.000000
46.875000	-0.025542	640000.000000
46.979167	-0.024724	640200.000000
47.083333	-0.022886	640400.000000
47.187500	-0.021546	640600.000000
47.291667	-0.022014	640800.000000
47.395833	-0.022777	641000.000000
47.500000	-0.022674	641200.000000
47.604167	-0.020760	641400.000000
47.708333	-0.017327	641600.000000
47.812500	-0.014207	641800.000000
47.916667	-0.013099	642000.000000
48.020833	-0.014287	642200.000000
48.125000	-0.016942	642400.000000
48.229167	-0.019316	642600.000000
48.333333	-0.020106	642800.000000
48.437500	-0.019582	643000.000000
48.541667	-0.019469	643200.000000
48.645833	-0.020612	643400.000000
48.750000	-0.023283	643600.000000
48.854167	-0.027430	643800.000000
48.958333	-0.030939	644000.000000
49.062500	-0.032887	644200.000000
49.166667	-0.031523	644400.000000
49.270833	-0.026729	644600.000000
49.375000	-0.019259	644800.000000
49.479167	-0.012761	645000.000000
49.583333	-0.009531	645200.000000
49.687500	-0.010954	645400.000000
49.791667	-0.014120	645600.000000
49.895833	-0.015790	645800.000000
50.000000	-0.015540	646000.000000
50.104167	-0.015574	646200.000000
50.208333	-0.018677	646400.000000
50.312500	-0.025009	646600.000000
50.416667	-0.032241	646800.000000
50.520833	-0.037093	647000.000000
50.625000	-0.037961	647200.000000
50.729167	-0.035734	647400.000000
50.833333	-0.031214	647600.000000
50.937500	-0.024857	647800.000000
51.041667	-0.018591	648000.000000
51.145833	-0.013612	648200.000000
51.250000	-0.011406	648400.000000
51.354167	-0.012709	648600.000000
51.458333	-0.017026	648800.000000
51.562500	-0.022355	649000.000000
51.666667	-0.025766	649200.000000
51.770833	-0.026360	649400.000000
51.875000	-0.024787	649600.000000
51.979167	-0.023041	649800.000000
52.083333	-0.023510	650000.000000
52.187500	-0.026049	650200.000000
52.291667	-0.030503	650400.000000
52.395833	-0.035181	650600.000000
52.500000	-0.037320	650800.000000
52.604167	-0.035485	651000.000000
52.708333	-0.029868	651200.000000
52.812500	-0.022638	651400.000000
52.916667	-0.017836	651600.000000
53.020833	-0.017761	651800.000000
53.125000	-0.021750	652000.000000
53.229167	-0.026630	652200.000000
53.333333	-0.029322	652400.000000
53.437500	-0.028639	652600.000000
53.541667	-0.024611	652800.000000
53.645833	-0.019765	653000.000000
53.750000	-0.017484	653200.000000
53.854167	-0.018924	653400.000000
53.958333	-0.024039	653600.000000
54.062500	-0.030666	653800.000000
54.166667	-0.036213	654000.000000
54.270833	-0.038839	654200.000000
54.375000	-0.037700	654400.000000
54.479167	-0.033570	654600.000000
54.583333	-0.028215	654800.000000
54.687500	-0.023436	655000.000000
54.791667	-0.019647	655200.000000
54.895833	-0.016400	655400.000000
55.000000	-0.014319	655600.000000
55.104167	-0.013953	655800.000000
55.208333	-0.015305	656000.000000
55.312500	-0.017348	656200.000000
55.416667	-0.019412	656400.000000
55.520833	-0.021553	656600.000000
55.625000	-0.024388	656800.000000
55.729167	-0.027725	657000.000000
55.833333	-0.030872	657200.000000
55.937500	-0.033331	657400.000000
56.041667	-0.033604	657600.000000
56.145833	-0.031338	657800.000000
56.250000	-0.026931	658000.000000
56.354167	-0.021838	658200.000000
56.458333	-0.018220	658400.000000
56.562500	-0.015907	658600.000000
56.666667	-0.015472	658800.000000
56.770833	-0.016040	659000.000000
56.875000	-0.016723	659200.000000
56.979167	-0.017759	659400.000000
57.083333	-0.018540	659600.000000
57.187500	-0.019482	659800.000000
57.291667	-0.021007	660000.000000
57.395833	-0.023566	660200.000000
57.500000	-0.025902	660400.000000
57.604167	-0.026350	660600.000000
57.708333	-0.024532	660800.000000
57.812500	-0.022572	661000.000000
57.916667	-0.021794	661200.000000
58.020833	-0.022754	661400.000000
58.125000	-0.024019	661600.000000
58.229167	-0.023841	661800.000000
58.333333	-0.021870	662000.000000
58.437500	-0.019293	662200.000000
58.541667	-0.017265	662400.000000
58.645833	-0.016551	662600.000000
58.750000	-0.016742	662800.000000
58.854167	-0.016972	663000.000000
58.958333	-0.016991	663200.000000
59.062500	-0.016947	663400.000000
59.166667	-0.017320	663600.000000
59.270833	-0.018575	663800.000000
59.375000	-0.021162	664000.000000
59.479167	-0.025010	664200.000000
59.583333	-0.028432	664400.000000
59.687500	-0.030690	664600.000000
59.791667	-0.030620	664800.000000
59.895833	-0.027760	665000.000000
60.000000	-0.022341	665200.000000
60.104167	-0.016249	665400.000000
60.208333	-0.011672	665600.000000
60.312500	-0.009950	665800.000000
60.416667	-0.011275	666000.000000
60.520833	-0.013629	666200.000000
60.625000	-0.015725	666400.000000
60.729167	-0.017077	666600.000000
60.833333	-0.018031	666800.000000
60.937500	-0.020022	667000.000000
61.041667	-0.023189	667200.000000
61.145833	-0.026058	667400.000000
61.250000	-0.028027	667600.000000
61.354167	-0.028789	667800.000000
61.458333	-0.028658	668000.000000
61.562500	-0.028046	668200.000000
61.666667	-0.026615	668400.000000
61.770833	-0.023457	668600.000000
61.875000	-0.018592	668800.000000
61.979167	-0.014723	669000.000000
62.083333	-0.013713	669200.000000
62.187500	-0.015705	669400.000000
62.291667	-0.019946	669600.000000
62.395833	-0.024098	669800.000000
62.500000	-0.026107	670000.000000
62.604167	-0.026244	670200.000000
62.708333	-0.024863	670400.000000
62.812500	-0.023912	670600.000000
62.916667	-0.023529	670800.000000
63.020833	-0.024144	671000.000000
63.125000	-0.025295	671200.000000
63.229167	-0.026564	671400.000000
63.333333	-0.028022	671600.000000
63.437500	-0.028969	671800.000000
63.541667	-0.028934	672000.000000
63.645833	-0.028371	672200.000000
63.750000	-0.026697	672400.000000
63.854167	-0.024328	672600.000000
63.958333	-0.022188	672800.000000
64.062500	-0.019925	673000.000000
64.166667	-0.019388	673200.000000
64.270833	-0.020335	673400.000000
64.375000	-0.022526	673600.000000
64.479167	-0.025020	673800.000000
64.583333	-0.027255	674000.000000
64.687500	-0.028978	674200.000000
64.791667	-0.029564	674400.000000
64.895833	-0.029112	674600.000000
65.000000	-0.028285	674800.000000
65.104167	-0.028342	675000.000000
65.208333	-0.029713	675200.000000
65.312500	-0.031057	675400.000000
65.416667	-0.030121	675600.000000
65.520833	-0.026559	675800.000000
65.625000	-0.021403	676000.000000
65.729167	-0.017349	676200.000000
65.833333	-0.016584	676400.000000
65.937500	-0.019248	676600.000000
66.041667	-0.024006	676800.000000
66.145833	-0.028836	677000.000000
66.250000	-0.032788	677200.000000
66.354167	-0.034464	677400.000000
66.458333	-0.034927	677600.000000
66.562500	-0.033471	677800.000000
66.666667	-0.030790	678000.000000
66.770833	-0.028470	678200.000000
66.875000	-0.027045	678400.000000
66.979167	-0.026705	678600.000000
67.083333	-0.026276	678800.000000
67.187500	-0.024795	679000.000000
67.291667	-0.021954	679200.000000
67.395833	-0.018796	679400.000000
67.500000	-0.015998	679600.000000
67.604167	-0.014827	679800.000000
67.708333	-0.015915	680000.000000
67.812500	-0.018808	680200.000000
67.916667	-0.021955	680400.000000
68.020833	-0.023862	680600.000000
68.125000	-0.022994	680800.000000
68.229167	-0.020282	681000.000000
68.333333	-0.017483	681200.000000
68.437500	-0.016603	681400.000000
68.541667	-0.018690	681600.000000
68.645833	-0.023054	681800.000000
68.750000	-0.027321	682000.000000
68.854167	-0.028832	682200.000000
68.958333	-0.026914	682400.000000
69.062500	-0.021918	682600.000000
69.166667	-0.015973	682800.000000
69.270833	-0.012558	683000.000000
69.375000	-0.012184	683200.000000
69.479167	-0.014663	683400.000000
69.583333	-0.018716	683600.000000
69.687500	-0.021642	683800.000000
69.791667	-0.022592	684000.000000
69.895833	-0.021566	684200.000000
70.000000	-0.020362	684400.000000
70.104167	-0.020369	684600.000000
70.208333	-0.023054	684800.000000
70.312500	-0.027196	685000.000000
70.416667	-0.031703	685200.000000
70.520833	-0.033724	685400.000000
70.625000	-0.032648	685600.000000
70.729167	-0.029005	685800.000000
70.833333	-0.023935	686000.000000
70.937500	-0.019578	686200.000000
71.041667	-0.017215	686400.000000
71.145833	-0.017482	686600.000000
71.250000	-0.019528	686800.000000
71.354167	-0.023300	687000.000000
71.458333	-0.027656	687200.000000
71.562500	-0.031341	687400.000000
71.666667	-0.033933	687600.000000
71.770833	-0.035033	687800.000000
71.875000	-0.035225	688000.000000
71.979167	-0.035228	688200.000000
72.083333	-0.035505	688400.000000
72.187500	-0.035558	688600.000000
72.291667	-0.035237	688800.000000
72.395833	-0.033912	689000.000000
72.500000	-0.031820	689200.000000
72.604167	-0.029257	689400.000000
72.708333	-0.026644	689600.000000
72.812500	-0.024544	689800.000000
72.916667	-0.023360	690000.000000
73.020833	-0.021455	690200.000000
73.125000	-0.019473	690400.000000
73.229167	-0.017561	690600.000000
73.333333	-0.016019	690800.000000
73.437500	-0.015124	691000.000000
73.541667	-0.015310	691200.000000
73.645833	-0.015013	691400.000000
73.750000	-0.014417	691600.000000
73.854167	-0.013186	691800.000000
73.958333	-0.011357	692000.000000
74.062500	-0.010256	692200.000000
74.166667	-0.010069	692400.000000
74.270833	-0.010983	692600.000000
74.375000	-0.012488	692800.000000
74.479167	-0.013964	693000.000000
74.583333	-0.014623	693200.000000
74.687500	-0.013682	693400.000000
74.791667	-0.012340	693600.000000
74.895833	-0.011371	693800.000000
75.000000	-0.012056	694000.000000
75.104167	-0.014654	694200.000000
75.208333	-0.018974	694400.000000
75.312500	-0.023533	694600.000000
75.416667	-0.027633	694800.000000
75.520833	-0.029885	695000.000000
75.625000	-0.030743	695200.000000
75.729167	-0.030868	695400.000000
75.833333	-0.030750	695600.000000
75.937500	-0.030588	695800.000000
76.041667	-0.030428	696000.000000
76.145833	-0.029587	696200.000000
76.250000	-0.027659	696400.000000
76.354167	-0.024693	696600.000000
76.458333	-0.021156	696800.000000
76.562500	-0.018797	697000.000000
76.666667	-0.018203	697200.000000
76.770833	-0.019741	697400.000000
76.875000	-0.022090	697600.000000
76.979167	-0.024661	697800.000000
77.083333	-0.025712	698000.000000
77.187500	-0.025234	698200.000000
77.291667	-0.023846	698400.000000
77.395833	-0.021288	698600.000000
77.500000	-0.019692	698800.000000
77.604167	-0.019672	699000.000000
77.708333	-0.021196	699200.000000
77.812500	-0.023551	699400.000000
77.916667	-0.025508	699600.000000
78.020833	-0.025778	699800.000000
78.125000	-0.023955	700000.000000
78.229167	-0.021644	700200.000000
78.333333	-0.019899	700400.000000
78.437500	-0.020222	700600.000000
78.541667	-0.022561	700800.000000
78.645833	-0.025282	701000.000000
78.750000	-0.027092	701200.000000
78.854167	-0.026646	701400.000000
78.958333	-0.024337	701600.000000
79.062500	-0.022101	701800.000000
79.166667	-0.021082	702000.000000
79.270833	-0.021947	702200.000000
79.375000	-0.024133	702400.000000
79.479167	-0.026850	702600.000000
79.583333	-0.029043	702800.000000
79.687500	-0.029502	703000.000000
79.791667	-0.027867	703200.000000
79.895833	-0.024401	703400.000000
80.000000	-0.019973	703600.000000
80.104167	-0.016455	703800.000000
80.208333	-0.015358	704000.000000
80.312500	-0.016230	704200.000000
80.416667	-0.018365	704400.000000
80.520833	-0.021310	704600.000000
80.625000	-0.023563	704800.000000
80.729167	-0.025139	705000.000000
80.833333	-0.026377	705200.000000
80.937500	-0.027022	705400.000000
81.041667	-0.026716	705600.000000
81.145833	-0.025299	705800.000000
81.250000	-0.023979	706000.000000
81.354167	-0.022893	706200.000000
81.458333	-0.022198	706400.000000
81.562500	-0.021287	706600.000000
81.666667	-0.019602	706800.000000
81.770833	-0.016988	707000.000000
81.875000	-0.015061	707200.000000
81.979167	-0.013789	707400.000000
82.083333	-0.014238	707600.000000
82.187500	-0.015467	707800.000000
82.291667	-0.017024	708000.000000
82.395833	-0.018804	708200.000000
82.500000	-0.020249	708400.000000
82.604167	-0.021302	708600.000000
82.708333	-0.021305	708800.000000
82.812500	-0.020487	709000.000000
82.916667	-0.019430	709200.000000
83.020833	-0.018718	709400.000000
83.125000	-0.018724	709600.000000
83.229167	-0.018632	709800.000000
83.333333	-0.018725	710000.000000
83.437500	-0.019277	710200.000000
83.541667	-0.019960	710400.000000
83.645833	-0.019938	710600.000000
83.750000	-0.019512	710800.000000
83.854167	-0.018610	711000.000000
83.958333	-0.018271	711200.000000
84.062500	-0.018849	711400.000000
84.166667	-0.020075	711600.000000
84.270833	-0.021636	711800.000000
84.375000	-0.023098	712000.000000
84.479167	-0.023627	712200.000000
84.583333	-0.024106	712400.000000
84.687500	-0.024849	712600.000000
84.791667	-0.025798	712800.000000
84.895833	-0.026967	713000.000000
85.000000	-0.027952	713200.000000
85.104167	-0.027982	713400.000000
85.208333	-0.026591	713600.000000
85.312500	-0.024403	713800.000000
85.416667	-0.021930	714000.000000
85.520833	-0.020198	714200.000000
85.625000	-0.019754	714400.000000
85.729167	-0.020662	714600.000000
85.833333	-0.023083	714800.000000
85.937500	-0.026210	715000.000000
86.041667	-0.028500	715200.000000
86.145833	-0.029305	715400.000000
86.250000	-0.028962	715600.000000
86.354167	-0.028498	715800.000000
86.458333	-0.028360	716000.000000
86.562500	-0.029214	716200.000000
86.666667	-0.030211	716400.000000
86.770833	-0.030474	716600.000000
86.875000	-0.029789	716800.000000
86.979167	-0.028115	717000.000000
87.083333	-0.026031	717200.000000
87.187500	-0.024323	717400.000000
87.291667	-0.023727	717600.000000
87.395833	-0.024384	717800.000000
87.500000	-0.025738	718000.000000
87.604167	-0.028214	718200.000000
87.708333	-0.030691	718400.000000
87.812500	-0.032104	718600.000000
87.916667	-0.032084	718800.000000
88.020833	-0.030345	719000.000000
88.125000	-0.028204	719200.000000
88.229167	-0.026651	719400.000000
88.333333	-0.026046	719600.000000
88.437500	-0.026202	719800.000000
88.541667	-0.026707	720000.000000
88.645833	-0.026666	720200.000000
88.750000	-0.025893	720400.000000
88.854167	-0.024370	720600.000000
88.958333	-0.022932	720800.000000
89.062500	-0.021524	721000.000000
89.166667	-0.020818	721200.000000
89.270833	-0.020163	721400.000000
89.375000	-0.019931	721600.000000
89.479167	-0.020347	721800.000000
89.583333	-0.021052	722000.000000
89.687500	-0.022006	722200.000000
89.791667	-0.023231	722400.000000
89.895833	-0.024350	722600.000000
90.000000	-0.025082	722800.000000
90.104167	-0.025779	723000.000000
90.208333	-0.026024	723200.000000
90.312500	-0.025727	723400.000000
90.416667	-0.024831	723600.000000
90.520833	-0.023477	723800.000000
90.625000	-0.022257	724000.000000
90.729167	-0.021168	724200.000000
90.833333	-0.020973	724400.000000
90.937500	-0.020542	724600.000000
91.041667	-0.020288	724800.000000
91.145833	-0.020356	725000.000000
91.250000	-0.021177	725200.000000
91.354167	-0.022534	725400.000000
91.458333	-0.024727	725600.000000
91.562500	-0.026399	725800.000000
91.666667	-0.027269	726000.000000
91.770833	-0.027652	726200.000000
91.875000	-0.027046	726400.000000
91.979167	-0.026299	726600.000000
92.083333	-0.024834	726800.000000
92.187500	-0.023421	727000.000000
92.291667	-0.021752	727200.000000
92.395833	-0.020577	727400.000000
92.500000	-0.020020	727600.000000
92.604167	-0.019939	727800.000000
92.708333	-0.020630	728000.000000
92.812500	-0.021386	728200.000000
92.916667	-0.021929	728400.000000
93.020833	-0.022274	728600.000000
93.125000	-0.022662	728800.000000
93.229167	-0.022987	729000.000000
93.333333	-0.022960	729200.000000
93.437500	-0.022751	729400.000000
93.541667	-0.022574	729600.000000
93.645833	-0.022404	729800.000000
93.750000	-0.022589	730000.000000
93.854167	-0.022439	730200.000000
93.958333	-0.022672	730400.000000
94.062500	-0.023002	730600.000000
94.166667	-0.023222	730800.000000
94.270833	-0.023555	731000.000000
94.375000	-0.023582	731200.000000
94.479167	-0.023099	731400.000000
94.583333	-0.022975	731600.000000
94.687500	-0.023123	731800.000000
94.791667	-0.024105	732000.000000
94.895833	-0.025486	732200.000000
95.000000	-0.026924	732400.000000
95.104167	-0.027866	732600.000000
95.208333	-0.027927	732800.000000
95.312500	-0.027983	733000.000000
95.416667	-0.027359	733200.000000
95.520833	-0.027123	733400.000000
95.625000	-0.026717	733600.000000
95.729167	-0.026217	733800.000000
95.833333	-0.025405	734000.000000
95.937500	-0.024766	734200.000000
96.041667	-0.023181	734400.000000
96.145833	-0.021184	734600.000000
96.250000	-0.019295	734800.000000
96.354167	-0.017801	735000.000000
96.458333	-0.017735	735200.000000
96.562500	-0.019210	735400.000000
96.666667	-0.021588	735600.000000
96.770833	-0.024225	735800.000000
96.875000	-0.026390	736000.000000
96.979167	-0.027397	736200.000000
97.083333	-0.027133	736400.000000
97.187500	-0.026498	736600.000000
97.291667	-0.024500	736800.000000
97.395833	-0.022029	737000.000000
97.500000	-0.019266	737200.000000
97.604167	-0.016829	737400.000000
97.708333	-0.015065	737600.000000
97.812500	-0.013990	737800.000000
97.916667	-0.013542	738000.000000
98.020833	-0.013417	738200.000000
98.125000	-0.013129	738400.000000
98.229167	-0.013618	738600.000000
98.333333	-0.015293	738800.000000
98.437500	-0.017829	739000.000000
98.541667	-0.020380	739200.000000
98.645833	-0.022682	739400.000000
98.750000	-0.024548	739600.000000
98.854167	-0.025593	739800.000000
98.958333	-0.026311	740000.000000
99.062500	-0.026883	740200.000000
99.166667	-0.027656	740400.000000
99.270833	-0.028611	740600.000000
99.375000	-0.029217	740800.000000
99.479167	-0.029493	741000.000000
99.583333	-0.028973	741200.000000
99.687500	-0.027717	741400.000000
99.791667	-0.026027	741600.000000
99.895833	-0.023979	741800.000000
100.000000	-0.022320	742000.000000
100.104167	-0.021474	742200.000000
100.208333	-0.021468	742400.000000
100.312500	-0.022286	742600.000000
100.416667	-0.023152	742800.000000
100.520833	-0.024087	743000.000000
100.625000	-0.024491	743200.000000
100.729167	-0.024834	743400.000000
100.833333	-0.025208	743600.000000
100.937500	-0.025732	743800.000000
101.041667	-0.025895	744000.000000
101.145833	-0.025683	744200.000000
101.250000	-0.025282	744400.000000
101.354167	-0.023857	744600.000000
101.458333	-0.021837	744800.000000
101.562500	-0.020204	745000.000000
101.666667	-0.019329	745200.000000
101.770833	-0.019602	745400.000000
101.875000	-0.020814	745600.000000
101.979167	-0.022496	745800.000000
102.083333	-0.023933	746000.000000
102.187500	-0.024769	746200.000000
102.291667	-0.024832	746400.000000
102.395833	-0.024334	746600.000000
102.500000	-0.023560	746800.000000
102.604167	-0.023355	747000.000000
102.708333	-0.023942	747200.000000
102.812500	-0.024798	747400.000000
102.916667	-0.025348	747600.000000
103.020833	-0.025329	747800.000000
103.125000	-0.024779	748000.000000
103.229167	-0.023896	748200.000000
103.333333	-0.023097	748400.000000
103.437500	-0.022938	748600.000000
103.541667	-0.023219	748800.000000
103.645833	-0.024290	749000.000000
103.750000	-0.025089	749200.000000
103.854167	-0.025832	749400.000000
103.958333	-0.026397	749600.000000
104.062500	-0.026392	749800.000000
104.166667	-0.026490	750000.000000
104.270833	-0.026020	750200.000000
104.375000	-0.025919	750400.000000
104.479167	-0.025957	750600.000000
104.583333	-0.026385	750800.000000
104.687500	-0.026616	751000.000000
104.791667	-0.026499	751200.000000
104.895833	-0.026087	751400.000000
105.000000	-0.024817	751600.000000
105.104167	-0.023510	751800.000000
105.208333	-0.022546	752000.000000
105.312500	-0.021491	752200.000000
105.416667	-0.020420	752400.000000
105.520833	-0.020051	752600.000000
105.625000	-0.019879	752800.000000
105.729167	-0.020695	753000.000000
105.833333	-0.021420	753200.000000
105.937500	-0.022438	753400.000000
106.041667	-0.022913	753600.000000
106.145833	-0.023006	753800.000000
106.250000	-0.022944	754000.000000
106.354167	-0.022546	754200.000000
106.458333	-0.022005	754400.000000
106.562500	-0.021458	754600.000000
106.666667	-0.020854	754800.000000
106.770833	-0.020086	755000.000000
106.875000	-0.019901	755200.000000
106.979167	-0.019515	755400.000000
107.083333	-0.019759	755600.000000
107.187500	-0.019726	755800.000000
107.291667	-0.020295	756000.000000
107.395833	-0.021110	756200.000000
107.500000	-0.022317	756400.000000
107.604167	-0.023453	756600.000000
107.708333	-0.024153	756800.000000
107.812500	-0.024383	757000.000000
107.916667	-0.023980	757200.000000
108.020833	-0.023453	757400.000000
108.125000	-0.022887	757600.000000
108.229167	-0.022166	757800.000000
108.333333	-0.021444	758000.000000
108.437500	-0.021150	758200.000000
108.541667	-0.020811	758400.000000
108.645833	-0.020246	758600.000000
108.750000	-0.019713	758800.000000
108.854167	-0.019597	759000.000000
108.958333	-0.019401	759200.000000
109.062500	-0.020125	759400.000000
109.166667	-0.020974	759600.000000
109.270833	-0.021896	759800.000000
109.375000	-0.022773	760000.000000
109.479167	-0.022611	760200.000000
109.583333	-0.022297	760400.000000
109.687500	-0.022075	760600.000000
109.791667	-0.022200	760800.000000
109.895833	-0.022772	761000.000000
110.000000	-0.023936	761200.000000
110.104167	-0.025230	761400.000000
110.208333	-0.025651	761600.000000
110.312500	-0.025400	761800.000000
110.416667	-0.024106	762000.000000
110.520833	-0.022208	762200.000000
110.625000	-0.020401	762400.000000
110.729167	-0.019574	762600.000000
110.833333	-0.019707	762800.000000
110.937500	-0.021026	763000.000000
111.041667	-0.022274	763200.000000
111.145833	-0.022880	763400.000000
111.250000	-0.023003	763600.000000
111.354167	-0.022323	763800.000000
111.458333	-0.021747	764000.000000
111.562500	-0.021488	764200.000000
111.666667	-0.021931	764400.000000
111.770833	-0.022406	764600.000000
111.875000	-0.022687	764800.000000
111.979167	-0.023047	765000.000000
112.083333	-0.022203	765200.000000
112.187500	-0.021327	765400.000000
112.291667	-0.020150	765600.000000
112.395833	-0.019499	765800.000000
112.500000	-0.019318	766000.000000
112.604167	-0.020338	766200.000000
112.708333	-0.021507	766400.000000
112.812500	-0.022708	766600.000000
112.916667	-0.023735	766800.000000
113.020833	-0.023941	767000.000000
113.125000	-0.024220	767200.000000
113.229167	-0.024201	767400.000000
113.333333	-0.024390	767600.000000
113.437500	-0.024564	767800.000000
113.541667	-0.024487	768000.000000
113.645833	-0.024171	768200.000000
113.750000	-0.023939	768400.000000
113.854167	-0.023555	768600.000000
113.958333	-0.023423	768800.000000
114.062500	-0.023332	769000.000000
114.166667	-0.023470	769200.000000
114.270833	-0.023426	769400.000000
114.375000	-0.023585	769600.000000
114.479167	-0.023721	769800.000000
114.583333	-0.023979	770000.000000
114.687500	-0.024325	770200.000000
114.791667	-0.024815	770400.000000
114.895833	-0.025299	770600.000000
115.000000	-0.026011	770800.000000
115.104167	-0.026622	771000.000000
115.208333	-0.027770	771200.000000
115.312500	-0.028239	771400.000000
115.416667	-0.028727	771600.000000
115.520833	-0.028547	771800.000000
115.625000	-0.028169	772000.000000
115.729167	-0.027933	772200.000000
115.833333	-0.027875	772400.000000
115.937500	-0.027823	772600.000000
116.041667	-0.027689	772800.000000
116.145833	-0.027170	773000.000000
116.250000	-0.026827	773200.000000
116.354167	-0.026648	773400.000000
116.458333	-0.027109	773600.000000
116.562500	-0.027610	773800.000000
116.666667	-0.028473	774000.000000
116.770833	-0.028659	774200.000000
116.875000	-0.028474	774400.000000
116.979167	-0.027988	774600.000000
117.083333	-0.027364	774800.000000
117.187500	-0.026745	775000.000000
117.291667	-0.026250	775200.000000
117.395833	-0.025478	775400.000000
117.500000	-0.025065	775600.000000
117.604167	-0.024853	775800.000000
117.708333	-0.024589	776000.000000
117.812500	-0.024539	776200.000000
117.916667	-0.024800	776400.000000
118.020833	-0.025281	776600.000000
118.125000	-0.026631	776800.000000
118.229167	-0.027909	777000.000000
118.333333	-0.028720	777200.000000
118.437500	-0.029097	777400.000000
118.541667	-0.029048	777600.000000
118.645833	-0.028682	777800.000000
118.750000	-0.028389	778000.000000
118.854167	-0.028373	778200.000000
118.958333	-0.028968	778400.000000
119.062500	-0.029453	778600.000000
119.166667	-0.029365	778800.000000
119.270833	-0.028958	779000.000000
119.375000	-0.027589	779200.000000
119.479167	-0.025564	779400.000000
119.583333	-0.023382	779600.000000
119.687500	-0.021302	779800.000000
119.791667	-0.020110	780000.000000
119.895833	-0.019813	780200.000000
120.000000	-0.019925	780400.000000
120.104167	-0.020317	780600.000000
120.208333	-0.021045	780800.000000
120.312500	-0.021124	781000.000000
120.416667	-0.020896	781200.000000
120.520833	-0.021023	781400.000000
120.625000	-0.021484	781600.000000
120.729167	-0.022562	781800.000000
120.833333	-0.023732	782000.000000
120.937500	-0.024324	782200.000000
121.041667	-0.024165	782400.000000
121.145833	-0.022953	782600.000000
121.250000	-0.021773	782800.000000
121.354167	-0.020084	783000.000000
121.458333	-0.019307	783200.000000
121.562500	-0.019082	783400.000000
121.666667	-0.019468	783600.000000
121.770833	-0.020229	783800.000000
121.875000	-0.020916	784000.000000
121.979167	-0.021455	784200.000000
122.083333	-0.021785	784400.000000
122.187500	-0.021849	784600.000000
122.291667	-0.021513	784800.000000
122.395833	-0.021093	785000.000000
122.500000	-0.020505	785200.000000
122.604167	-0.019381	785400.000000
122.708333	-0.018681	785600.000000
122.812500	-0.018194	785800.000000
122.916667	-0.017820	786000.000000
123.020833	-0.017791	786200.000000
123.125000	-0.018282	786400.000000
123.229167	-0.018866	786600.000000
123.333333	-0.019303	786800.000000
123.437500	-0.019814	787000.000000
123.541667	-0.020308	787200.000000
123.645833	-0.020356	787400.000000
123.750000	-0.020904	787600.000000
123.854167	-0.021600	787800.000000
123.958333	-0.022188	788000.000000
124.062500	-0.023011	788200.000000
124.166667	-0.023525	788400.000000
124.270833	-0.023718	788600.000000
124.375000	-0.023764	788800.000000
124.479167	-0.023963	789000.000000
124.583333	-0.024258	789200.000000
124.687500	-0.024598	789400.000000
124.791667	-0.024781	789600.000000
124.895833	-0.024935	789800.000000
125.000000	-0.024807	790000.000000
125.104167	-0.024659	790200.000000
125.208333	-0.024131	790400.000000
125.312500	-0.023845	790600.000000
125.416667	-0.023820	790800.000000
125.520833	-0.024363	791000.000000
125.625000	-0.025031	791200.000000
125.729167	-0.025827	791400.000000
125.833333	-0.025887	791600.000000
125.937500	-0.025790	791800.000000
126.041667	-0.025775	792000.000000
126.145833	-0.025533	792200.000000
126.250000	-0.025300	792400.000000
126.354167	-0.025326	792600.000000
126.458333	-0.025189	792800.000000
126.562500	-0.025041	793000.000000
126.666667	-0.024263	793200.000000
126.770833	-0.023165	793400.000000
126.875000	-0.022281	793600.000000
126.979167	-0.021639	793800.000000
127.083333	-0.021808	794000.000000
127.187500	-0.022142	794200.000000
127.291667	-0.023102	794400.000000
127.395833	-0.024213	794600.000000
127.500000	-0.024751	794800.000000
127.604167	-0.024552	795000.000000
127.708333	-0.023793	795200.000000
127.812500	-0.023224	795400.000000
127.916667	-0.023021	795600.000000
128.020833	-0.023137	795800.000000
128.125000	-0.023522	796000.000000
128.229167	-0.024072	796200.000000
128.333333	-0.024597	796400.000000
128.437500	-0.024429	796600.000000
128.541667	-0.024053	796800.000000
128.645833	-0.023488	797000.000000
128.750000	-0.023243	797200.000000
128.854167	-0.023725	797400.000000
128.958333	-0.024451	797600.000000
129.062500	-0.025337	797800.000000
129.166667	-0.025854	798000.000000
129.270833	-0.025870	798200.000000
129.375000	-0.025089	798400.000000
129.479167	-0.024423	798600.000000
129.583333	-0.023487	798800.000000
129.687500	-0.023240	799000.000000
129.791667	-0.023427	799200.000000
129.895833	-0.024031	799400.000000
130.000000	-0.024756	799600.000000
130.104167	-0.024954	799800.000000
130.208333	-0.024883	800000.000000
