0.000000	-0.021161	500000.000000
0.104167	-0.021017	500200.000000
0.208333	-0.021061	500400.000000
0.312500	-0.021279	500600.000000
0.416667	-0.021145	500800.000000
0.520833	-0.020920	501000.000000
0.625000	-0.021108	501200.000000
0.729167	-0.021044	501400.000000
0.833333	-0.021167	501600.000000
0.937500	-0.021082	501800.000000
1.041667	-0.021024	502000.000000
1.145833	-0.020991	502200.000000
1.250000	-0.021089	502400.000000
1.354167	-0.020988	502600.000000
1.458333	-0.020977	502800.000000
1.562500	-0.021055	503000.000000
1.666667	-0.021229	503200.000000
1.770833	-0.021162	503400.000000
1.875000	-0.021228	503600.000000
1.979167	-0.021336	503800.000000
2.083333	-0.021087	504000.000000
2.187500	-0.021206	504200.000000
2.291667	-0.021285	504400.000000
2.395833	-0.021221	504600.000000
2.500000	-0.021128	504800.000000
2.604167	-0.021010	505000.000000
2.708333	-0.021171	505200.000000
2.812500	-0.021077	505400.000000
2.916667	-0.021131	505600.000000
3.020833	-0.020968	505800.000000
3.125000	-0.021055	506000.000000
3.229167	-0.021124	506200.000000
3.333333	-0.021195	506400.000000
3.437500	-0.021072	506600.000000
3.541667	-0.020999	506800.000000
3.645833	-0.021122	507000.000000
3.750000	-0.021126	507200.000000
3.854167	-0.021033	507400.000000
3.958333	-0.020963	507600.000000
4.062500	-0.021077	507800.000000
4.166667	-0.021012	508000.000000
4.270833	-0.021038	508200.000000
4.375000	-0.021105	508400.000000
4.479167	-0.021086	508600.000000
4.583333	-0.021111	508800.000000
4.687500	-0.021013	509000.000000
4.791667	-0.021123	509200.000000
4.895833	-0.021275	509400.000000
5.000000	-0.021162	509600.000000
5.104167	-0.021039	509800.000000
5.208333	-0.021002	510000.000000
5.312500	-0.021202	510200.000000
5.416667	-0.021008	510400.000000
5.520833	-0.021160	510600.000000
5.625000	-0.021055	510800.000000
5.729167	-0.021117	511000.000000
5.833333	-0.021146	511200.000000
5.937500	-0.021070	511400.000000
6.041667	-0.021058	511600.000000
6.145833	-0.021290	511800.000000
6.250000	-0.021306	512000.000000
6.354167	-0.021270	512200.000000
6.458333	-0.021268	512400.000000
6.562500	-0.021165	512600.000000
6.666667	-0.021199	512800.000000
6.770833	-0.021132	513000.000000
6.875000	-0.021176	513200.000000
6.979167	-0.021310	513400.000000
7.083333	-0.021253	513600.000000
7.187500	-0.021009	513800.000000
7.291667	-0.021127	514000.000000
7.395833	-0.021252	514200.000000
7.500000	-0.021247	514400.000000
7.604167	-0.021282	514600.000000
7.708333	-0.021339	514800.000000
7.812500	-0.021381	515000.000000
7.916667	-0.021359	515200.000000
8.020833	-0.021474	515400.000000
8.125000	-0.021352	515600.000000
8.229167	-0.021369	515800.000000
8.333333	-0.021337	516000.000000
8.437500	-0.021462	516200.000000
8.541667	-0.021401	516400.000000
8.645833	-0.021273	516600.000000
8.750000	-0.021350	516800.000000
8.854167	-0.021417	517000.000000
8.958333	-0.021282	517200.000000
9.062500	-0.021261	517400.000000
9.166667	-0.021213	517600.000000
9.270833	-0.021060	517800.000000
9.375000	-0.021040	518000.000000
9.479167	-0.021077	518200.000000
9.583333	-0.020991	518400.000000
9.687500	-0.021170	518600.000000
9.791667	-0.021150	518800.000000
9.895833	-0.021201	519000.000000
10.000000	-0.021336	519200.000000
10.104167	-0.021306	519400.000000
10.208333	-0.021124	519600.000000
10.312500	-0.021196	519800.000000
10.416667	-0.021227	520000.000000
10.520833	-0.021009	520200.000000
10.625000	-0.021301	520400.000000
10.729167	-0.021107	520600.000000
10.833333	-0.021122	520800.000000
10.937500	-0.021362	521000.000000
11.041667	-0.021368	521200.000000
11.145833	-0.021240	521400.000000
11.250000	-0.021226	521600.000000
11.354167	-0.021314	521800.000000
11.458333	-0.021282	522000.000000
11.562500	-0.021231	522200.000000
11.666667	-0.021321	522400.000000
11.770833	-0.021073	522600.000000
11.875000	-0.021165	522800.000000
11.979167	-0.021177	523000.000000
12.083333	-0.021334	523200.000000
12.187500	-0.021181	523400.000000
12.291667	-0.021240	523600.000000
12.395833	-0.021115	523800.000000
12.500000	-0.021293	524000.000000
12.604167	-0.021444	524200.000000
12.708333	-0.021232	524400.000000
12.812500	-0.021311	524600.000000
12.916667	-0.021214	524800.000000
13.020833	-0.021213	525000.000000
13.125000	-0.021403	525200.000000
13.229167	-0.021386	525400.000000
13.333333	-0.021499	525600.000000
13.437500	-0.021569	525800.000000
13.541667	-0.021648	526000.000000
13.645833	-0.021573	526200.000000
13.750000	-0.021332	526400.000000
13.854167	-0.021600	526600.000000
13.958333	-0.021645	526800.000000
14.062500	-0.021447	527000.000000
14.166667	-0.021610	527200.000000
14.270833	-0.021501	527400.000000
14.375000	-0.021536	527600.000000
14.479167	-0.021668	527800.000000
14.583333	-0.021649	528000.000000
14.687500	-0.021628	528200.000000
14.791667	-0.021659	528400.000000
14.895833	-0.021896	528600.000000
15.000000	-0.021693	528800.000000
15.104167	-0.021715	529000.000000
15.208333	-0.021960	529200.000000
15.312500	-0.021752	529400.000000
15.416667	-0.021806	529600.000000
15.520833	-0.021843	529800.000000
15.625000	-0.021739	530000.000000
15.729167	-0.021783	530200.000000
15.833333	-0.021984	530400.000000
15.937500	-0.021867	530600.000000
16.041667	-0.022189	530800.000000
16.145833	-0.022283	531000.000000
16.250000	-0.022214	531200.000000
16.354167	-0.021987	531400.000000
16.458333	-0.022272	531600.000000
16.562500	-0.022386	531800.000000
16.666667	-0.022343	532000.000000
16.770833	-0.022515	532200.000000
16.875000	-0.022489	532400.000000
16.979167	-0.022912	532600.000000
17.083333	-0.022862	532800.000000
17.187500	-0.022995	533000.000000
17.291667	-0.023284	533200.000000
17.395833	-0.023439	533400.000000
17.500000	-0.023603	533600.000000
17.604167	-0.024154	533800.000000
17.708333	-0.024206	534000.000000
17.812500	-0.024453	534200.000000
17.916667	-0.024966	534400.000000
18.020833	-0.024979	534600.000000
18.125000	-0.025392	534800.000000
18.229167	-0.025837	535000.000000
18.333333	-0.026289	535200.000000
18.437500	-0.026646	535400.000000
18.541667	-0.027320	535600.000000
18.645833	-0.028006	535800.000000
18.750000	-0.028541	536000.000000
18.854167	-0.029342	536200.000000
18.958333	-0.030331	536400.000000
19.062500	-0.031295	536600.000000
19.166667	-0.032357	536800.000000
19.270833	-0.033516	537000.000000
19.375000	-0.034970	537200.000000
19.479167	-0.036456	537400.000000
19.583333	-0.038053	537600.000000
19.687500	-0.040112	537800.000000
19.791667	-0.042157	538000.000000
19.895833	-0.044695	538200.000000
20.000000	-0.047172	538400.000000
20.104167	-0.050020	538600.000000
20.208333	-0.053204	538800.000000
20.312500	-0.056638	539000.000000
20.416667	-0.060412	539200.000000
20.520833	-0.064486	539400.000000
20.625000	-0.068367	539600.000000
20.729167	-0.072442	539800.000000
20.833333	-0.076582	540000.000000
20.937500	-0.080460	540200.000000
21.041667	-0.084404	540400.000000
21.145833	-0.087349	540600.000000
21.250000	-0.090164	540800.000000
21.354167	-0.091572	541000.000000
21.458333	-0.091648	541200.000000
21.562500	-0.089251	541400.000000
21.666667	-0.083596	541600.000000
21.770833	-0.070589	541800.000000
21.875000	-0.041478	542000.000000
21.979167	0.020406	542200.000000
22.083333	0.142784	542400.000000
22.187500	0.341299	542600.000000
22.291667	0.614496	542800.000000
22.395833	0.906250	543000.000000
22.500000	1.108621	543200.000000
22.604167	1.126976	543400.000000
22.708333	0.919920	543600.000000
22.812500	0.536961	543800.000000
22.916667	0.092556	544000.000000
23.020833	-0.276001	544200.000000
23.125000	-0.510270	544400.000000
23.229167	-0.600953	544600.000000
23.333333	-0.593782	544800.000000
23.437500	-0.545042	545000.000000
23.541667	-0.493509	545200.000000
23.645833	-0.445824	545400.000000
23.750000	-0.397570	545600.000000
23.854167	-0.349628	545800.000000
23.958333	-0.313797	546000.000000
24.062500	-0.303344	546200.000000
24.166667	-0.314225	546400.000000
24.270833	-0.321650	546600.000000
24.375000	-0.296126	546800.000000
24.479167	-0.226370	547000.000000
24.583333	-0.132412	547200.000000
24.687500	-0.048746	547400.000000
24.791667	-0.003333	547600.000000
24.895833	-0.002330	547800.000000
25.000000	-0.027754	548000.000000
25.104167	-0.053514	548200.000000
25.208333	-0.061967	548400.000000
25.312500	-0.048365	548600.000000
25.416667	-0.020554	548800.000000
25.520833	0.012959	549000.000000
25.625000	0.040330	549200.000000
25.729167	0.051221	549400.000000
25.833333	0.039454	549600.000000
25.937500	0.008045	549800.000000
26.041667	-0.027828	550000.000000
26.145833	-0.046056	550200.000000
26.250000	-0.033292	550400.000000
26.354167	0.002567	550600.000000
26.458333	0.037574	550800.000000
26.562500	0.052321	551000.000000
26.666667	0.042495	551200.000000
26.770833	0.024052	551400.000000
26.875000	0.015129	551600.000000
26.979167	0.024977	551800.000000
27.083333	0.045579	552000.000000
27.187500	0.060861	552200.000000
27.291667	0.057750	552400.000000
27.395833	0.035437	552600.000000
27.500000	0.004198	552800.000000
27.604167	-0.023249	553000.000000
27.708333	-0.041577	553200.000000
27.812500	-0.050287	553400.000000
27.916667	-0.051584	553600.000000
28.020833	-0.047297	553800.000000
28.125000	-0.037854	554000.000000
28.229167	-0.022064	554200.000000
28.333333	-0.001770	554400.000000
28.437500	0.018523	554600.000000
28.541667	0.031199	554800.000000
28.645833	0.030589	555000.000000
28.750000	0.016464	555200.000000
28.854167	-0.003087	555400.000000
28.958333	-0.018176	555600.000000
29.062500	-0.023197	555800.000000
29.166667	-0.018883	556000.000000
29.270833	-0.012602	556200.000000
29.375000	-0.010918	556400.000000
29.479167	-0.016681	556600.000000
29.583333	-0.027431	556800.000000
29.687500	-0.036909	557000.000000
29.791667	-0.039658	557200.000000
29.895833	-0.033326	557400.000000
30.000000	-0.019628	557600.000000
30.104167	-0.003829	557800.000000
30.208333	0.006957	558000.000000
30.312500	0.010667	558200.000000
30.416667	0.009227	558400.000000
30.520833	0.006062	558600.000000
30.625000	0.003314	558800.000000
30.729167	0.000390	559000.000000
30.833333	-0.003646	559200.000000
30.937500	-0.007566	559400.000000
31.041667	-0.009510	559600.000000
31.145833	-0.010054	559800.000000
31.250000	-0.012295	560000.000000
31.354167	-0.021507	560200.000000
31.458333	-0.040835	560400.000000
31.562500	-0.067135	560600.000000
31.666667	-0.091443	560800.000000
31.770833	-0.099946	561000.000000
31.875000	-0.086295	561200.000000
31.979167	-0.055099	561400.000000
32.083333	-0.021817	561600.000000
32.187500	0.001693	561800.000000
32.291667	0.008204	562000.000000
32.395833	-0.000278	562200.000000
32.500000	-0.015637	562400.000000
32.604167	-0.029128	562600.000000
32.708333	-0.036031	562800.000000
32.812500	-0.036551	563000.000000
32.916667	-0.033875	563200.000000
33.020833	-0.031183	563400.000000
33.125000	-0.030546	563600.000000
33.229167	-0.031397	563800.000000
33.333333	-0.033165	564000.000000
33.437500	-0.034156	564200.000000
33.541667	-0.032860	564400.000000
33.645833	-0.027957	564600.000000
33.750000	-0.018777	564800.000000
33.854167	-0.005247	565000.000000
33.958333	0.010287	565200.000000
34.062500	0.023493	565400.000000
34.166667	0.027560	565600.000000
34.270833	0.018205	565800.000000
34.375000	-0.005386	566000.000000
34.479167	-0.033334	566200.000000
34.583333	-0.053360	566400.000000
34.687500	-0.054229	566600.000000
34.791667	-0.034883	566800.000000
34.895833	-0.007302	567000.000000
35.000000	0.010485	567200.000000
35.104167	0.007653	567400.000000
35.208333	-0.012165	567600.000000
35.312500	-0.034370	567800.000000
35.416667	-0.043749	568000.000000
35.520833	-0.034355	568200.000000
35.625000	-0.011765	568400.000000
35.729167	0.010550	568600.000000
35.833333	0.022831	568800.000000
35.937500	0.022585	569000.000000
36.041667	0.013210	569200.000000
36.145833	0.000153	569400.000000
36.250000	-0.012243	569600.000000
36.354167	-0.018837	569800.000000
36.458333	-0.017281	570000.000000
36.562500	-0.009648	570200.000000
36.666667	-0.002576	570400.000000
36.770833	-0.004635	570600.000000
36.875000	-0.019096	570800.000000
36.979167	-0.040294	571000.000000
37.083333	-0.055846	571200.000000
37.187500	-0.056832	571400.000000
37.291667	-0.041810	571600.000000
37.395833	-0.016153	571800.000000
37.500000	0.008907	572000.000000
37.604167	0.026922	572200.000000
37.708333	0.031146	572400.000000
37.812500	0.018980	572600.000000
37.916667	-0.005552	572800.000000
38.020833	-0.033729	573000.000000
38.125000	-0.053376	573200.000000
38.229167	-0.056925	573400.000000
38.333333	-0.046482	573600.000000
38.437500	-0.033248	573800.000000
38.541667	-0.030613	574000.000000
38.645833	-0.042978	574200.000000
38.750000	-0.061432	574400.000000
38.854167	-0.071103	574600.000000
38.958333	-0.062115	574800.000000
39.062500	-0.034830	575000.000000
39.166667	0.000645	575200.000000
39.270833	0.026845	575400.000000
39.375000	0.034578	575600.000000
39.479167	0.021133	575800.000000
39.583333	-0.006265	576000.000000
39.687500	-0.034269	576200.000000
39.791667	-0.047804	576400.000000
39.895833	-0.045799	576600.000000
40.000000	-0.034188	576800.000000
40.104167	-0.020814	577000.000000
40.208333	-0.012338	577200.000000
40.312500	-0.012644	577400.000000
40.416667	-0.021228	577600.000000
40.520833	-0.035439	577800.000000
40.625000	-0.048630	578000.000000
40.729167	-0.054303	578200.000000
40.833333	-0.049196	578400.000000
40.937500	-0.034976	578600.000000
41.041667	-0.017015	578800.000000
41.145833	-0.004114	579000.000000
41.250000	-0.000541	579200.000000
41.354167	-0.005883	579400.000000
41.458333	-0.014965	579600.000000
41.562500	-0.022981	579800.000000
41.666667	-0.025951	580000.000000
41.770833	-0.023373	580200.000000
41.875000	-0.018862	580400.000000
41.979167	-0.017507	580600.000000
42.083333	-0.023388	580800.000000
42.187500	-0.035852	581000.000000
42.291667	-0.049136	581200.000000
42.395833	-0.057464	581400.000000
42.500000	-0.055240	581600.000000
42.604167	-0.043413	581800.000000
42.708333	-0.027227	582000.000000
42.812500	-0.012441	582200.000000
42.916667	-0.003635	582400.000000
43.020833	-0.001491	582600.000000
43.125000	-0.004069	582800.000000
43.229167	-0.007627	583000.000000
43.333333	-0.009889	583200.000000
43.437500	-0.011526	583400.000000
43.541667	-0.016518	583600.000000
43.645833	-0.027101	583800.000000
43.750000	-0.040311	584000.000000
43.854167	-0.051434	584200.000000
43.958333	-0.053953	584400.000000
44.062500	-0.046627	584600.000000
44.166667	-0.033686	584800.000000
44.270833	-0.022090	585000.000000
44.375000	-0.016471	585200.000000
44.479167	-0.015537	585400.000000
44.583333	-0.015055	585600.000000
44.687500	-0.012934	585800.000000
44.791667	-0.010291	586000.000000
44.895833	-0.010033	586200.000000
45.000000	-0.013240	586400.000000
45.104167	-0.017231	586600.000000
45.208333	-0.019697	586800.000000
45.312500	-0.019835	587000.000000
45.416667	-0.019342	587200.000000
45.520833	-0.021397	587400.000000
45.625000	-0.026996	587600.000000
45.729167	-0.033750	587800.000000
45.833333	-0.037306	588000.000000
45.937500	-0.035421	588200.000000
46.041667	-0.029039	588400.000000
46.145833	-0.022620	588600.000000
46.250000	-0.019782	588800.000000
46.354167	-0.020671	589000.000000
46.458333	-0.023013	589200.000000
46.562500	-0.023393	589400.000000
46.666667	-0.020144	589600.000000
46.770833	-0.013881	589800.000000
46.875000	-0.006873	590000.000000
46.979167	-0.002323	590200.000000
47.083333	-0.002349	590400.000000
47.187500	-0.008408	590600.000000
47.291667	-0.019399	590800.000000
47.395833	-0.032770	591000.000000
47.500000	-0.043022	591200.000000
47.604167	-0.044275	591400.000000
47.708333	-0.038375	591600.000000
47.812500	-0.031348	591800.000000
47.916667	-0.028074	592000.000000
48.020833	-0.028598	592200.000000
48.125000	-0.027625	592400.000000
48.229167	-0.021000	592600.000000
48.333333	-0.010194	592800.000000
48.437500	0.000843	593000.000000
48.541667	0.006355	593200.000000
48.645833	0.002814	593400.000000
48.750000	-0.007553	593600.000000
48.854167	-0.020250	593800.000000
48.958333	-0.032048	594000.000000
49.062500	-0.040093	594200.000000
49.166667	-0.043562	594400.000000
49.270833	-0.042247	594600.000000
49.375000	-0.036439	594800.000000
49.479167	-0.027806	595000.000000
49.583333	-0.019303	595200.000000
49.687500	-0.014776	595400.000000
49.791667	-0.015904	595600.000000
49.895833	-0.019589	595800.000000
50.000000	-0.022508	596000.000000
50.104167	-0.021154	596200.000000
50.208333	-0.015384	596400.000000
50.312500	-0.007319	596600.000000
50.416667	-0.000996	596800.000000
50.520833	-0.001565	597000.000000
50.625000	-0.009689	597200.000000
50.729167	-0.021809	597400.000000
50.833333	-0.031899	597600.000000
50.937500	-0.035664	597800.000000
51.041667	-0.031610	598000.000000
51.145833	-0.023970	598200.000000
51.250000	-0.017258	598400.000000
51.354167	-0.015783	598600.000000
51.458333	-0.019740	598800.000000
51.562500	-0.026579	599000.000000
51.666667	-0.031917	599200.000000
51.770833	-0.032115	599400.000000
51.875000	-0.026313	599600.000000
51.979167	-0.016306	599800.000000
52.083333	-0.005747	600000.000000
52.187500	0.001184	600200.000000
52.291667	0.001744	600400.000000
52.395833	-0.003093	600600.000000
52.500000	-0.011014	600800.000000
52.604167	-0.019348	601000.000000
52.708333	-0.026577	601200.000000
52.812500	-0.033443	601400.000000
52.916667	-0.039354	601600.000000
53.020833	-0.042566	601800.000000
53.125000	-0.041119	602000.000000
53.229167	-0.034985	602200.000000
53.333333	-0.026037	602400.000000
53.437500	-0.018242	602600.000000
53.541667	-0.013368	602800.000000
53.645833	-0.010383	603000.000000
53.750000	-0.008780	603200.000000
53.854167	-0.007678	603400.000000
53.958333	-0.007491	603600.000000
54.062500	-0.009560	603800.000000
54.166667	-0.013642	604000.000000
54.270833	-0.018819	604200.000000
54.375000	-0.023720	604400.000000
54.479167	-0.028027	604600.000000
54.583333	-0.031806	604800.000000
54.687500	-0.034542	605000.000000
54.791667	-0.035213	605200.000000
54.895833	-0.033149	605400.000000
55.000000	-0.028831	605600.000000
55.104167	-0.023779	605800.000000
55.208333	-0.018807	606000.000000
55.312500	-0.015489	606200.000000
55.416667	-0.013555	606400.000000
55.520833	-0.014723	606600.000000
55.625000	-0.019566	606800.000000
55.729167	-0.025191	607000.000000
55.833333	-0.027877	607200.000000
55.937500	-0.025671	607400.000000
56.041667	-0.019998	607600.000000
56.145833	-0.016107	607800.000000
56.250000	-0.017869	608000.000000
56.354167	-0.024626	608200.000000
56.458333	-0.033261	608400.000000
56.562500	-0.038358	608600.000000
56.666667	-0.037866	608800.000000
56.770833	-0.032975	609000.000000
56.875000	-0.028168	609200.000000
56.979167	-0.026076	609400.000000
57.083333	-0.026848	609600.000000
57.187500	-0.027720	609800.000000
57.291667	-0.026564	610000.000000
57.395833	-0.022556	610200.000000
57.500000	-0.016411	610400.000000
57.604167	-0.010313	610600.000000
57.708333	-0.006682	610800.000000
57.812500	-0.008249	611000.000000
57.916667	-0.015602	611200.000000
58.020833	-0.027474	611400.000000
58.125000	-0.039496	611600.000000
58.229167	-0.047131	611800.000000
58.333333	-0.046716	612000.000000
58.437500	-0.039952	612200.000000
58.541667	-0.030954	612400.000000
58.645833	-0.024903	612600.000000
58.750000	-0.022677	612800.000000
58.854167	-0.022991	613000.000000
58.958333	-0.022476	613200.000000
59.062500	-0.019878	613400.000000
59.166667	-0.016177	613600.000000
59.270833	-0.013746	613800.000000
59.375000	-0.012500	614000.000000
59.479167	-0.013020	614200.000000
59.583333	-0.015671	614400.000000
59.687500	-0.020703	614600.000000
59.791667	-0.028228	614800.000000
59.895833	-0.035772	615000.000000
60.000000	-0.040260	615200.000000
60.104167	-0.038470	615400.000000
60.208333	-0.030762	615600.000000
60.312500	-0.020933	615800.000000
60.416667	-0.014104	616000.000000
60.520833	-0.012820	616200.000000
60.625000	-0.015991	616400.000000
60.729167	-0.020682	616600.000000
60.833333	-0.023016	616800.000000
60.937500	-0.022746	617000.000000
61.041667	-0.020206	617200.000000
61.145833	-0.016554	617400.000000
61.250000	-0.013394	617600.000000
61.354167	-0.011456	617800.000000
61.458333	-0.010543	618000.000000
61.562500	-0.010976	618200.000000
61.666667	-0.013025	618400.000000
61.770833	-0.016648	618600.000000
61.875000	-0.021158	618800.000000
61.979167	-0.025753	619000.000000
62.083333	-0.028243	619200.000000
62.187500	-0.028406	619400.000000
62.291667	-0.025649	619600.000000
62.395833	-0.021195	619800.000000
62.500000	-0.016302	620000.000000
62.604167	-0.012390	620200.000000
62.708333	-0.010074	620400.000000
62.812500	-0.010265	620600.000000
62.916667	-0.011839	620800.000000
63.020833	-0.013385	621000.000000
63.125000	-0.013268	621200.000000
63.229167	-0.011752	621400.000000
63.333333	-0.011286	621600.000000
63.437500	-0.013439	621800.000000
63.541667	-0.018657	622000.000000
63.645833	-0.025231	622200.000000
63.750000	-0.030280	622400.000000
63.854167	-0.030771	622600.000000
63.958333	-0.025066	622800.000000
64.062500	-0.017577	623000.000000
64.166667	-0.009095	623200.000000
64.270833	-0.002764	623400.000000
64.375000	-0.000789	623600.000000
64.479167	-0.003162	623800.000000
64.583333	-0.007885	624000.000000
64.687500	-0.013870	624200.000000
64.791667	-0.018541	624400.000000
64.895833	-0.020969	624600.000000
65.000000	-0.022070	624800.000000
65.104167	-0.023124	625000.000000
65.208333	-0.025320	625200.000000
65.312500	-0.028621	625400.000000
65.416667	-0.031891	625600.000000
65.520833	-0.034445	625800.000000
65.625000	-0.034530	626000.000000
65.729167	-0.031632	626200.000000
65.833333	-0.026457	626400.000000
65.937500	-0.021686	626600.000000
66.041667	-0.020125	626800.000000
66.145833	-0.022389	627000.000000
66.250000	-0.026649	627200.000000
66.354167	-0.029724	627400.000000
66.458333	-0.027933	627600.000000
66.562500	-0.021448	627800.000000
66.666667	-0.013282	628000.000000
66.770833	-0.009206	628200.000000
66.875000	-0.010892	628400.000000
66.979167	-0.017955	628600.000000
67.083333	-0.026880	628800.000000
67.187500	-0.033686	629000.000000
67.291667	-0.035485	629200.000000
67.395833	-0.033612	629400.000000
67.500000	-0.028888	629600.000000
67.604167	-0.024801	629800.000000
67.708333	-0.022175	630000.000000
67.812500	-0.022261	630200.000000
67.916667	-0.023775	630400.000000
68.020833	-0.024859	630600.000000
68.125000	-0.023194	630800.000000
68.229167	-0.017894	631000.000000
68.333333	-0.011526	631200.000000
68.437500	-0.007370	631400.000000
68.541667	-0.008494	631600.000000
68.645833	-0.014439	631800.000000
68.750000	-0.022872	632000.000000
68.854167	-0.030178	632200.000000
68.958333	-0.033964	632400.000000
69.062500	-0.033742	632600.000000
69.166667	-0.030542	632800.000000
69.270833	-0.026443	633000.000000
69.375000	-0.021576	633200.000000
69.479167	-0.016385	633400.000000
69.583333	-0.010869	633600.000000
69.687500	-0.006657	633800.000000
69.791667	-0.004906	634000.000000
69.895833	-0.005345	634200.000000
70.000000	-0.007278	634400.000000
70.104167	-0.009891	634600.000000
70.208333	-0.012546	634800.000000
70.312500	-0.014945	635000.000000
70.416667	-0.017512	635200.000000
70.520833	-0.018981	635400.000000
70.625000	-0.019670	635600.000000
70.729167	-0.020469	635800.000000
70.833333	-0.021641	636000.000000
70.937500	-0.025115	636200.000000
71.041667	-0.030043	636400.000000
71.145833	-0.034817	636600.000000
71.250000	-0.037194	636800.000000
71.354167	-0.036291	637000.000000
71.458333	-0.033112	637200.000000
71.562500	-0.030075	637400.000000
71.666667	-0.029368	637600.000000
71.770833	-0.031669	637800.000000
71.875000	-0.035536	638000.000000
71.979167	-0.039293	638200.000000
72.083333	-0.040142	638400.000000
72.187500	-0.037914	638600.000000
72.291667	-0.033717	638800.000000
72.395833	-0.029386	639000.000000
72.500000	-0.027147	639200.000000
72.604167	-0.028008	639400.000000
72.708333	-0.031401	639600.000000
72.812500	-0.035819	639800.000000
72.916667	-0.037835	640000.000000
73.020833	-0.035472	640200.000000
73.125000	-0.028617	640400.000000
73.229167	-0.019012	640600.000000
73.333333	-0.010902	640800.000000
73.437500	-0.006739	641000.000000
73.541667	-0.006580	641200.000000
73.645833	-0.008909	641400.000000
73.750000	-0.011801	641600.000000
73.854167	-0.013392	641800.000000
73.958333	-0.013830	642000.000000
74.062500	-0.014249	642200.000000
74.166667	-0.015738	642400.000000
74.270833	-0.019320	642600.000000
74.375000	-0.024506	642800.000000
74.479167	-0.029303	643000.000000
74.583333	-0.031170	643200.000000
74.687500	-0.028858	643400.000000
74.791667	-0.023037	643600.000000
74.895833	-0.016888	643800.000000
75.000000	-0.013239	644000.000000
75.104167	-0.013238	644200.000000
75.208333	-0.017120	644400.000000
75.312500	-0.022382	644600.000000
75.416667	-0.026423	644800.000000
75.520833	-0.027217	645000.000000
75.625000	-0.024750	645200.000000
75.729167	-0.021156	645400.000000
75.833333	-0.018525	645600.000000
75.937500	-0.018626	645800.000000
76.041667	-0.021172	646000.000000
76.145833	-0.025163	646200.000000
76.250000	-0.027631	646400.000000
76.354167	-0.026757	646600.000000
76.458333	-0.021936	646800.000000
76.562500	-0.015517	647000.000000
76.666667	-0.010459	647200.000000
76.770833	-0.009982	647400.000000
76.875000	-0.013926	647600.000000
76.979167	-0.019996	647800.000000
77.083333	-0.024993	648000.000000
77.187500	-0.026528	648200.000000
77.291667	-0.024516	648400.000000
77.395833	-0.020740	648600.000000
77.500000	-0.017652	648800.000000
77.604167	-0.016961	649000.000000
77.708333	-0.019732	649200.000000
77.812500	-0.025047	649400.000000
77.916667	-0.031721	649600.000000
78.020833	-0.037421	649800.000000
78.125000	-0.039930	650000.000000
78.229167	-0.039222	650200.000000
78.333333	-0.035667	650400.000000
78.437500	-0.031133	650600.000000
78.541667	-0.027264	650800.000000
78.645833	-0.024645	651000.000000
78.750000	-0.022776	651200.000000
78.854167	-0.021280	651400.000000
78.958333	-0.020062	651600.000000
79.062500	-0.019926	651800.000000
79.166667	-0.020949	652000.000000
79.270833	-0.022894	652200.000000
79.375000	-0.025603	652400.000000
79.479167	-0.028160	652600.000000
79.583333	-0.030240	652800.000000
79.687500	-0.031649	653000.000000
79.791667	-0.031932	653200.000000
79.895833	-0.031620	653400.000000
80.000000	-0.030962	653600.000000
80.104167	-0.029900	653800.000000
80.208333	-0.028607	654000.000000
80.312500	-0.026672	654200.000000
80.416667	-0.024587	654400.000000
80.520833	-0.022601	654600.000000
80.625000	-0.021099	654800.000000
80.729167	-0.020857	655000.000000
80.833333	-0.021449	655200.000000
80.937500	-0.022151	655400.000000
81.041667	-0.023008	655600.000000
81.145833	-0.023707	655800.000000
81.250000	-0.024312	656000.000000
81.354167	-0.024044	656200.000000
81.458333	-0.023295	656400.000000
81.562500	-0.022118	656600.000000
81.666667	-0.021192	656800.000000
81.770833	-0.021330	657000.000000
81.875000	-0.022232	657200.000000
81.979167	-0.023104	657400.000000
82.083333	-0.023192	657600.000000
82.187500	-0.022603	657800.000000
82.291667	-0.021512	658000.000000
82.395833	-0.020141	658200.000000
82.500000	-0.018625	658400.000000
82.604167	-0.016439	658600.000000
82.708333	-0.013876	658800.000000
82.812500	-0.011758	659000.000000
82.916667	-0.011048	659200.000000
83.020833	-0.012637	659400.000000
83.125000	-0.015921	659600.000000
83.229167	-0.019726	659800.000000
83.333333	-0.022515	660000.000000
83.437500	-0.023938	660200.000000
83.541667	-0.023924	660400.000000
83.645833	-0.022604	660600.000000
83.750000	-0.019899	660800.000000
83.854167	-0.016545	661000.000000
83.958333	-0.013462	661200.000000
84.062500	-0.011868	661400.000000
84.166667	-0.012161	661600.000000
84.270833	-0.013756	661800.000000
84.375000	-0.014736	662000.000000
84.479167	-0.014707	662200.000000
84.583333	-0.013851	662400.000000
84.687500	-0.013610	662600.000000
84.791667	-0.015045	662800.000000
84.895833	-0.018315	663000.000000
85.000000	-0.022510	663200.000000
85.104167	-0.026254	663400.000000
85.208333	-0.027176	663600.000000
85.312500	-0.025743	663800.000000
85.416667	-0.022762	664000.000000
85.520833	-0.019233	664200.000000
85.625000	-0.016070	664400.000000
85.729167	-0.014244	664600.000000
85.833333	-0.014615	664800.000000
85.937500	-0.016560	665000.000000
86.041667	-0.018979	665200.000000
86.145833	-0.020842	665400.000000
86.250000	-0.021243	665600.000000
86.354167	-0.020509	665800.000000
86.458333	-0.019776	666000.000000
86.562500	-0.019259	666200.000000
86.666667	-0.020027	666400.000000
86.770833	-0.021252	666600.000000
86.875000	-0.022482	666800.000000
86.979167	-0.022952	667000.000000
87.083333	-0.023459	667200.000000
87.187500	-0.023806	667400.000000
87.291667	-0.024327	667600.000000
87.395833	-0.024708	667800.000000
87.500000	-0.024463	668000.000000
87.604167	-0.023084	668200.000000
87.708333	-0.020779	668400.000000
87.812500	-0.018497	668600.000000
87.916667	-0.016803	668800.000000
88.020833	-0.015822	669000.000000
88.125000	-0.015566	669200.000000
88.229167	-0.016137	669400.000000
88.333333	-0.017441	669600.000000
88.437500	-0.019385	669800.000000
88.541667	-0.021628	670000.000000
88.645833	-0.023770	670200.000000
88.750000	-0.025538	670400.000000
88.854167	-0.026539	670600.000000
88.958333	-0.026334	670800.000000
89.062500	-0.025966	671000.000000
89.166667	-0.025312	671200.000000
89.270833	-0.023618	671400.000000
89.375000	-0.021651	671600.000000
89.479167	-0.019631	671800.000000
89.583333	-0.017578	672000.000000
89.687500	-0.016335	672200.000000
89.791667	-0.016270	672400.000000
89.895833	-0.017274	672600.000000
90.000000	-0.019046	672800.000000
90.104167	-0.021736	673000.000000
90.208333	-0.024497	673200.000000
90.312500	-0.026759	673400.000000
90.416667	-0.028239	673600.000000
90.520833	-0.028542	673800.000000
90.625000	-0.027567	674000.000000
90.729167	-0.026003	674200.000000
90.833333	-0.023880	674400.000000
90.937500	-0.022523	674600.000000
91.041667	-0.021991	674800.000000
91.145833	-0.022014	675000.000000
91.250000	-0.023074	675200.000000
91.354167	-0.024577	675400.000000
91.458333	-0.025508	675600.000000
91.562500	-0.025692	675800.000000
91.666667	-0.024613	676000.000000
91.770833	-0.022616	676200.000000
91.875000	-0.021424	676400.000000
91.979167	-0.020781	676600.000000
92.083333	-0.020847	676800.000000
92.187500	-0.022786	677000.000000
92.291667	-0.024786	677200.000000
92.395833	-0.026198	677400.000000
92.500000	-0.026282	677600.000000
92.604167	-0.025176	677800.000000
92.708333	-0.023330	678000.000000
92.812500	-0.021548	678200.000000
92.916667	-0.020083	678400.000000
93.020833	-0.019364	678600.000000
93.125000	-0.019586	678800.000000
93.229167	-0.020284	679000.000000
93.333333	-0.020427	679200.000000
93.437500	-0.020102	679400.000000
93.541667	-0.019353	679600.000000
93.645833	-0.018798	679800.000000
93.750000	-0.019277	680000.000000
93.854167	-0.020757	680200.000000
93.958333	-0.023374	680400.000000
94.062500	-0.026830	680600.000000
94.166667	-0.029788	680800.000000
94.270833	-0.031638	681000.000000
94.375000	-0.031872	681200.000000
94.479167	-0.029613	681400.000000
94.583333	-0.025724	681600.000000
94.687500	-0.021548	681800.000000
94.791667	-0.018499	682000.000000
94.895833	-0.017737	682200.000000
95.000000	-0.018962	682400.000000
95.104167	-0.020799	682600.000000
95.208333	-0.022846	682800.000000
95.312500	-0.023482	683000.000000
95.416667	-0.023584	683200.000000
95.520833	-0.023907	683400.000000
95.625000	-0.024520	683600.000000
95.729167	-0.025654	683800.000000
95.833333	-0.026804	684000.000000
95.937500	-0.026973	684200.000000
96.041667	-0.027137	684400.000000
96.145833	-0.026256	684600.000000
96.250000	-0.024888	684800.000000
96.354167	-0.023527	685000.000000
96.458333	-0.022472	685200.000000
96.562500	-0.021665	685400.000000
96.666667	-0.021846	685600.000000
96.770833	-0.022129	685800.000000
96.875000	-0.021923	686000.000000
96.979167	-0.021285	686200.000000
97.083333	-0.020124	686400.000000
97.187500	-0.018841	686600.000000
97.291667	-0.017910	686800.000000
97.395833	-0.017589	687000.000000
97.500000	-0.018370	687200.000000
97.604167	-0.019971	687400.000000
97.708333	-0.021650	687600.000000
97.812500	-0.023375	687800.000000
97.916667	-0.024729	688000.000000
98.020833	-0.025040	688200.000000
98.125000	-0.024598	688400.000000
98.229167	-0.023996	688600.000000
98.333333	-0.023234	688800.000000
98.437500	-0.023466	689000.000000
98.541667	-0.023964	689200.000000
98.645833	-0.024752	689400.000000
98.750000	-0.024290	689600.000000
98.854167	-0.022460	689800.000000
98.958333	-0.020053	690000.000000
99.062500	-0.018540	690200.000000
99.166667	-0.019389	690400.000000
99.270833	-0.021866	690600.000000
99.375000	-0.025575	690800.000000
99.479167	-0.028854	691000.000000
99.583333	-0.029830	691200.000000
99.687500	-0.028673	691400.000000
99.791667	-0.025733	691600.000000
99.895833	-0.022364	691800.000000
100.000000	-0.019589	692000.000000
100.104167	-0.018573	692200.000000
100.208333	-0.019123	692400.000000
100.312500	-0.020822	692600.000000
100.416667	-0.022573	692800.000000
100.520833	-0.023413	693000.000000
100.625000	-0.022739	693200.000000
100.729167	-0.021484	693400.000000
100.833333	-0.020482	693600.000000
100.937500	-0.019827	693800.000000
101.041667	-0.020607	694000.000000
101.145833	-0.021886	694200.000000
101.250000	-0.023419	694400.000000
101.354167	-0.024276	694600.000000
101.458333	-0.024017	694800.000000
101.562500	-0.022631	695000.000000
101.666667	-0.021054	695200.000000
101.770833	-0.020388	695400.000000
101.875000	-0.020533	695600.000000
101.979167	-0.021613	695800.000000
102.083333	-0.023400	696000.000000
102.187500	-0.024920	696200.000000
102.291667	-0.025586	696400.000000
102.395833	-0.024951	696600.000000
102.500000	-0.023649	696800.000000
102.604167	-0.022153	697000.000000
102.708333	-0.021252	697200.000000
102.812500	-0.021737	697400.000000
102.916667	-0.022990	697600.000000
103.020833	-0.024727	697800.000000
103.125000	-0.026522	698000.000000
103.229167	-0.027872	698200.000000
103.333333	-0.028772	698400.000000
103.437500	-0.028953	698600.000000
103.541667	-0.028730	698800.000000
103.645833	-0.027394	699000.000000
103.750000	-0.025427	699200.000000
103.854167	-0.023140	699400.000000
103.958333	-0.021652	699600.000000
104.062500	-0.020789	699800.000000
104.166667	-0.021040	700000.000000
104.270833	-0.022073	700200.000000
104.375000	-0.022935	700400.000000
104.479167	-0.023452	700600.000000
104.583333	-0.023529	700800.000000
104.687500	-0.023644	701000.000000
104.791667	-0.024047	701200.000000
104.895833	-0.025028	701400.000000
105.000000	-0.025904	701600.000000
105.104167	-0.026021	701800.000000
105.208333	-0.025238	702000.000000
105.312500	-0.022891	702200.000000
105.416667	-0.020826	702400.000000
105.520833	-0.018922	702600.000000
105.625000	-0.018119	702800.000000
105.729167	-0.018731	703000.000000
105.833333	-0.019637	703200.000000
105.937500	-0.020735	703400.000000
106.041667	-0.021817	703600.000000
106.145833	-0.022747	703800.000000
106.250000	-0.023064	704000.000000
106.354167	-0.023068	704200.000000
106.458333	-0.022546	704400.000000
106.562500	-0.022451	704600.000000
106.666667	-0.023137	704800.000000
106.770833	-0.023968	705000.000000
106.875000	-0.024592	705200.000000
106.979167	-0.024256	705400.000000
107.083333	-0.022952	705600.000000
107.187500	-0.021134	705800.000000
107.291667	-0.019704	706000.000000
107.395833	-0.019034	706200.000000
107.500000	-0.019558	706400.000000
107.604167	-0.020889	706600.000000
107.708333	-0.021937	706800.000000
107.812500	-0.022028	707000.000000
107.916667	-0.020863	707200.000000
108.020833	-0.018649	707400.000000
108.125000	-0.016686	707600.000000
108.229167	-0.016104	707800.000000
108.333333	-0.017451	708000.000000
108.437500	-0.020868	708200.000000
108.541667	-0.024628	708400.000000
108.645833	-0.027665	708600.000000
108.750000	-0.028029	708800.000000
108.854167	-0.025691	709000.000000
108.958333	-0.022435	709200.000000
109.062500	-0.020287	709400.000000
109.166667	-0.020056	709600.000000
109.270833	-0.021393	709800.000000
109.375000	-0.023735	710000.000000
109.479167	-0.025346	710200.000000
109.583333	-0.025531	710400.000000
109.687500	-0.024950	710600.000000
109.791667	-0.023584	710800.000000
109.895833	-0.022638	711000.000000
110.000000	-0.022612	711200.000000
110.104167	-0.023694	711400.000000
110.208333	-0.025775	711600.000000
110.312500	-0.027356	711800.000000
110.416667	-0.027817	712000.000000
110.520833	-0.026372	712200.000000
110.625000	-0.023836	712400.000000
110.729167	-0.020589	712600.000000
110.833333	-0.018239	712800.000000
110.937500	-0.016967	713000.000000
111.041667	-0.017267	713200.000000
111.145833	-0.019000	713400.000000
111.250000	-0.020430	713600.000000
111.354167	-0.022051	713800.000000
111.458333	-0.022937	714000.000000
111.562500	-0.022779	714200.000000
111.666667	-0.022029	714400.000000
111.770833	-0.021329	714600.000000
111.875000	-0.021365	714800.000000
111.979167	-0.021991	715000.000000
112.083333	-0.022941	715200.000000
112.187500	-0.023746	715400.000000
112.291667	-0.024042	715600.000000
112.395833	-0.023438	715800.000000
112.500000	-0.022615	716000.000000
112.604167	-0.022168	716200.000000
112.708333	-0.022325	716400.000000
112.812500	-0.022630	716600.000000
112.916667	-0.022300	716800.000000
113.020833	-0.021899	717000.000000
113.125000	-0.021264	717200.000000
113.229167	-0.020625	717400.000000
113.333333	-0.019892	717600.000000
113.437500	-0.019177	717800.000000
113.541667	-0.018956	718000.000000
113.645833	-0.019110	718200.000000
113.750000	-0.019724	718400.000000
113.854167	-0.020740	718600.000000
113.958333	-0.021864	718800.000000
114.062500	-0.022775	719000.000000
114.166667	-0.023116	719200.000000
114.270833	-0.022533	719400.000000
114.375000	-0.021014	719600.000000
114.479167	-0.019278	719800.000000
114.583333	-0.017967	720000.000000
114.687500	-0.017362	720200.000000
114.791667	-0.018073	720400.000000
114.895833	-0.019511	720600.000000
115.000000	-0.020597	720800.000000
115.104167	-0.021316	721000.000000
115.208333	-0.021899	721200.000000
115.312500	-0.022166	721400.000000
115.416667	-0.023136	721600.000000
115.520833	-0.024227	721800.000000
115.625000	-0.025759	722000.000000
115.729167	-0.026482	722200.000000
115.833333	-0.026269	722400.000000
115.937500	-0.025188	722600.000000
116.041667	-0.023396	722800.000000
116.145833	-0.021331	723000.000000
116.250000	-0.020075	723200.000000
116.354167	-0.019903	723400.000000
116.458333	-0.020212	723600.000000
116.562500	-0.020992	723800.000000
116.666667	-0.021524	724000.000000
116.770833	-0.021661	724200.000000
116.875000	-0.021081	724400.000000
116.979167	-0.019950	724600.000000
117.083333	-0.018345	724800.000000
117.187500	-0.016933	725000.000000
117.291667	-0.016348	725200.000000
117.395833	-0.016619	725400.000000
117.500000	-0.017714	725600.000000
117.604167	-0.018647	725800.000000
117.708333	-0.019486	726000.000000
117.812500	-0.019388	726200.000000
117.916667	-0.019345	726400.000000
118.020833	-0.019442	726600.000000
118.125000	-0.020334	726800.000000
118.229167	-0.022219	727000.000000
118.333333	-0.024974	727200.000000
118.437500	-0.027667	727400.000000
118.541667	-0.029191	727600.000000
118.645833	-0.029268	727800.000000
118.750000	-0.028088	728000.000000
118.854167	-0.026606	728200.000000
118.958333	-0.025889	728400.000000
119.062500	-0.026160	728600.000000
119.166667	-0.027285	728800.000000
119.270833	-0.028671	729000.000000
119.375000	-0.029551	729200.000000
119.479167	-0.029659	729400.000000
119.583333	-0.028865	729600.000000
119.687500	-0.027575	729800.000000
119.791667	-0.025726	730000.000000
119.895833	-0.024073	730200.000000
120.000000	-0.022360	730400.000000
120.104167	-0.020785	730600.000000
120.208333	-0.019292	730800.000000
120.312500	-0.018694	731000.000000
120.416667	-0.019060	731200.000000
120.520833	-0.020473	731400.000000
120.625000	-0.021846	731600.000000
120.729167	-0.023027	731800.000000
120.833333	-0.023342	732000.000000
120.937500	-0.022939	732200.000000
121.041667	-0.022006	732400.000000
121.145833	-0.021729	732600.000000
121.250000	-0.021800	732800.000000
121.354167	-0.022213	733000.000000
121.458333	-0.023314	733200.000000
121.562500	-0.024152	733400.000000
121.666667	-0.024795	733600.000000
121.770833	-0.024797	733800.000000
121.875000	-0.024146	734000.000000
121.979167	-0.023255	734200.000000
122.083333	-0.022519	734400.000000
122.187500	-0.022155	734600.000000
122.291667	-0.022162	734800.000000
122.395833	-0.022438	735000.000000
122.500000	-0.022206	735200.000000
122.604167	-0.021641	735400.000000
122.708333	-0.021383	735600.000000
122.812500	-0.020942	735800.000000
122.916667	-0.021142	736000.000000
123.020833	-0.021834	736200.000000
123.125000	-0.022793	736400.000000
123.229167	-0.023435	736600.000000
123.333333	-0.023544	736800.000000
123.437500	-0.022969	737000.000000
123.541667	-0.021928	737200.000000
123.645833	-0.020645	737400.000000
123.750000	-0.019904	737600.000000
123.854167	-0.019860	737800.000000
123.958333	-0.020240	738000.000000
124.062500	-0.021044	738200.000000
124.166667	-0.022002	738400.000000
124.270833	-0.022193	738600.000000
124.375000	-0.022013	738800.000000
124.479167	-0.021939	739000.000000
124.583333	-0.022124	739200.000000
124.687500	-0.023022	739400.000000
124.791667	-0.024309	739600.000000
124.895833	-0.025668	739800.000000
125.000000	-0.026134	740000.000000
125.104167	-0.025406	740200.000000
125.208333	-0.023441	740400.000000
125.312500	-0.021786	740600.000000
125.416667	-0.021271	740800.000000
125.520833	-0.021801	741000.000000
125.625000	-0.023357	741200.000000
125.729167	-0.025246	741400.000000
125.833333	-0.027145	741600.000000
125.937500	-0.027720	741800.000000
126.041667	-0.027714	742000.000000
126.145833	-0.027005	742200.000000
126.250000	-0.026049	742400.000000
126.354167	-0.025761	742600.000000
126.458333	-0.025773	742800.000000
126.562500	-0.026629	743000.000000
126.666667	-0.027384	743200.000000
126.770833	-0.027684	743400.000000
126.875000	-0.027186	743600.000000
126.979167	-0.025693	743800.000000
127.083333	-0.024058	744000.000000
127.187500	-0.022975	744200.000000
127.291667	-0.022507	744400.000000
127.395833	-0.023035	744600.000000
127.500000	-0.024418	744800.000000
127.604167	-0.025123	745000.000000
127.708333	-0.025482	745200.000000
127.812500	-0.024831	745400.000000
127.916667	-0.023295	745600.000000
128.020833	-0.021805	745800.000000
128.125000	-0.020964	746000.000000
128.229167	-0.021686	746200.000000
128.333333	-0.023102	746400.000000
128.437500	-0.024336	746600.000000
128.541667	-0.024650	746800.000000
128.645833	-0.023744	747000.000000
128.750000	-0.022284	747200.000000
128.854167	-0.020588	747400.000000
128.958333	-0.019559	747600.000000
129.062500	-0.019206	747800.000000
129.166667	-0.019005	748000.000000
129.270833	-0.019410	748200.000000
129.375000	-0.020261	748400.000000
129.479167	-0.021473	748600.000000
129.583333	-0.022938	748800.000000
129.687500	-0.024466	749000.000000
129.791667	-0.025579	749200.000000
129.895833	-0.026619	749400.000000
130.000000	-0.027548	749600.000000
130.104167	-0.027981	749800.000000
130.208333	-0.028390	750000.000000
