0.000000	-0.022446	500000.000000
0.104167	-0.022626	500200.000000
0.208333	-0.022750	500400.000000
0.312500	-0.022664	500600.000000
0.416667	-0.022543	500800.000000
0.520833	-0.022580	501000.000000
0.625000	-0.022396	501200.000000
0.729167	-0.022476	501400.000000
0.833333	-0.022552	501600.000000
0.937500	-0.022630	501800.000000
1.041667	-0.022562	502000.000000
1.145833	-0.022519	502200.000000
1.250000	-0.022592	502400.000000
1.354167	-0.022435	502600.000000
1.458333	-0.022604	502800.000000
1.562500	-0.022541	503000.000000
1.666667	-0.022371	503200.000000
1.770833	-0.022602	503400.000000
1.875000	-0.022428	503600.000000
1.979167	-0.022491	503800.000000
2.083333	-0.022445	504000.000000
2.187500	-0.022457	504200.000000
2.291667	-0.022715	504400.000000
2.395833	-0.022586	504600.000000
2.500000	-0.022670	504800.000000
2.604167	-0.022533	505000.000000
2.708333	-0.022316	505200.000000
2.812500	-0.022545	505400.000000
2.916667	-0.022632	505600.000000
3.020833	-0.022663	505800.000000
3.125000	-0.022504	506000.000000
3.229167	-0.022673	506200.000000
3.333333	-0.022278	506400.000000
3.437500	-0.022395	506600.000000
3.541667	-0.022450	506800.000000
3.645833	-0.022467	507000.000000
3.750000	-0.022372	507200.000000
3.854167	-0.022496	507400.000000
3.958333	-0.022319	507600.000000
4.062500	-0.022256	507800.000000
4.166667	-0.022364	508000.000000
4.270833	-0.022261	508200.000000
4.375000	-0.022286	508400.000000
4.479167	-0.022286	508600.000000
4.583333	-0.022461	508800.000000
4.687500	-0.022404	509000.000000
4.791667	-0.022449	509200.000000
4.895833	-0.022411	509400.000000
5.000000	-0.022409	509600.000000
5.104167	-0.022470	509800.000000
5.208333	-0.022439	510000.000000
5.312500	-0.022487	510200.000000
5.416667	-0.022425	510400.000000
5.520833	-0.022626	510600.000000
5.625000	-0.022469	510800.000000
5.729167	-0.022451	511000.000000
5.833333	-0.022451	511200.000000
5.937500	-0.022713	511400.000000
6.041667	-0.022525	511600.000000
6.145833	-0.022487	511800.000000
6.250000	-0.022496	512000.000000
6.354167	-0.022417	512200.000000
6.458333	-0.022529	512400.000000
6.562500	-0.022515	512600.000000
6.666667	-0.022531	512800.000000
6.770833	-0.022453	513000.000000
6.875000	-0.022505	513200.000000
6.979167	-0.022652	513400.000000
7.083333	-0.022440	513600.000000
7.187500	-0.022384	513800.000000
7.291667	-0.022422	514000.000000
7.395833	-0.022427	514200.000000
7.500000	-0.022457	514400.000000
7.604167	-0.022379	514600.000000
7.708333	-0.022533	514800.000000
7.812500	-0.022406	515000.000000
7.916667	-0.022595	515200.000000
8.020833	-0.022577	515400.000000
8.125000	-0.022439	515600.000000
8.229167	-0.022560	515800.000000
8.333333	-0.022646	516000.000000
8.437500	-0.022580	516200.000000
8.541667	-0.022446	516400.000000
8.645833	-0.022573	516600.000000
8.750000	-0.022559	516800.000000
8.854167	-0.022401	517000.000000
8.958333	-0.022591	517200.000000
9.062500	-0.022534	517400.000000
9.166667	-0.022459	517600.000000
9.270833	-0.022402	517800.000000
9.375000	-0.022573	518000.000000
9.479167	-0.022461	518200.000000
9.583333	-0.022521	518400.000000
9.687500	-0.022444	518600.000000
9.791667	-0.022388	518800.000000
9.895833	-0.022560	519000.000000
10.000000	-0.022579	519200.000000
10.104167	-0.022656	519400.000000
10.208333	-0.022440	519600.000000
10.312500	-0.022481	519800.000000
10.416667	-0.022461	520000.000000
10.520833	-0.022589	520200.000000
10.625000	-0.022529	520400.000000
10.729167	-0.022591	520600.000000
10.833333	-0.022511	520800.000000
10.937500	-0.022684	521000.000000
11.041667	-0.022542	521200.000000
11.145833	-0.022694	521400.000000
11.250000	-0.022508	521600.000000
11.354167	-0.022610	521800.000000
11.458333	-0.022457	522000.000000
11.562500	-0.022457	522200.000000
11.666667	-0.022435	522400.000000
11.770833	-0.022479	522600.000000
11.875000	-0.022285	522800.000000
11.979167	-0.022413	523000.000000
12.083333	-0.022396	523200.000000
12.187500	-0.022421	523400.000000
12.291667	-0.022605	523600.000000
12.395833	-0.022411	523800.000000
12.500000	-0.022460	524000.000000
12.604167	-0.022371	524200.000000
12.708333	-0.022497	524400.000000
12.812500	-0.022508	524600.000000
12.916667	-0.022638	524800.000000
13.020833	-0.022622	525000.000000
13.125000	-0.022567	525200.000000
13.229167	-0.022715	525400.000000
13.333333	-0.022770	525600.000000
13.437500	-0.022828	525800.000000
13.541667	-0.022761	526000.000000
13.645833	-0.022828	526200.000000
13.750000	-0.022671	526400.000000
13.854167	-0.023048	526600.000000
13.958333	-0.022763	526800.000000
14.062500	-0.022824	527000.000000
14.166667	-0.022836	527200.000000
14.270833	-0.022774	527400.000000
14.375000	-0.022724	527600.000000
14.479167	-0.022878	527800.000000
14.583333	-0.022770	528000.000000
14.687500	-0.022702	528200.000000
14.791667	-0.022734	528400.000000
14.895833	-0.022955	528600.000000
15.000000	-0.022526	528800.000000
15.104167	-0.022862	529000.000000
15.208333	-0.022925	529200.000000
15.312500	-0.022839	529400.000000
15.416667	-0.022750	529600.000000
15.520833	-0.022841	529800.000000
15.625000	-0.023024	530000.000000
15.729167	-0.023002	530200.000000
15.833333	-0.022945	530400.000000
15.937500	-0.022983	530600.000000
16.041667	-0.022995	530800.000000
16.145833	-0.022859	531000.000000
16.250000	-0.023009	531200.000000
16.354167	-0.022974	531400.000000
16.458333	-0.023036	531600.000000
16.562500	-0.023177	531800.000000
16.666667	-0.023056	532000.000000
16.770833	-0.023222	532200.000000
16.875000	-0.023277	532400.000000
16.979167	-0.023331	532600.000000
17.083333	-0.023384	532800.000000
17.187500	-0.023301	533000.000000
17.291667	-0.023400	533200.000000
17.395833	-0.023373	533400.000000
17.500000	-0.023710	533600.000000
17.604167	-0.023942	533800.000000
17.708333	-0.023933	534000.000000
17.812500	-0.024042	534200.000000
17.916667	-0.023996	534400.000000
18.020833	-0.024211	534600.000000
18.125000	-0.024540	534800.000000
18.229167	-0.024629	535000.000000
18.333333	-0.024811	535200.000000
18.437500	-0.025115	535400.000000
18.541667	-0.025385	535600.000000
18.645833	-0.025615	535800.000000
18.750000	-0.025904	536000.000000
18.854167	-0.026180	536200.000000
18.958333	-0.026646	536400.000000
19.062500	-0.026925	536600.000000
19.166667	-0.027523	536800.000000
19.270833	-0.027835	537000.000000
19.375000	-0.028591	537200.000000
19.479167	-0.029197	537400.000000
19.583333	-0.030310	537600.000000
19.687500	-0.031017	537800.000000
19.791667	-0.032036	538000.000000
19.895833	-0.033138	538200.000000
20.000000	-0.034246	538400.000000
20.104167	-0.035949	538600.000000
20.208333	-0.037800	538800.000000
20.312500	-0.039880	539000.000000
20.416667	-0.041993	539200.000000
20.520833	-0.044664	539400.000000
20.625000	-0.047456	539600.000000
20.729167	-0.050833	539800.000000
20.833333	-0.054485	540000.000000
20.937500	-0.058512	540200.000000
21.041667	-0.062844	540400.000000
21.145833	-0.067580	540600.000000
21.250000	-0.072755	540800.000000
21.354167	-0.078187	541000.000000
21.458333	-0.083471	541200.000000
21.562500	-0.088645	541400.000000
21.666667	-0.093028	541600.000000
21.770833	-0.095962	541800.000000
21.875000	-0.096341	542000.000000
21.979167	-0.091388	542200.000000
22.083333	-0.073323	542400.000000
22.187500	-0.029658	542600.000000
22.291667	0.063723	542800.000000
22.395833	0.228648	543000.000000
22.500000	0.453276	543200.000000
22.604167	0.699463	543400.000000
22.708333	0.870281	543600.000000
22.812500	0.879859	543800.000000
22.916667	0.708935	544000.000000
23.020833	0.386926	544200.000000
23.125000	0.035625	544400.000000
23.229167	-0.255935	544600.000000
23.333333	-0.423938	544800.000000
23.437500	-0.475536	545000.000000
23.541667	-0.451607	545200.000000
23.645833	-0.399970	545400.000000
23.750000	-0.350383	545600.000000
23.854167	-0.308793	545800.000000
23.958333	-0.271734	546000.000000
24.062500	-0.240732	546200.000000
24.166667	-0.223351	546400.000000
24.270833	-0.226655	546600.000000
24.375000	-0.244062	546800.000000
24.479167	-0.255076	547000.000000
24.583333	-0.236217	547200.000000
24.687500	-0.180684	547400.000000
24.791667	-0.105439	547600.000000
24.895833	-0.041568	547800.000000
25.000000	-0.009636	548000.000000
25.104167	-0.012973	548200.000000
25.208333	-0.034640	548400.000000
25.312500	-0.055153	548600.000000
25.416667	-0.060814	548800.000000
25.520833	-0.050020	549000.000000
25.625000	-0.026944	549200.000000
25.729167	-0.001246	549400.000000
25.833333	0.019300	549600.000000
25.937500	0.029532	549800.000000
26.041667	0.021404	550000.000000
26.145833	-0.003198	550200.000000
26.250000	-0.030056	550400.000000
26.354167	-0.042738	550600.000000
26.458333	-0.030550	550800.000000
26.562500	0.000077	551000.000000
26.666667	0.030118	551200.000000
26.770833	0.042603	551400.000000
26.875000	0.035225	551600.000000
26.979167	0.020698	551800.000000
27.083333	0.013553	552000.000000
27.187500	0.021092	552200.000000
27.291667	0.036831	552400.000000
27.395833	0.047231	552600.000000
27.500000	0.042700	552800.000000
27.604167	0.024423	553000.000000
27.708333	0.000814	553200.000000
27.812500	-0.018566	553400.000000
27.916667	-0.031955	553600.000000
28.020833	-0.039080	553800.000000
28.125000	-0.041086	554000.000000
28.229167	-0.038221	554200.000000
28.333333	-0.030740	554400.000000
28.437500	-0.018707	554600.000000
28.541667	-0.003376	554800.000000
28.645833	0.009349	555000.000000
28.750000	0.015459	555200.000000
28.854167	0.011670	555400.000000
28.958333	-0.000812	555600.000000
29.062500	-0.016049	555800.000000
29.166667	-0.027595	556000.000000
29.270833	-0.030486	556200.000000
29.375000	-0.025951	556400.000000
29.479167	-0.020281	556600.000000
29.583333	-0.018246	556800.000000
29.687500	-0.022027	557000.000000
29.791667	-0.030134	557200.000000
29.895833	-0.037259	557400.000000
30.000000	-0.038595	557600.000000
30.104167	-0.032850	557800.000000
30.208333	-0.021643	558000.000000
30.312500	-0.009997	558200.000000
30.416667	-0.002141	558400.000000
30.520833	0.000129	558600.000000
30.625000	-0.000851	558800.000000
30.729167	-0.002788	559000.000000
30.833333	-0.004253	559200.000000
30.937500	-0.005395	559400.000000
31.041667	-0.007183	559600.000000
31.145833	-0.009454	559800.000000
31.250000	-0.010430	560000.000000
31.354167	-0.009826	560200.000000
31.458333	-0.011168	560400.000000
31.562500	-0.018426	560600.000000
31.666667	-0.034216	560800.000000
31.770833	-0.056319	561000.000000
31.875000	-0.076279	561200.000000
31.979167	-0.083199	561400.000000
32.083333	-0.072405	561600.000000
32.187500	-0.048069	561800.000000
32.291667	-0.021869	562000.000000
32.395833	-0.004002	562200.000000
32.500000	0.000379	562400.000000
32.604167	-0.006419	562600.000000
32.708333	-0.018559	562800.000000
32.812500	-0.028892	563000.000000
32.916667	-0.033878	563200.000000
33.020833	-0.034180	563400.000000
33.125000	-0.032231	563600.000000
33.229167	-0.030181	563800.000000
33.333333	-0.029307	564000.000000
33.437500	-0.029726	564200.000000
33.541667	-0.030735	564400.000000
33.645833	-0.031063	564600.000000
33.750000	-0.029577	564800.000000
33.854167	-0.025618	565000.000000
33.958333	-0.018399	565200.000000
34.062500	-0.007789	565400.000000
34.166667	0.004300	565600.000000
34.270833	0.014010	565800.000000
34.375000	0.016777	566000.000000
34.479167	0.009138	566200.000000
34.583333	-0.009155	566400.000000
34.687500	-0.031165	566600.000000
34.791667	-0.045678	566800.000000
34.895833	-0.045133	567000.000000
35.000000	-0.029435	567200.000000
35.104167	-0.008112	567400.000000
35.208333	0.005534	567600.000000
35.312500	0.002189	567800.000000
35.416667	-0.014842	568000.000000
35.520833	-0.033123	568200.000000
35.625000	-0.040515	568400.000000
35.729167	-0.032015	568600.000000
35.833333	-0.014558	568800.000000
35.937500	0.002293	569000.000000
36.041667	0.010542	569200.000000
36.145833	0.009190	569400.000000
36.250000	0.001231	569600.000000
36.354167	-0.009176	569800.000000
36.458333	-0.018645	570000.000000
36.562500	-0.024067	570200.000000
36.666667	-0.023338	570400.000000
36.770833	-0.016981	570600.000000
36.875000	-0.010424	570800.000000
36.979167	-0.011711	571000.000000
37.083333	-0.024043	571200.000000
37.187500	-0.040872	571400.000000
37.291667	-0.053070	571600.000000
37.395833	-0.052964	571800.000000
37.500000	-0.040197	572000.000000
37.604167	-0.020273	572200.000000
37.708333	-0.000394	572400.000000
37.812500	0.012753	572600.000000
37.916667	0.014887	572800.000000
38.020833	0.004818	573000.000000
38.125000	-0.015162	573200.000000
38.229167	-0.036807	573400.000000
38.333333	-0.052166	573600.000000
38.437500	-0.053656	573800.000000
38.541667	-0.043525	574000.000000
38.645833	-0.031159	574200.000000
38.750000	-0.028400	574400.000000
38.854167	-0.038453	574600.000000
38.958333	-0.054432	574800.000000
39.062500	-0.063033	575000.000000
39.166667	-0.055505	575200.000000
39.270833	-0.033369	575400.000000
39.375000	-0.005759	575600.000000
39.479167	0.014668	575800.000000
39.583333	0.018810	576000.000000
39.687500	0.005920	576200.000000
39.791667	-0.015816	576400.000000
39.895833	-0.035881	576600.000000
40.000000	-0.045982	576800.000000
40.104167	-0.044280	577000.000000
40.208333	-0.034475	577200.000000
40.312500	-0.022644	577400.000000
40.416667	-0.015077	577600.000000
40.520833	-0.015108	577800.000000
40.625000	-0.022059	578000.000000
40.729167	-0.033833	578200.000000
40.833333	-0.045050	578400.000000
40.937500	-0.050095	578600.000000
41.041667	-0.046190	578800.000000
41.145833	-0.034037	579000.000000
41.250000	-0.019278	579200.000000
41.354167	-0.008715	579400.000000
41.458333	-0.006478	579600.000000
41.562500	-0.011189	579800.000000
41.666667	-0.019246	580000.000000
41.770833	-0.025910	580200.000000
41.875000	-0.028092	580400.000000
41.979167	-0.025637	580600.000000
42.083333	-0.021113	580800.000000
42.187500	-0.019006	581000.000000
42.291667	-0.022795	581200.000000
42.395833	-0.032482	581400.000000
42.500000	-0.044301	581600.000000
42.604167	-0.051711	581800.000000
42.708333	-0.050210	582000.000000
42.812500	-0.040479	582200.000000
42.916667	-0.026721	582400.000000
43.020833	-0.014798	582600.000000
43.125000	-0.008118	582800.000000
43.229167	-0.007440	583000.000000
43.333333	-0.009917	583200.000000
43.437500	-0.012858	583400.000000
43.541667	-0.014523	583600.000000
43.645833	-0.016031	583800.000000
43.750000	-0.019941	584000.000000
43.854167	-0.027810	584200.000000
43.958333	-0.037795	584400.000000
44.062500	-0.046023	584600.000000
44.166667	-0.047493	584800.000000
44.270833	-0.041325	585000.000000
44.375000	-0.031485	585200.000000
44.479167	-0.022474	585400.000000
44.583333	-0.018349	585600.000000
44.687500	-0.017677	585800.000000
44.791667	-0.017312	586000.000000
44.895833	-0.015268	586200.000000
45.000000	-0.013197	586400.000000
45.104167	-0.013480	586600.000000
45.208333	-0.016439	586800.000000
45.312500	-0.020322	587000.000000
45.416667	-0.022330	587200.000000
45.520833	-0.021597	587400.000000
45.625000	-0.020478	587600.000000
45.729167	-0.021595	587800.000000
45.833333	-0.026244	588000.000000
45.937500	-0.031881	588200.000000
46.041667	-0.034776	588400.000000
46.145833	-0.033006	588600.000000
46.250000	-0.027797	588800.000000
46.354167	-0.022610	589000.000000
46.458333	-0.020350	589200.000000
46.562500	-0.021261	589400.000000
46.666667	-0.023216	589600.000000
46.770833	-0.023953	589800.000000
46.875000	-0.021507	590000.000000
46.979167	-0.016797	590200.000000
47.083333	-0.011967	590400.000000
47.187500	-0.008703	590600.000000
47.291667	-0.008767	590800.000000
47.395833	-0.013557	591000.000000
47.500000	-0.022375	591200.000000
47.604167	-0.032189	591400.000000
47.708333	-0.038859	591600.000000
47.812500	-0.039125	591800.000000
47.916667	-0.033950	592000.000000
48.020833	-0.028423	592200.000000
48.125000	-0.026374	592400.000000
48.229167	-0.027316	592600.000000
48.333333	-0.027353	592800.000000
48.437500	-0.022446	593000.000000
48.541667	-0.013653	593200.000000
48.645833	-0.004906	593400.000000
48.750000	-0.000497	593600.000000
48.854167	-0.003742	593800.000000
48.958333	-0.012642	594000.000000
49.062500	-0.022471	594200.000000
49.166667	-0.030709	594400.000000
49.270833	-0.036352	594600.000000
49.375000	-0.038907	594800.000000
49.479167	-0.038106	595000.000000
49.583333	-0.033194	595200.000000
49.687500	-0.026045	595400.000000
49.791667	-0.019095	595600.000000
49.895833	-0.016102	595800.000000
50.000000	-0.017710	596000.000000
50.104167	-0.021945	596200.000000
50.208333	-0.025121	596400.000000
50.312500	-0.024113	596600.000000
50.416667	-0.019099	596800.000000
50.520833	-0.012122	597000.000000
50.625000	-0.007302	597200.000000
50.729167	-0.007739	597400.000000
50.833333	-0.014342	597600.000000
50.937500	-0.024312	597800.000000
51.041667	-0.032519	598000.000000
51.145833	-0.035092	598200.000000
51.250000	-0.031672	598400.000000
51.354167	-0.024609	598600.000000
51.458333	-0.018589	598800.000000
51.562500	-0.017112	599000.000000
51.666667	-0.020841	599200.000000
51.770833	-0.027183	599400.000000
51.875000	-0.032046	599600.000000
51.979167	-0.032497	599800.000000
52.083333	-0.027418	600000.000000
52.187500	-0.018742	600200.000000
52.291667	-0.010049	600400.000000
52.395833	-0.004829	600600.000000
52.500000	-0.004787	600800.000000
52.604167	-0.009191	601000.000000
52.708333	-0.016078	601200.000000
52.812500	-0.022520	601400.000000
52.916667	-0.028109	601600.000000
53.020833	-0.033021	601800.000000
53.125000	-0.036569	602000.000000
53.229167	-0.038215	602200.000000
53.333333	-0.036491	602400.000000
53.437500	-0.031871	602600.000000
53.541667	-0.025788	602800.000000
53.645833	-0.020667	603000.000000
53.750000	-0.017361	603200.000000
53.854167	-0.015664	603400.000000
53.958333	-0.014037	603600.000000
54.062500	-0.012427	603800.000000
54.166667	-0.011867	604000.000000
54.270833	-0.013385	604200.000000
54.375000	-0.017362	604400.000000
54.479167	-0.022234	604600.000000
54.583333	-0.026805	604800.000000
54.687500	-0.029776	605000.000000
54.791667	-0.031446	605200.000000
54.895833	-0.032342	605400.000000
55.000000	-0.032299	605600.000000
55.104167	-0.030708	605800.000000
55.208333	-0.027955	606000.000000
55.312500	-0.024971	606200.000000
55.416667	-0.022236	606400.000000
55.520833	-0.019669	606600.000000
55.625000	-0.017979	606800.000000
55.729167	-0.018435	607000.000000
55.833333	-0.021160	607200.000000
55.937500	-0.025587	607400.000000
56.041667	-0.028434	607600.000000
56.145833	-0.026717	607800.000000
56.250000	-0.022484	608000.000000
56.354167	-0.019484	608200.000000
56.458333	-0.020573	608400.000000
56.562500	-0.025558	608600.000000
56.666667	-0.031850	608800.000000
56.770833	-0.035688	609000.000000
56.875000	-0.034584	609200.000000
56.979167	-0.030918	609400.000000
57.083333	-0.027414	609600.000000
57.187500	-0.026484	609800.000000
57.291667	-0.027567	610000.000000
57.395833	-0.027923	610200.000000
57.500000	-0.026133	610400.000000
57.604167	-0.022566	610600.000000
57.708333	-0.017775	610800.000000
57.812500	-0.013164	611000.000000
57.916667	-0.011212	611200.000000
58.020833	-0.012899	611400.000000
58.125000	-0.018826	611600.000000
58.229167	-0.027580	611800.000000
58.333333	-0.036453	612000.000000
58.437500	-0.041693	612200.000000
58.541667	-0.040832	612400.000000
58.645833	-0.035136	612600.000000
58.750000	-0.028436	612800.000000
58.854167	-0.024180	613000.000000
58.958333	-0.023202	613200.000000
59.062500	-0.023726	613400.000000
59.166667	-0.023108	613600.000000
59.270833	-0.020783	613800.000000
59.375000	-0.018190	614000.000000
59.479167	-0.016461	614200.000000
59.583333	-0.016146	614400.000000
59.687500	-0.017237	614600.000000
59.791667	-0.018990	614800.000000
59.895833	-0.022341	615000.000000
60.000000	-0.027720	615200.000000
60.104167	-0.033701	615400.000000
60.208333	-0.037543	615600.000000
60.312500	-0.035995	615800.000000
60.416667	-0.029540	616000.000000
60.520833	-0.021468	616200.000000
60.625000	-0.016297	616400.000000
60.729167	-0.015941	616600.000000
60.833333	-0.019172	616800.000000
60.937500	-0.023051	617000.000000
61.041667	-0.024894	617200.000000
61.145833	-0.024392	617400.000000
61.250000	-0.022143	617600.000000
61.354167	-0.019747	617800.000000
61.458333	-0.017448	618000.000000
61.562500	-0.015732	618200.000000
61.666667	-0.014964	618400.000000
61.770833	-0.015152	618600.000000
61.875000	-0.016923	618800.000000
61.979167	-0.020185	619000.000000
62.083333	-0.024491	619200.000000
62.187500	-0.027786	619400.000000
62.291667	-0.029563	619600.000000
62.395833	-0.029186	619800.000000
62.500000	-0.026665	620000.000000
62.604167	-0.023345	620200.000000
62.708333	-0.019883	620400.000000
62.812500	-0.016937	620600.000000
62.916667	-0.015420	620800.000000
63.020833	-0.016044	621000.000000
63.125000	-0.017539	621200.000000
63.229167	-0.018654	621400.000000
63.333333	-0.017966	621600.000000
63.437500	-0.016668	621800.000000
63.541667	-0.015969	622000.000000
63.645833	-0.017955	622200.000000
63.750000	-0.022682	622400.000000
63.854167	-0.028533	622600.000000
63.958333	-0.032363	622800.000000
64.062500	-0.032015	623000.000000
64.166667	-0.027038	623200.000000
64.270833	-0.020420	623400.000000
64.375000	-0.014204	623600.000000
64.479167	-0.010421	623800.000000
64.583333	-0.009366	624000.000000
64.687500	-0.011428	624200.000000
64.791667	-0.015497	624400.000000
64.895833	-0.019788	624600.000000
65.000000	-0.023397	624800.000000
65.104167	-0.025025	625000.000000
65.208333	-0.025371	625200.000000
65.312500	-0.025726	625400.000000
65.416667	-0.027273	625600.000000
65.520833	-0.029758	625800.000000
65.625000	-0.032926	626000.000000
65.729167	-0.034940	626200.000000
65.833333	-0.034608	626400.000000
65.937500	-0.031539	626600.000000
66.041667	-0.027124	626800.000000
66.145833	-0.023447	627000.000000
66.250000	-0.022379	627200.000000
66.354167	-0.024486	627400.000000
66.458333	-0.028262	627600.000000
66.562500	-0.030497	627800.000000
66.666667	-0.028885	628000.000000
66.770833	-0.023593	628200.000000
66.875000	-0.016819	628400.000000
66.979167	-0.012773	628600.000000
67.083333	-0.013951	628800.000000
67.187500	-0.020024	629000.000000
67.291667	-0.027237	629200.000000
67.395833	-0.032813	629400.000000
67.500000	-0.034703	629600.000000
67.604167	-0.032375	629800.000000
67.708333	-0.027900	630000.000000
67.812500	-0.023914	630200.000000
67.916667	-0.021989	630400.000000
68.020833	-0.022324	630600.000000
68.125000	-0.024244	630800.000000
68.229167	-0.025660	631000.000000
68.333333	-0.024580	631200.000000
68.437500	-0.020210	631400.000000
68.541667	-0.014903	631600.000000
68.645833	-0.011351	631800.000000
68.750000	-0.012041	632000.000000
68.854167	-0.016734	632200.000000
68.958333	-0.023674	632400.000000
69.062500	-0.029740	632600.000000
69.166667	-0.032778	632800.000000
69.270833	-0.032511	633000.000000
69.375000	-0.029886	633200.000000
69.479167	-0.026141	633400.000000
69.583333	-0.021887	633600.000000
69.687500	-0.017702	633800.000000
69.791667	-0.013930	634000.000000
69.895833	-0.011234	634200.000000
70.000000	-0.010629	634400.000000
70.104167	-0.011467	634600.000000
70.208333	-0.013116	634800.000000
70.312500	-0.014435	635000.000000
70.416667	-0.015862	635200.000000
70.520833	-0.017348	635400.000000
70.625000	-0.018713	635600.000000
70.729167	-0.020506	635800.000000
70.833333	-0.021650	636000.000000
70.937500	-0.022278	636200.000000
71.041667	-0.023266	636400.000000
71.145833	-0.025597	636600.000000
71.250000	-0.028635	636800.000000
71.354167	-0.031663	637000.000000
71.458333	-0.033529	637200.000000
71.562500	-0.032971	637400.000000
71.666667	-0.030502	637600.000000
71.770833	-0.028632	637800.000000
71.875000	-0.028182	638000.000000
71.979167	-0.029757	638200.000000
72.083333	-0.032870	638400.000000
72.187500	-0.035488	638600.000000
72.291667	-0.036062	638800.000000
72.395833	-0.034428	639000.000000
72.500000	-0.031225	639200.000000
72.604167	-0.028030	639400.000000
72.708333	-0.026265	639600.000000
72.812500	-0.027282	639800.000000
72.916667	-0.030182	640000.000000
73.020833	-0.033643	640200.000000
73.125000	-0.035150	640400.000000
73.229167	-0.032849	640600.000000
73.333333	-0.027134	640800.000000
73.437500	-0.020073	641000.000000
73.541667	-0.013996	641200.000000
73.645833	-0.010932	641400.000000
73.750000	-0.011090	641600.000000
73.854167	-0.013017	641800.000000
73.958333	-0.015349	642000.000000
74.062500	-0.016118	642200.000000
74.166667	-0.016434	642400.000000
74.270833	-0.016747	642600.000000
74.375000	-0.018046	642800.000000
74.479167	-0.020792	643000.000000
74.583333	-0.025220	643200.000000
74.687500	-0.028645	643400.000000
74.791667	-0.030133	643600.000000
74.895833	-0.028781	643800.000000
75.000000	-0.024413	644000.000000
75.104167	-0.019881	644200.000000
75.208333	-0.016887	644400.000000
75.312500	-0.017348	644600.000000
75.416667	-0.020738	644800.000000
75.520833	-0.024867	645000.000000
75.625000	-0.027910	645200.000000
75.729167	-0.028569	645400.000000
75.833333	-0.026994	645600.000000
75.937500	-0.024370	645800.000000
76.041667	-0.021954	646000.000000
76.145833	-0.021490	646200.000000
76.250000	-0.023601	646400.000000
76.354167	-0.026829	646600.000000
76.458333	-0.028980	646800.000000
76.562500	-0.028323	647000.000000
76.666667	-0.024662	647200.000000
76.770833	-0.019365	647400.000000
76.875000	-0.015373	647600.000000
76.979167	-0.014612	647800.000000
77.083333	-0.017727	648000.000000
77.187500	-0.022573	648200.000000
77.291667	-0.026927	648400.000000
77.395833	-0.027810	648600.000000
77.500000	-0.026304	648800.000000
77.604167	-0.023183	649000.000000
77.708333	-0.020614	649200.000000
77.812500	-0.019679	649400.000000
77.916667	-0.021386	649600.000000
78.020833	-0.025200	649800.000000
78.125000	-0.030387	650000.000000
78.229167	-0.034770	650200.000000
78.333333	-0.036932	650400.000000
78.437500	-0.036445	650600.000000
78.541667	-0.033265	650800.000000
78.645833	-0.029023	651000.000000
78.750000	-0.025609	651200.000000
78.854167	-0.023598	651400.000000
78.958333	-0.022293	651600.000000
79.062500	-0.021411	651800.000000
79.166667	-0.020831	652000.000000
79.270833	-0.021166	652200.000000
79.375000	-0.021981	652400.000000
79.479167	-0.023510	652600.000000
79.583333	-0.024936	652800.000000
79.687500	-0.026005	653000.000000
79.791667	-0.027042	653200.000000
79.895833	-0.028034	653400.000000
80.000000	-0.028813	653600.000000
80.104167	-0.029064	653800.000000
80.208333	-0.028956	654000.000000
80.312500	-0.028031	654200.000000
80.416667	-0.026686	654400.000000
80.520833	-0.024861	654600.000000
80.625000	-0.023500	654800.000000
80.729167	-0.021946	655000.000000
80.833333	-0.021602	655200.000000
80.937500	-0.022175	655400.000000
81.041667	-0.022998	655600.000000
81.145833	-0.024204	655800.000000
81.250000	-0.024858	656000.000000
81.354167	-0.025300	656200.000000
81.458333	-0.025555	656400.000000
81.562500	-0.025513	656600.000000
81.666667	-0.024756	656800.000000
81.770833	-0.024103	657000.000000
81.875000	-0.023732	657200.000000
81.979167	-0.024136	657400.000000
82.083333	-0.024959	657600.000000
82.187500	-0.025389	657800.000000
82.291667	-0.025210	658000.000000
82.395833	-0.024234	658200.000000
82.500000	-0.022820	658400.000000
82.604167	-0.021734	658600.000000
82.708333	-0.020834	658800.000000
82.812500	-0.019563	659000.000000
82.916667	-0.017703	659200.000000
83.020833	-0.015995	659400.000000
83.125000	-0.015010	659600.000000
83.229167	-0.016110	659800.000000
83.333333	-0.018475	660000.000000
83.437500	-0.021342	660200.000000
83.541667	-0.023998	660400.000000
83.645833	-0.025561	660600.000000
83.750000	-0.025735	660800.000000
83.854167	-0.024828	661000.000000
83.958333	-0.022708	661200.000000
84.062500	-0.019715	661400.000000
84.166667	-0.017140	661600.000000
84.270833	-0.015748	661800.000000
84.375000	-0.016176	662000.000000
84.479167	-0.018093	662200.000000
84.583333	-0.019463	662400.000000
84.687500	-0.019557	662600.000000
84.791667	-0.018770	662800.000000
84.895833	-0.018300	663000.000000
85.000000	-0.019327	663200.000000
85.104167	-0.021912	663400.000000
85.208333	-0.025169	663600.000000
85.312500	-0.027772	663800.000000
85.416667	-0.028516	664000.000000
85.520833	-0.027601	664200.000000
85.625000	-0.025360	664400.000000
85.729167	-0.022743	664600.000000
85.833333	-0.019981	664800.000000
85.937500	-0.018427	665000.000000
86.041667	-0.018401	665200.000000
86.145833	-0.019996	665400.000000
86.250000	-0.022469	665600.000000
86.354167	-0.024300	665800.000000
86.458333	-0.024785	666000.000000
86.562500	-0.024179	666200.000000
86.666667	-0.022986	666400.000000
86.770833	-0.022256	666600.000000
86.875000	-0.023024	666800.000000
86.979167	-0.024112	667000.000000
87.083333	-0.025096	667200.000000
87.187500	-0.025695	667400.000000
87.291667	-0.025938	667600.000000
87.395833	-0.026243	667800.000000
87.500000	-0.026670	668000.000000
87.604167	-0.026866	668200.000000
87.708333	-0.026329	668400.000000
87.812500	-0.025324	668600.000000
87.916667	-0.023649	668800.000000
88.020833	-0.021771	669000.000000
88.125000	-0.020497	669200.000000
88.229167	-0.020006	669400.000000
88.333333	-0.020138	669600.000000
88.437500	-0.020426	669800.000000
88.541667	-0.021200	670000.000000
88.645833	-0.022854	670200.000000
88.750000	-0.024634	670400.000000
88.854167	-0.026255	670600.000000
88.958333	-0.027332	670800.000000
89.062500	-0.027884	671000.000000
89.166667	-0.027908	671200.000000
89.270833	-0.027759	671400.000000
89.375000	-0.027107	671600.000000
89.479167	-0.025919	671800.000000
89.583333	-0.023909	672000.000000
89.687500	-0.021818	672200.000000
89.791667	-0.019953	672400.000000
89.895833	-0.019241	672600.000000
90.000000	-0.019489	672800.000000
90.104167	-0.020321	673000.000000
90.208333	-0.021925	673200.000000
90.312500	-0.023588	673400.000000
90.416667	-0.025589	673600.000000
90.520833	-0.027142	673800.000000
90.625000	-0.027978	674000.000000
90.729167	-0.027779	674200.000000
90.833333	-0.026489	674400.000000
90.937500	-0.025283	674600.000000
91.041667	-0.023822	674800.000000
91.145833	-0.022821	675000.000000
91.250000	-0.022501	675200.000000
91.354167	-0.022774	675400.000000
91.458333	-0.023082	675600.000000
91.562500	-0.024164	675800.000000
91.666667	-0.024942	676000.000000
91.770833	-0.024983	676200.000000
91.875000	-0.024518	676400.000000
91.979167	-0.023645	676600.000000
92.083333	-0.023055	676800.000000
92.187500	-0.022689	677000.000000
92.291667	-0.023137	677200.000000
92.395833	-0.024023	677400.000000
92.500000	-0.025499	677600.000000
92.604167	-0.026506	677800.000000
92.708333	-0.026725	678000.000000
92.812500	-0.026310	678200.000000
92.916667	-0.025160	678400.000000
93.020833	-0.023513	678600.000000
93.125000	-0.022014	678800.000000
93.229167	-0.020875	679000.000000
93.333333	-0.020889	679200.000000
93.437500	-0.021016	679400.000000
93.541667	-0.021033	679600.000000
93.645833	-0.021021	679800.000000
93.750000	-0.020579	680000.000000
93.854167	-0.020183	680200.000000
93.958333	-0.020505	680400.000000
94.062500	-0.021878	680600.000000
94.166667	-0.023611	680800.000000
94.270833	-0.026154	681000.000000
94.375000	-0.028608	681200.000000
94.479167	-0.030219	681400.000000
94.583333	-0.030433	681600.000000
94.687500	-0.029329	681800.000000
94.791667	-0.026178	682000.000000
94.895833	-0.022743	682200.000000
95.000000	-0.020461	682400.000000
95.104167	-0.019703	682600.000000
95.208333	-0.020485	682800.000000
95.312500	-0.022453	683000.000000
95.416667	-0.023738	683200.000000
95.520833	-0.024491	683400.000000
95.625000	-0.025043	683600.000000
95.729167	-0.025302	683800.000000
95.833333	-0.025848	684000.000000
95.937500	-0.026191	684200.000000
96.041667	-0.026512	684400.000000
96.145833	-0.026922	684600.000000
96.250000	-0.027041	684800.000000
96.354167	-0.026985	685000.000000
96.458333	-0.026232	685200.000000
96.562500	-0.025195	685400.000000
96.666667	-0.024286	685600.000000
96.770833	-0.023552	685800.000000
96.875000	-0.023267	686000.000000
96.979167	-0.023410	686200.000000
97.083333	-0.023716	686400.000000
97.187500	-0.023468	686600.000000
97.291667	-0.022645	686800.000000
97.395833	-0.021423	687000.000000
97.500000	-0.020580	687200.000000
97.604167	-0.020359	687400.000000
97.708333	-0.020520	687600.000000
97.812500	-0.021460	687800.000000
97.916667	-0.022838	688000.000000
98.020833	-0.024419	688200.000000
98.125000	-0.025402	688400.000000
98.229167	-0.026082	688600.000000
98.333333	-0.025519	688800.000000
98.437500	-0.024803	689000.000000
98.541667	-0.024018	689200.000000
98.645833	-0.023947	689400.000000
98.750000	-0.024570	689600.000000
98.854167	-0.024973	689800.000000
98.958333	-0.024633	690000.000000
99.062500	-0.023407	690200.000000
99.166667	-0.021680	690400.000000
99.270833	-0.020693	690600.000000
99.375000	-0.021490	690800.000000
99.479167	-0.023430	691000.000000
99.583333	-0.026240	691200.000000
99.687500	-0.028500	691400.000000
99.791667	-0.029442	691600.000000
99.895833	-0.028501	691800.000000
100.000000	-0.026244	692000.000000
100.104167	-0.023664	692200.000000
100.208333	-0.021556	692400.000000
100.312500	-0.020716	692600.000000
100.416667	-0.021130	692800.000000
100.520833	-0.022298	693000.000000
100.625000	-0.023730	693200.000000
100.729167	-0.024816	693400.000000
100.833333	-0.024518	693600.000000
100.937500	-0.023394	693800.000000
101.041667	-0.022335	694000.000000
101.145833	-0.021929	694200.000000
101.250000	-0.022293	694400.000000
101.354167	-0.023401	694600.000000
101.458333	-0.024564	694800.000000
101.562500	-0.025029	695000.000000
101.666667	-0.024529	695200.000000
101.770833	-0.023276	695400.000000
101.875000	-0.022270	695600.000000
101.979167	-0.021754	695800.000000
102.083333	-0.021834	696000.000000
102.187500	-0.022772	696200.000000
102.291667	-0.024191	696400.000000
102.395833	-0.025244	696600.000000
102.500000	-0.025680	696800.000000
102.604167	-0.025182	697000.000000
102.708333	-0.023938	697200.000000
102.812500	-0.022709	697400.000000
102.916667	-0.021926	697600.000000
103.020833	-0.022221	697800.000000
103.125000	-0.023660	698000.000000
103.229167	-0.025174	698200.000000
103.333333	-0.026583	698400.000000
103.437500	-0.027553	698600.000000
103.541667	-0.028236	698800.000000
103.645833	-0.028307	699000.000000
103.750000	-0.028262	699200.000000
103.854167	-0.027260	699400.000000
103.958333	-0.025415	699600.000000
104.062500	-0.023709	699800.000000
104.166667	-0.022503	700000.000000
104.270833	-0.022114	700200.000000
104.375000	-0.022507	700400.000000
104.479167	-0.023376	700600.000000
104.583333	-0.024286	700800.000000
104.687500	-0.024568	701000.000000
104.791667	-0.024945	701200.000000
104.895833	-0.025146	701400.000000
105.000000	-0.025660	701600.000000
105.104167	-0.026183	701800.000000
105.208333	-0.026607	702000.000000
105.312500	-0.026465	702200.000000
105.416667	-0.025925	702400.000000
105.520833	-0.024402	702600.000000
105.625000	-0.022784	702800.000000
105.729167	-0.021522	703000.000000
105.833333	-0.020859	703200.000000
105.937500	-0.020998	703400.000000
106.041667	-0.021914	703600.000000
106.145833	-0.022864	703800.000000
106.250000	-0.023580	704000.000000
106.354167	-0.024381	704200.000000
106.458333	-0.024790	704400.000000
106.562500	-0.024649	704600.000000
106.666667	-0.024482	704800.000000
106.770833	-0.024623	705000.000000
106.875000	-0.024850	705200.000000
106.979167	-0.025771	705400.000000
107.083333	-0.026139	705600.000000
107.187500	-0.025987	705800.000000
107.291667	-0.024826	706000.000000
107.395833	-0.023523	706200.000000
107.500000	-0.022372	706400.000000
107.604167	-0.021891	706600.000000
107.708333	-0.022325	706800.000000
107.812500	-0.023352	707000.000000
107.916667	-0.024094	707200.000000
108.020833	-0.023894	707400.000000
108.125000	-0.022892	707600.000000
108.229167	-0.021277	707800.000000
108.333333	-0.019784	708000.000000
108.437500	-0.019696	708200.000000
108.541667	-0.021243	708400.000000
108.645833	-0.023774	708600.000000
108.750000	-0.026878	708800.000000
108.854167	-0.028603	709000.000000
108.958333	-0.028241	709200.000000
109.062500	-0.026534	709400.000000
109.166667	-0.024280	709600.000000
109.270833	-0.022430	709800.000000
109.375000	-0.022171	710000.000000
109.479167	-0.023280	710200.000000
109.583333	-0.025125	710400.000000
109.687500	-0.026225	710600.000000
109.791667	-0.026488	710800.000000
109.895833	-0.025614	711000.000000
110.000000	-0.024822	711200.000000
110.104167	-0.024290	711400.000000
110.208333	-0.024627	711600.000000
110.312500	-0.025609	711800.000000
110.416667	-0.027295	712000.000000
110.520833	-0.028285	712200.000000
110.625000	-0.028373	712400.000000
110.729167	-0.027257	712600.000000
110.833333	-0.024920	712800.000000
110.937500	-0.022217	713000.000000
111.041667	-0.020273	713200.000000
111.145833	-0.019297	713400.000000
111.250000	-0.019592	713600.000000
111.354167	-0.020416	713800.000000
111.458333	-0.021516	714000.000000
111.562500	-0.022289	714200.000000
111.666667	-0.022508	714400.000000
111.770833	-0.021922	714600.000000
111.875000	-0.021132	714800.000000
111.979167	-0.020616	715000.000000
112.083333	-0.020680	715200.000000
112.187500	-0.021082	715400.000000
112.291667	-0.021511	715600.000000
112.395833	-0.021951	715800.000000
112.500000	-0.022077	716000.000000
112.604167	-0.021650	716200.000000
112.708333	-0.021033	716400.000000
112.812500	-0.021278	716600.000000
112.916667	-0.021289	716800.000000
113.020833	-0.021192	717000.000000
113.125000	-0.020959	717200.000000
113.229167	-0.020603	717400.000000
113.333333	-0.019911	717600.000000
113.437500	-0.019386	717800.000000
113.541667	-0.018465	718000.000000
113.645833	-0.017799	718200.000000
113.750000	-0.017079	718400.000000
113.854167	-0.016567	718600.000000
113.958333	-0.016132	718800.000000
114.062500	-0.015784	719000.000000
114.166667	-0.016239	719200.000000
114.270833	-0.017555	719400.000000
114.375000	-0.019759	719600.000000
114.479167	-0.023293	719800.000000
114.583333	-0.027247	720000.000000
114.687500	-0.031193	720200.000000
114.791667	-0.034735	720400.000000
114.895833	-0.037923	720600.000000
115.000000	-0.040372	720800.000000
115.104167	-0.042136	721000.000000
115.208333	-0.042585	721200.000000
115.312500	-0.041609	721400.000000
115.416667	-0.039262	721600.000000
115.520833	-0.036103	721800.000000
115.625000	-0.031784	722000.000000
115.729167	-0.027523	722200.000000
115.833333	-0.023546	722400.000000
115.937500	-0.020117	722600.000000
116.041667	-0.017361	722800.000000
116.145833	-0.015445	723000.000000
116.250000	-0.013823	723200.000000
116.354167	-0.012942	723400.000000
116.458333	-0.012796	723600.000000
116.562500	-0.013692	723800.000000
116.666667	-0.014974	724000.000000
116.770833	-0.016977	724200.000000
116.875000	-0.018758	724400.000000
116.979167	-0.019769	724600.000000
117.083333	-0.019824	724800.000000
117.187500	-0.018997	725000.000000
117.291667	-0.017996	725200.000000
117.395833	-0.017513	725400.000000
117.500000	-0.018041	725600.000000
117.604167	-0.019632	725800.000000
117.708333	-0.021754	726000.000000
117.812500	-0.023459	726200.000000
117.916667	-0.024027	726400.000000
118.020833	-0.024029	726600.000000
118.125000	-0.023327	726800.000000
118.229167	-0.023003	727000.000000
118.333333	-0.023217	727200.000000
118.437500	-0.024843	727400.000000
118.541667	-0.026891	727600.000000
118.645833	-0.028838	727800.000000
118.750000	-0.029616	728000.000000
118.854167	-0.029308	728200.000000
118.958333	-0.027735	728400.000000
119.062500	-0.026182	728600.000000
119.166667	-0.025434	728800.000000
119.270833	-0.026153	729000.000000
119.375000	-0.027466	729200.000000
119.479167	-0.028882	729400.000000
119.583333	-0.029701	729600.000000
119.687500	-0.029947	729800.000000
119.791667	-0.029294	730000.000000
119.895833	-0.028128	730200.000000
120.000000	-0.026463	730400.000000
120.104167	-0.024992	730600.000000
120.208333	-0.023651	730800.000000
120.312500	-0.022277	731000.000000
120.416667	-0.021241	731200.000000
120.520833	-0.020882	731400.000000
120.625000	-0.021487	731600.000000
120.729167	-0.022844	731800.000000
120.833333	-0.024266	732000.000000
120.937500	-0.025379	732200.000000
121.041667	-0.025586	732400.000000
121.145833	-0.025525	732600.000000
121.250000	-0.025084	732800.000000
121.354167	-0.024388	733000.000000
121.458333	-0.023886	733200.000000
121.562500	-0.023677	733400.000000
121.666667	-0.023642	733600.000000
121.770833	-0.023653	733800.000000
121.875000	-0.023828	734000.000000
121.979167	-0.023851	734200.000000
122.083333	-0.023556	734400.000000
122.187500	-0.023148	734600.000000
122.291667	-0.022608	734800.000000
122.395833	-0.022643	735000.000000
122.500000	-0.022958	735200.000000
122.604167	-0.023328	735400.000000
122.708333	-0.023656	735600.000000
122.812500	-0.023729	735800.000000
122.916667	-0.023490	736000.000000
123.020833	-0.023101	736200.000000
123.125000	-0.023537	736400.000000
123.229167	-0.024012	736600.000000
123.333333	-0.024101	736800.000000
123.437500	-0.024362	737000.000000
123.541667	-0.024080	737200.000000
123.645833	-0.023282	737400.000000
123.750000	-0.022154	737600.000000
123.854167	-0.020813	737800.000000
123.958333	-0.019938	738000.000000
124.062500	-0.019846	738200.000000
124.166667	-0.020270	738400.000000
124.270833	-0.020979	738600.000000
124.375000	-0.021820	738800.000000
124.479167	-0.022277	739000.000000
124.583333	-0.022345	739200.000000
124.687500	-0.022255	739400.000000
124.791667	-0.022271	739600.000000
124.895833	-0.023167	739800.000000
125.000000	-0.024669	740000.000000
125.104167	-0.025811	740200.000000
125.208333	-0.025743	740400.000000
125.312500	-0.024591	740600.000000
125.416667	-0.022683	740800.000000
125.520833	-0.020867	741000.000000
125.625000	-0.020046	741200.000000
125.729167	-0.020486	741400.000000
125.833333	-0.021517	741600.000000
125.937500	-0.023260	741800.000000
126.041667	-0.024874	742000.000000
126.145833	-0.025890	742200.000000
126.250000	-0.025918	742400.000000
126.354167	-0.025486	742600.000000
126.458333	-0.024617	742800.000000
126.562500	-0.024381	743000.000000
126.666667	-0.024680	743200.000000
126.770833	-0.025303	743400.000000
126.875000	-0.026127	743600.000000
126.979167	-0.026430	743800.000000
127.083333	-0.025906	744000.000000
127.187500	-0.024747	744200.000000
127.291667	-0.023319	744400.000000
127.395833	-0.022055	744600.000000
127.500000	-0.021928	744800.000000
127.604167	-0.022413	745000.000000
127.708333	-0.023092	745200.000000
127.812500	-0.024158	745400.000000
127.916667	-0.024736	745600.000000
128.020833	-0.024147	745800.000000
128.125000	-0.023198	746000.000000
128.229167	-0.022233	746200.000000
128.333333	-0.021726	746400.000000
128.437500	-0.022317	746600.000000
128.541667	-0.023652	746800.000000
128.645833	-0.025004	747000.000000
128.750000	-0.025441	747200.000000
128.854167	-0.024800	747400.000000
128.958333	-0.023311	747600.000000
129.062500	-0.021917	747800.000000
129.166667	-0.020712	748000.000000
129.270833	-0.020114	748200.000000
129.375000	-0.019769	748400.000000
129.479167	-0.020013	748600.000000
129.583333	-0.020978	748800.000000
129.687500	-0.021592	749000.000000
129.791667	-0.022561	749200.000000
129.895833	-0.023679	749400.000000
130.000000	-0.024396	749600.000000
130.104167	-0.025172	749800.000000
130.208333	-0.026073	750000.000000
