0.000000	-0.022499	500000.000000
0.104167	-0.022840	500200.000000
0.208333	-0.022736	500400.000000
0.312500	-0.022510	500600.000000
0.416667	-0.022973	500800.000000
0.520833	-0.022784	501000.000000
0.625000	-0.022564	501200.000000
0.729167	-0.022915	501400.000000
0.833333	-0.023032	501600.000000
0.937500	-0.022847	501800.000000
1.041667	-0.022679	502000.000000
1.145833	-0.022895	502200.000000
1.250000	-0.022707	502400.000000
1.354167	-0.022659	502600.000000
1.458333	-0.022802	502800.000000
1.562500	-0.022959	503000.000000
1.666667	-0.022840	503200.000000
1.770833	-0.022723	503400.000000
1.875000	-0.022548	503600.000000
1.979167	-0.022768	503800.000000
2.083333	-0.022678	504000.000000
2.187500	-0.022721	504200.000000
2.291667	-0.022600	504400.000000
2.395833	-0.022730	504600.000000
2.500000	-0.022775	504800.000000
2.604167	-0.022588	505000.000000
2.708333	-0.022712	505200.000000
2.812500	-0.022758	505400.000000
2.916667	-0.022620	505600.000000
3.020833	-0.022508	505800.000000
3.125000	-0.022607	506000.000000
3.229167	-0.022474	506200.000000
3.333333	-0.022738	506400.000000
3.437500	-0.022680	506600.000000
3.541667	-0.022589	506800.000000
3.645833	-0.022566	507000.000000
3.750000	-0.022789	507200.000000
3.854167	-0.022612	507400.000000
3.958333	-0.022547	507600.000000
4.062500	-0.022312	507800.000000
4.166667	-0.022593	508000.000000
4.270833	-0.022712	508200.000000
4.375000	-0.022858	508400.000000
4.479167	-0.022780	508600.000000
4.583333	-0.022937	508800.000000
4.687500	-0.022775	509000.000000
4.791667	-0.022705	509200.000000
4.895833	-0.022807	509400.000000
5.000000	-0.022828	509600.000000
5.104167	-0.022914	509800.000000
5.208333	-0.022805	510000.000000
5.312500	-0.022776	510200.000000
5.416667	-0.022798	510400.000000
5.520833	-0.022851	510600.000000
5.625000	-0.022987	510800.000000
5.729167	-0.022988	511000.000000
5.833333	-0.022851	511200.000000
5.937500	-0.022988	511400.000000
6.041667	-0.022915	511600.000000
6.145833	-0.022730	511800.000000
6.250000	-0.022783	512000.000000
6.354167	-0.022678	512200.000000
6.458333	-0.022746	512400.000000
6.562500	-0.022805	512600.000000
6.666667	-0.022988	512800.000000
6.770833	-0.022877	513000.000000
6.875000	-0.022814	513200.000000
6.979167	-0.022971	513400.000000
7.083333	-0.022930	513600.000000
7.187500	-0.022684	513800.000000
7.291667	-0.022981	514000.000000
7.395833	-0.022692	514200.000000
7.500000	-0.022689	514400.000000
7.604167	-0.022896	514600.000000
7.708333	-0.022780	514800.000000
7.812500	-0.022769	515000.000000
7.916667	-0.022905	515200.000000
8.020833	-0.022788	515400.000000
8.125000	-0.022823	515600.000000
8.229167	-0.022912	515800.000000
8.333333	-0.022752	516000.000000
8.437500	-0.022662	516200.000000
8.541667	-0.022825	516400.000000
8.645833	-0.022765	516600.000000
8.750000	-0.022868	516800.000000
8.854167	-0.022935	517000.000000
8.958333	-0.022896	517200.000000
9.062500	-0.022852	517400.000000
9.166667	-0.023088	517600.000000
9.270833	-0.022987	517800.000000
9.375000	-0.022705	518000.000000
9.479167	-0.022972	518200.000000
9.583333	-0.022837	518400.000000
9.687500	-0.022778	518600.000000
9.791667	-0.022824	518800.000000
9.895833	-0.022818	519000.000000
10.000000	-0.022777	519200.000000
10.104167	-0.022759	519400.000000
10.208333	-0.022713	519600.000000
10.312500	-0.022665	519800.000000
10.416667	-0.022936	520000.000000
10.520833	-0.022855	520200.000000
10.625000	-0.022573	520400.000000
10.729167	-0.022888	520600.000000
10.833333	-0.022917	520800.000000
10.937500	-0.022757	521000.000000
11.041667	-0.022742	521200.000000
11.145833	-0.022625	521400.000000
11.250000	-0.022500	521600.000000
11.354167	-0.022664	521800.000000
11.458333	-0.022889	522000.000000
11.562500	-0.022638	522200.000000
11.666667	-0.022682	522400.000000
11.770833	-0.022567	522600.000000
11.875000	-0.022572	522800.000000
11.979167	-0.022717	523000.000000
12.083333	-0.022793	523200.000000
12.187500	-0.023094	523400.000000
12.291667	-0.022843	523600.000000
12.395833	-0.022892	523800.000000
12.500000	-0.023030	524000.000000
12.604167	-0.023046	524200.000000
12.708333	-0.023026	524400.000000
12.812500	-0.023115	524600.000000
12.916667	-0.023257	524800.000000
13.020833	-0.023161	525000.000000
13.125000	-0.023291	525200.000000
13.229167	-0.023094	525400.000000
13.333333	-0.023116	525600.000000
13.437500	-0.023205	525800.000000
13.541667	-0.023046	526000.000000
13.645833	-0.022940	526200.000000
13.750000	-0.023023	526400.000000
13.854167	-0.023024	526600.000000
13.958333	-0.023148	526800.000000
14.062500	-0.023057	527000.000000
14.166667	-0.023002	527200.000000
14.270833	-0.023088	527400.000000
14.375000	-0.022912	527600.000000
14.479167	-0.023003	527800.000000
14.583333	-0.023062	528000.000000
14.687500	-0.023050	528200.000000
14.791667	-0.022991	528400.000000
14.895833	-0.023023	528600.000000
15.000000	-0.023169	528800.000000
15.104167	-0.023011	529000.000000
15.208333	-0.022904	529200.000000
15.312500	-0.023140	529400.000000
15.416667	-0.023031	529600.000000
15.520833	-0.023054	529800.000000
15.625000	-0.023095	530000.000000
15.729167	-0.023051	530200.000000
15.833333	-0.023252	530400.000000
15.937500	-0.023368	530600.000000
16.041667	-0.023176	530800.000000
16.145833	-0.023257	531000.000000
16.250000	-0.023288	531200.000000
16.354167	-0.023605	531400.000000
16.458333	-0.023521	531600.000000
16.562500	-0.023664	531800.000000
16.666667	-0.023677	532000.000000
16.770833	-0.023818	532200.000000
16.875000	-0.023743	532400.000000
16.979167	-0.023846	532600.000000
17.083333	-0.024129	532800.000000
17.187500	-0.024103	533000.000000
17.291667	-0.024290	533200.000000
17.395833	-0.024405	533400.000000
17.500000	-0.024339	533600.000000
17.604167	-0.024413	533800.000000
17.708333	-0.024845	534000.000000
17.812500	-0.024802	534200.000000
17.916667	-0.024958	534400.000000
18.020833	-0.025307	534600.000000
18.125000	-0.025352	534800.000000
18.229167	-0.025755	535000.000000
18.333333	-0.026023	535200.000000
18.437500	-0.026419	535400.000000
18.541667	-0.026725	535600.000000
18.645833	-0.027029	535800.000000
18.750000	-0.027621	536000.000000
18.854167	-0.028000	536200.000000
18.958333	-0.028569	536400.000000
19.062500	-0.029042	536600.000000
19.166667	-0.029898	536800.000000
19.270833	-0.030865	537000.000000
19.375000	-0.031628	537200.000000
19.479167	-0.032683	537400.000000
19.583333	-0.033837	537600.000000
19.687500	-0.035063	537800.000000
19.791667	-0.036606	538000.000000
19.895833	-0.038324	538200.000000
20.000000	-0.040156	538400.000000
20.104167	-0.042233	538600.000000
20.208333	-0.044674	538800.000000
20.312500	-0.046888	539000.000000
20.416667	-0.049726	539200.000000
20.520833	-0.052841	539400.000000
20.625000	-0.056120	539600.000000
20.729167	-0.059692	539800.000000
20.833333	-0.063638	540000.000000
20.937500	-0.067618	540200.000000
21.041667	-0.071773	540400.000000
21.145833	-0.076044	540600.000000
21.250000	-0.080282	540800.000000
21.354167	-0.083948	541000.000000
21.458333	-0.086882	541200.000000
21.562500	-0.088692	541400.000000
21.666667	-0.088293	541600.000000
21.770833	-0.084019	541800.000000
21.875000	-0.072530	542000.000000
21.979167	-0.045119	542200.000000
22.083333	0.017320	542400.000000
22.187500	0.141008	542600.000000
22.291667	0.361071	542800.000000
22.395833	0.674629	543000.000000
22.500000	1.012502	543200.000000
22.604167	1.237695	543400.000000
22.708333	1.208054	543600.000000
22.812500	0.875942	543800.000000
22.916667	0.338408	544000.000000
23.020833	-0.196563	544200.000000
23.125000	-0.586440	544400.000000
23.229167	-0.774089	544600.000000
23.333333	-0.793404	544800.000000
23.437500	-0.714768	545000.000000
23.541667	-0.604935	545200.000000
23.645833	-0.502719	545400.000000
23.750000	-0.422504	545600.000000
23.854167	-0.357906	545800.000000
23.958333	-0.303763	546000.000000
24.062500	-0.269589	546200.000000
24.166667	-0.261683	546400.000000
24.270833	-0.273842	546600.000000
24.375000	-0.279915	546800.000000
24.479167	-0.247240	547000.000000
24.583333	-0.170375	547200.000000
24.687500	-0.073728	547400.000000
24.791667	-0.001066	547600.000000
24.895833	0.025146	547800.000000
25.000000	0.015471	548000.000000
25.104167	-0.003093	548200.000000
25.208333	-0.014054	548400.000000
25.312500	-0.012323	548600.000000
25.416667	0.000460	548800.000000
25.520833	0.020884	549000.000000
25.625000	0.044874	549200.000000
25.729167	0.067421	549400.000000
25.833333	0.078783	549600.000000
25.937500	0.066763	549800.000000
26.041667	0.031296	550000.000000
26.145833	-0.008529	550200.000000
26.250000	-0.026437	550400.000000
26.354167	-0.008860	550600.000000
26.458333	0.032171	550800.000000
26.562500	0.067137	551000.000000
26.666667	0.071974	551200.000000
26.770833	0.048688	551400.000000
26.875000	0.022720	551600.000000
26.979167	0.015961	551800.000000
27.083333	0.029084	552000.000000
27.187500	0.046138	552200.000000
27.291667	0.052089	552400.000000
27.395833	0.042065	552600.000000
27.500000	0.020738	552800.000000
27.604167	-0.003166	553000.000000
27.708333	-0.023923	553200.000000
27.812500	-0.038533	553400.000000
27.916667	-0.048927	553600.000000
28.020833	-0.053059	553800.000000
28.125000	-0.046146	554000.000000
28.229167	-0.029138	554200.000000
28.333333	-0.012032	554400.000000
28.437500	0.000943	554600.000000
28.541667	0.009537	554800.000000
28.645833	0.012638	555000.000000
28.750000	0.007563	555200.000000
28.854167	-0.005147	555400.000000
28.958333	-0.020391	555600.000000
29.062500	-0.030886	555800.000000
29.166667	-0.031138	556000.000000
29.270833	-0.022623	556200.000000
29.375000	-0.014074	556400.000000
29.479167	-0.013643	556600.000000
29.583333	-0.022026	556800.000000
29.687500	-0.032541	557000.000000
29.791667	-0.040119	557200.000000
29.895833	-0.040196	557400.000000
30.000000	-0.030254	557600.000000
30.104167	-0.013166	557800.000000
30.208333	0.000587	558000.000000
30.312500	0.006041	558200.000000
30.416667	0.004235	558400.000000
30.520833	-0.001093	558600.000000
30.625000	-0.005209	558800.000000
30.729167	-0.007150	559000.000000
30.833333	-0.009861	559200.000000
30.937500	-0.015572	559400.000000
31.041667	-0.021085	559600.000000
31.145833	-0.020896	559800.000000
31.250000	-0.016598	560000.000000
31.354167	-0.015662	560200.000000
31.458333	-0.024744	560400.000000
31.562500	-0.043153	560600.000000
31.666667	-0.066794	560800.000000
31.770833	-0.085286	561000.000000
31.875000	-0.088168	561200.000000
31.979167	-0.070897	561400.000000
32.083333	-0.040565	561600.000000
32.187500	-0.011038	561800.000000
32.291667	0.004321	562000.000000
32.395833	0.003738	562200.000000
32.500000	-0.006207	562400.000000
32.604167	-0.018182	562600.000000
32.708333	-0.028220	562800.000000
32.812500	-0.033050	563000.000000
32.916667	-0.030980	563200.000000
33.020833	-0.025286	563400.000000
33.125000	-0.022015	563600.000000
33.229167	-0.022320	563800.000000
33.333333	-0.023846	564000.000000
33.437500	-0.026560	564200.000000
33.541667	-0.028427	564400.000000
33.645833	-0.026301	564600.000000
33.750000	-0.020096	564800.000000
33.854167	-0.011338	565000.000000
33.958333	-0.000399	565200.000000
34.062500	0.011460	565400.000000
34.166667	0.020224	565600.000000
34.270833	0.021319	565800.000000
34.375000	0.009914	566000.000000
34.479167	-0.013223	566200.000000
34.583333	-0.039614	566400.000000
34.687500	-0.055641	566600.000000
34.791667	-0.051974	566800.000000
34.895833	-0.029507	567000.000000
35.000000	-0.002327	567200.000000
35.104167	0.011465	567400.000000
35.208333	0.002216	567600.000000
35.312500	-0.022017	567800.000000
35.416667	-0.043144	568000.000000
35.520833	-0.047028	568200.000000
35.625000	-0.032064	568400.000000
35.729167	-0.009148	568600.000000
35.833333	0.007466	568800.000000
35.937500	0.011942	569000.000000
36.041667	0.006944	569200.000000
36.145833	-0.001929	569400.000000
36.250000	-0.013440	569600.000000
36.354167	-0.025474	569800.000000
36.458333	-0.034400	570000.000000
36.562500	-0.032824	570200.000000
36.666667	-0.020617	570400.000000
36.770833	-0.007777	570600.000000
36.875000	-0.007613	570800.000000
36.979167	-0.024962	571000.000000
37.083333	-0.049423	571200.000000
37.187500	-0.064264	571400.000000
37.291667	-0.059633	571600.000000
37.395833	-0.038453	571800.000000
37.500000	-0.014260	572000.000000
37.604167	0.004396	572200.000000
37.708333	0.015117	572400.000000
37.812500	0.017010	572600.000000
37.916667	0.005851	572800.000000
38.020833	-0.020136	573000.000000
38.125000	-0.050065	573200.000000
38.229167	-0.069792	573400.000000
38.333333	-0.069072	573600.000000
38.437500	-0.049554	573800.000000
38.541667	-0.029495	574000.000000
38.645833	-0.024848	574200.000000
38.750000	-0.040083	574400.000000
38.854167	-0.061994	574600.000000
38.958333	-0.069710	574800.000000
39.062500	-0.053339	575000.000000
39.166667	-0.020108	575200.000000
39.270833	0.010903	575400.000000
39.375000	0.028897	575600.000000
39.479167	0.028908	575800.000000
39.583333	0.011586	576000.000000
39.687500	-0.016567	576200.000000
39.791667	-0.041951	576400.000000
39.895833	-0.054648	576600.000000
40.000000	-0.052092	576800.000000
40.104167	-0.038680	577000.000000
40.208333	-0.022316	577200.000000
40.312500	-0.010401	577400.000000
40.416667	-0.008625	577600.000000
40.520833	-0.019822	577800.000000
40.625000	-0.038747	578000.000000
40.729167	-0.055565	578200.000000
40.833333	-0.059117	578400.000000
40.937500	-0.047502	578600.000000
41.041667	-0.027145	578800.000000
41.145833	-0.009564	579000.000000
41.250000	-0.001114	579200.000000
41.354167	-0.003307	579400.000000
41.458333	-0.011890	579600.000000
41.562500	-0.022115	579800.000000
41.666667	-0.030789	580000.000000
41.770833	-0.034567	580200.000000
41.875000	-0.030790	580400.000000
41.979167	-0.021374	580600.000000
42.083333	-0.013874	580800.000000
42.187500	-0.016748	581000.000000
42.291667	-0.032206	581200.000000
42.395833	-0.052466	581400.000000
42.500000	-0.064551	581600.000000
42.604167	-0.059106	581800.000000
42.708333	-0.040694	582000.000000
42.812500	-0.019259	582200.000000
42.916667	-0.005175	582400.000000
43.020833	-0.001490	582600.000000
43.125000	-0.003694	582800.000000
43.229167	-0.008526	583000.000000
43.333333	-0.013330	583200.000000
43.437500	-0.017258	583400.000000
43.541667	-0.019433	583600.000000
43.645833	-0.023085	583800.000000
43.750000	-0.030689	584000.000000
43.854167	-0.040510	584200.000000
43.958333	-0.048519	584400.000000
44.062500	-0.049807	584600.000000
44.166667	-0.043094	584800.000000
44.270833	-0.031280	585000.000000
44.375000	-0.020846	585200.000000
44.479167	-0.015257	585400.000000
44.583333	-0.013069	585600.000000
44.687500	-0.011535	585800.000000
44.791667	-0.010011	586000.000000
44.895833	-0.009050	586200.000000
45.000000	-0.011876	586400.000000
45.104167	-0.018403	586600.000000
45.208333	-0.024530	586800.000000
45.312500	-0.026568	587000.000000
45.416667	-0.023328	587200.000000
45.520833	-0.019698	587400.000000
45.625000	-0.019523	587600.000000
45.729167	-0.023827	587800.000000
45.833333	-0.030188	588000.000000
45.937500	-0.034339	588200.000000
46.041667	-0.033210	588400.000000
46.145833	-0.026936	588600.000000
46.250000	-0.019680	588800.000000
46.354167	-0.016794	589000.000000
46.458333	-0.018389	589200.000000
46.562500	-0.021541	589400.000000
46.666667	-0.022235	589600.000000
46.770833	-0.018759	589800.000000
46.875000	-0.012601	590000.000000
46.979167	-0.006859	590200.000000
47.083333	-0.004217	590400.000000
47.187500	-0.005916	590600.000000
47.291667	-0.012564	590800.000000
47.395833	-0.023349	591000.000000
47.500000	-0.035425	591200.000000
47.604167	-0.043584	591400.000000
47.708333	-0.042805	591600.000000
47.812500	-0.033828	591800.000000
47.916667	-0.024290	592000.000000
48.020833	-0.022798	592200.000000
48.125000	-0.028291	592400.000000
48.229167	-0.030401	592600.000000
48.333333	-0.022854	592800.000000
48.437500	-0.008286	593000.000000
48.541667	0.002820	593200.000000
48.645833	0.004169	593400.000000
48.750000	-0.003148	593600.000000
48.854167	-0.013579	593800.000000
48.958333	-0.024731	594000.000000
49.062500	-0.034102	594200.000000
49.166667	-0.040693	594400.000000
49.270833	-0.043388	594600.000000
49.375000	-0.041553	594800.000000
49.479167	-0.033840	595000.000000
49.583333	-0.021901	595200.000000
49.687500	-0.012128	595400.000000
49.791667	-0.009949	595600.000000
49.895833	-0.015632	595800.000000
50.000000	-0.023574	596000.000000
50.104167	-0.027532	596200.000000
50.208333	-0.024580	596400.000000
50.312500	-0.016357	596600.000000
50.416667	-0.007022	596800.000000
50.520833	-0.001475	597000.000000
50.625000	-0.002549	597200.000000
50.729167	-0.011482	597400.000000
50.833333	-0.025628	597600.000000
50.937500	-0.038078	597800.000000
51.041667	-0.041372	598000.000000
51.145833	-0.033021	598200.000000
51.250000	-0.019695	598400.000000
51.354167	-0.009498	598600.000000
51.458333	-0.008599	598800.000000
51.562500	-0.016734	599000.000000
51.666667	-0.028943	599200.000000
51.770833	-0.036984	599400.000000
51.875000	-0.036247	599600.000000
51.979167	-0.026856	599800.000000
52.083333	-0.013887	600000.000000
52.187500	-0.002519	600200.000000
52.291667	0.002635	600400.000000
52.395833	0.000332	600600.000000
52.500000	-0.008158	600800.000000
52.604167	-0.020011	601000.000000
52.708333	-0.030073	601200.000000
52.812500	-0.035712	601400.000000
52.916667	-0.037250	601600.000000
53.020833	-0.037570	601800.000000
53.125000	-0.036617	602000.000000
53.229167	-0.033337	602200.000000
53.333333	-0.028550	602400.000000
53.437500	-0.024263	602600.000000
53.541667	-0.021787	602800.000000
53.645833	-0.020045	603000.000000
53.750000	-0.016860	603200.000000
53.854167	-0.011953	603400.000000
53.958333	-0.007482	603600.000000
54.062500	-0.005294	603800.000000
54.166667	-0.008383	604000.000000
54.270833	-0.016371	604200.000000
54.375000	-0.026915	604400.000000
54.479167	-0.034978	604600.000000
54.583333	-0.037685	604800.000000
54.687500	-0.035814	605000.000000
54.791667	-0.031801	605200.000000
54.895833	-0.028471	605400.000000
55.000000	-0.027070	605600.000000
55.104167	-0.026275	605800.000000
55.208333	-0.026464	606000.000000
55.312500	-0.026139	606200.000000
55.416667	-0.023834	606400.000000
55.520833	-0.018848	606600.000000
55.625000	-0.014921	606800.000000
55.729167	-0.016295	607000.000000
55.833333	-0.022985	607200.000000
55.937500	-0.028855	607400.000000
56.041667	-0.028457	607600.000000
56.145833	-0.023671	607800.000000
56.250000	-0.020461	608000.000000
56.354167	-0.023118	608200.000000
56.458333	-0.029083	608400.000000
56.562500	-0.033561	608600.000000
56.666667	-0.034443	608800.000000
56.770833	-0.032552	609000.000000
56.875000	-0.030107	609200.000000
56.979167	-0.028743	609400.000000
57.083333	-0.028920	609600.000000
57.187500	-0.029222	609800.000000
57.291667	-0.028319	610000.000000
57.395833	-0.024591	610200.000000
57.500000	-0.018810	610400.000000
57.604167	-0.013097	610600.000000
57.708333	-0.009311	610800.000000
57.812500	-0.009128	611000.000000
57.916667	-0.013214	611200.000000
58.020833	-0.021968	611400.000000
58.125000	-0.032688	611600.000000
58.229167	-0.041159	611800.000000
58.333333	-0.043707	612000.000000
58.437500	-0.040002	612200.000000
58.541667	-0.032942	612400.000000
58.645833	-0.026329	612600.000000
58.750000	-0.023748	612800.000000
58.854167	-0.024152	613000.000000
58.958333	-0.024106	613200.000000
59.062500	-0.021463	613400.000000
59.166667	-0.016528	613600.000000
59.270833	-0.013310	613800.000000
59.375000	-0.013563	614000.000000
59.479167	-0.016007	614200.000000
59.583333	-0.017882	614400.000000
59.687500	-0.019227	614600.000000
59.791667	-0.021820	614800.000000
59.895833	-0.028082	615000.000000
60.000000	-0.036383	615200.000000
60.104167	-0.040677	615400.000000
60.208333	-0.037468	615600.000000
60.312500	-0.028307	615800.000000
60.416667	-0.017712	616000.000000
60.520833	-0.011846	616200.000000
60.625000	-0.013376	616400.000000
60.729167	-0.018951	616600.000000
60.833333	-0.023101	616800.000000
60.937500	-0.024651	617000.000000
61.041667	-0.023180	617200.000000
61.145833	-0.020144	617400.000000
61.250000	-0.017405	617600.000000
61.354167	-0.015417	617800.000000
61.458333	-0.014006	618000.000000
61.562500	-0.012978	618200.000000
61.666667	-0.013955	618400.000000
61.770833	-0.017059	618600.000000
61.875000	-0.020663	618800.000000
61.979167	-0.024980	619000.000000
62.083333	-0.028606	619200.000000
62.187500	-0.030316	619400.000000
62.291667	-0.029118	619600.000000
62.395833	-0.025290	619800.000000
62.500000	-0.020406	620000.000000
62.604167	-0.016471	620200.000000
62.708333	-0.014546	620400.000000
62.812500	-0.013985	620600.000000
62.916667	-0.014982	620800.000000
63.020833	-0.016679	621000.000000
63.125000	-0.018874	621200.000000
63.229167	-0.018514	621400.000000
63.333333	-0.015009	621600.000000
63.437500	-0.012518	621800.000000
63.541667	-0.015621	622000.000000
63.645833	-0.024686	622200.000000
63.750000	-0.034409	622400.000000
63.854167	-0.038009	622600.000000
63.958333	-0.033311	622800.000000
64.062500	-0.023033	623000.000000
64.166667	-0.012674	623200.000000
64.270833	-0.006235	623400.000000
64.375000	-0.004470	623600.000000
64.479167	-0.005715	623800.000000
64.583333	-0.009021	624000.000000
64.687500	-0.014400	624200.000000
64.791667	-0.020692	624400.000000
64.895833	-0.025527	624600.000000
65.000000	-0.027067	624800.000000
65.104167	-0.026601	625000.000000
65.208333	-0.026034	625200.000000
65.312500	-0.028858	625400.000000
65.416667	-0.033918	625600.000000
65.520833	-0.038929	625800.000000
65.625000	-0.041128	626000.000000
65.729167	-0.038978	626200.000000
65.833333	-0.032811	626400.000000
65.937500	-0.025140	626600.000000
66.041667	-0.019240	626800.000000
66.145833	-0.018493	627000.000000
66.250000	-0.023075	627200.000000
66.354167	-0.029772	627400.000000
66.458333	-0.034008	627600.000000
66.562500	-0.031512	627800.000000
66.666667	-0.022782	628000.000000
66.770833	-0.012253	628200.000000
66.875000	-0.005968	628400.000000
66.979167	-0.008226	628600.000000
67.083333	-0.018107	628800.000000
67.187500	-0.030501	629000.000000
67.291667	-0.039707	629200.000000
67.395833	-0.041436	629400.000000
67.500000	-0.035959	629600.000000
67.604167	-0.026746	629800.000000
67.708333	-0.018888	630000.000000
67.812500	-0.016460	630200.000000
67.916667	-0.019567	630400.000000
68.020833	-0.025296	630600.000000
68.125000	-0.029124	630800.000000
68.229167	-0.027374	631000.000000
68.333333	-0.020696	631200.000000
68.437500	-0.012415	631400.000000
68.541667	-0.007128	631600.000000
68.645833	-0.007979	631800.000000
68.750000	-0.015031	632000.000000
68.854167	-0.024854	632200.000000
68.958333	-0.033151	632400.000000
69.062500	-0.037952	632600.000000
69.166667	-0.037344	632800.000000
69.270833	-0.031989	633000.000000
69.375000	-0.024268	633200.000000
69.479167	-0.016406	633400.000000
69.583333	-0.010220	633600.000000
69.687500	-0.007092	633800.000000
69.791667	-0.007253	634000.000000
69.895833	-0.009869	634200.000000
70.000000	-0.012657	634400.000000
70.104167	-0.014020	634600.000000
70.208333	-0.013423	634800.000000
70.312500	-0.012763	635000.000000
70.416667	-0.013511	635200.000000
70.520833	-0.015925	635400.000000
70.625000	-0.020192	635600.000000
70.729167	-0.024750	635800.000000
70.833333	-0.027728	636000.000000
70.937500	-0.028582	636200.000000
71.041667	-0.028493	636400.000000
71.145833	-0.029330	636600.000000
71.250000	-0.031465	636800.000000
71.354167	-0.033667	637000.000000
71.458333	-0.034536	637200.000000
71.562500	-0.034187	637400.000000
71.666667	-0.032603	637600.000000
71.770833	-0.031326	637800.000000
71.875000	-0.031945	638000.000000
71.979167	-0.034345	638200.000000
72.083333	-0.036944	638400.000000
72.187500	-0.037579	638600.000000
72.291667	-0.035275	638800.000000
72.395833	-0.031264	639000.000000
72.500000	-0.027576	639200.000000
72.604167	-0.026400	639400.000000
72.708333	-0.027384	639600.000000
72.812500	-0.030033	639800.000000
72.916667	-0.032629	640000.000000
73.020833	-0.033088	640200.000000
73.125000	-0.029700	640400.000000
73.229167	-0.022629	640600.000000
73.333333	-0.014614	640800.000000
73.437500	-0.008828	641000.000000
73.541667	-0.007176	641200.000000
73.645833	-0.008883	641400.000000
73.750000	-0.011854	641600.000000
73.854167	-0.014163	641800.000000
73.958333	-0.015200	642000.000000
74.062500	-0.015248	642200.000000
74.166667	-0.016064	642400.000000
74.270833	-0.018342	642600.000000
74.375000	-0.022837	642800.000000
74.479167	-0.028131	643000.000000
74.583333	-0.032547	643200.000000
74.687500	-0.033279	643400.000000
74.791667	-0.030107	643600.000000
74.895833	-0.024140	643800.000000
75.000000	-0.018656	644000.000000
75.104167	-0.015636	644200.000000
75.208333	-0.015818	644400.000000
75.312500	-0.018624	644600.000000
75.416667	-0.023125	644800.000000
75.520833	-0.027812	645000.000000
75.625000	-0.030047	645200.000000
75.729167	-0.028398	645400.000000
75.833333	-0.023916	645600.000000
75.937500	-0.019043	645800.000000
76.041667	-0.016564	646000.000000
76.145833	-0.018774	646200.000000
76.250000	-0.023805	646400.000000
76.354167	-0.028223	646600.000000
76.458333	-0.028848	646800.000000
76.562500	-0.024468	647000.000000
76.666667	-0.017113	647200.000000
76.770833	-0.011386	647400.000000
76.875000	-0.010929	647600.000000
76.979167	-0.015904	647800.000000
77.083333	-0.023412	648000.000000
77.187500	-0.028778	648200.000000
77.291667	-0.029887	648400.000000
77.395833	-0.027279	648600.000000
77.500000	-0.023220	648800.000000
77.604167	-0.019705	649000.000000
77.708333	-0.017824	649200.000000
77.812500	-0.018807	649400.000000
77.916667	-0.023465	649600.000000
78.020833	-0.030950	649800.000000
78.125000	-0.037960	650000.000000
78.229167	-0.041148	650200.000000
78.333333	-0.039575	650400.000000
78.437500	-0.034388	650600.000000
78.541667	-0.027831	650800.000000
78.645833	-0.022622	651000.000000
78.750000	-0.020153	651200.000000
78.854167	-0.019064	651400.000000
78.958333	-0.017985	651600.000000
79.062500	-0.018275	651800.000000
79.166667	-0.020497	652000.000000
79.270833	-0.024169	652200.000000
79.375000	-0.026773	652400.000000
79.479167	-0.026919	652600.000000
79.583333	-0.025401	652800.000000
79.687500	-0.025139	653000.000000
79.791667	-0.027558	653200.000000
79.895833	-0.031539	653400.000000
80.000000	-0.034443	653600.000000
80.104167	-0.034054	653800.000000
80.208333	-0.030880	654000.000000
80.312500	-0.026691	654200.000000
80.416667	-0.023532	654400.000000
80.520833	-0.020730	654600.000000
80.625000	-0.018858	654800.000000
80.729167	-0.018568	655000.000000
80.833333	-0.019911	655200.000000
80.937500	-0.022518	655400.000000
81.041667	-0.024660	655600.000000
81.145833	-0.024839	655800.000000
81.250000	-0.023273	656000.000000
81.354167	-0.021886	656200.000000
81.458333	-0.020700	656400.000000
81.562500	-0.020070	656600.000000
81.666667	-0.020360	656800.000000
81.770833	-0.021506	657000.000000
81.875000	-0.023415	657200.000000
81.979167	-0.024585	657400.000000
82.083333	-0.024225	657600.000000
82.187500	-0.021964	657800.000000
82.291667	-0.018906	658000.000000
82.395833	-0.016169	658200.000000
82.500000	-0.015607	658400.000000
82.604167	-0.016278	658600.000000
82.708333	-0.017453	658800.000000
82.812500	-0.017083	659000.000000
82.916667	-0.015582	659200.000000
83.020833	-0.013607	659400.000000
83.125000	-0.012625	659600.000000
83.229167	-0.014322	659800.000000
83.333333	-0.018558	660000.000000
83.437500	-0.023699	660200.000000
83.541667	-0.027542	660400.000000
83.645833	-0.028931	660600.000000
83.750000	-0.027269	660800.000000
83.854167	-0.023037	661000.000000
83.958333	-0.017425	661200.000000
84.062500	-0.012845	661400.000000
84.166667	-0.011369	661600.000000
84.270833	-0.014226	661800.000000
84.375000	-0.018037	662000.000000
84.479167	-0.020785	662200.000000
84.583333	-0.021034	662400.000000
84.687500	-0.019615	662600.000000
84.791667	-0.018171	662800.000000
84.895833	-0.018424	663000.000000
85.000000	-0.021266	663200.000000
85.104167	-0.025658	663400.000000
85.208333	-0.029576	663600.000000
85.312500	-0.031259	663800.000000
85.416667	-0.030422	664000.000000
85.520833	-0.027680	664200.000000
85.625000	-0.023705	664400.000000
85.729167	-0.019382	664600.000000
85.833333	-0.016002	664800.000000
85.937500	-0.015625	665000.000000
86.041667	-0.018119	665200.000000
86.145833	-0.022892	665400.000000
86.250000	-0.027097	665600.000000
86.354167	-0.028339	665800.000000
86.458333	-0.026429	666000.000000
86.562500	-0.023330	666200.000000
86.666667	-0.021099	666400.000000
86.770833	-0.021270	666600.000000
86.875000	-0.023321	666800.000000
86.979167	-0.025898	667000.000000
87.083333	-0.027885	667200.000000
87.187500	-0.028956	667400.000000
87.291667	-0.028673	667600.000000
87.395833	-0.028071	667800.000000
87.500000	-0.026810	668000.000000
87.604167	-0.025600	668200.000000
87.708333	-0.024177	668400.000000
87.812500	-0.022373	668600.000000
87.916667	-0.020814	668800.000000
88.020833	-0.019652	669000.000000
88.125000	-0.019662	669200.000000
88.229167	-0.019779	669400.000000
88.333333	-0.019961	669600.000000
88.437500	-0.021330	669800.000000
88.541667	-0.023962	670000.000000
88.645833	-0.026451	670200.000000
88.750000	-0.028384	670400.000000
88.854167	-0.029211	670600.000000
88.958333	-0.029138	670800.000000
89.062500	-0.028793	671000.000000
89.166667	-0.028665	671200.000000
89.270833	-0.027724	671400.000000
89.375000	-0.025685	671600.000000
89.479167	-0.022221	671800.000000
89.583333	-0.018807	672000.000000
89.687500	-0.016909	672200.000000
89.791667	-0.017058	672400.000000
89.895833	-0.018670	672600.000000
90.000000	-0.020557	672800.000000
90.104167	-0.022604	673000.000000
90.208333	-0.024457	673200.000000
90.312500	-0.026410	673400.000000
90.416667	-0.028298	673600.000000
90.520833	-0.029144	673800.000000
90.625000	-0.028920	674000.000000
90.729167	-0.027746	674200.000000
90.833333	-0.025741	674400.000000
90.937500	-0.024402	674600.000000
91.041667	-0.023877	674800.000000
91.145833	-0.023525	675000.000000
91.250000	-0.023493	675200.000000
91.354167	-0.023410	675400.000000
91.458333	-0.023856	675600.000000
91.562500	-0.024443	675800.000000
91.666667	-0.024696	676000.000000
91.770833	-0.024650	676200.000000
91.875000	-0.024316	676400.000000
91.979167	-0.024202	676600.000000
92.083333	-0.024270	676800.000000
92.187500	-0.024102	677000.000000
92.291667	-0.023764	677200.000000
92.395833	-0.023586	677400.000000
92.500000	-0.024393	677600.000000
92.604167	-0.025837	677800.000000
92.708333	-0.026625	678000.000000
92.812500	-0.025538	678200.000000
92.916667	-0.023281	678400.000000
93.020833	-0.020390	678600.000000
93.125000	-0.018141	678800.000000
93.229167	-0.017401	679000.000000
93.333333	-0.018389	679200.000000
93.437500	-0.019496	679400.000000
93.541667	-0.019904	679600.000000
93.645833	-0.020436	679800.000000
93.750000	-0.020856	680000.000000
93.854167	-0.021875	680200.000000
93.958333	-0.023002	680400.000000
94.062500	-0.024168	680600.000000
94.166667	-0.025539	680800.000000
94.270833	-0.028380	681000.000000
94.375000	-0.030772	681200.000000
94.479167	-0.031808	681400.000000
94.583333	-0.030018	681600.000000
94.687500	-0.025900	681800.000000
94.791667	-0.021093	682000.000000
94.895833	-0.017307	682200.000000
95.000000	-0.015758	682400.000000
95.104167	-0.016693	682600.000000
95.208333	-0.018600	682800.000000
95.312500	-0.021054	683000.000000
95.416667	-0.023984	683200.000000
95.520833	-0.026638	683400.000000
95.625000	-0.027746	683600.000000
95.729167	-0.027212	683800.000000
95.833333	-0.025661	684000.000000
95.937500	-0.024390	684200.000000
96.041667	-0.024371	684400.000000
96.145833	-0.025626	684600.000000
96.250000	-0.027131	684800.000000
96.354167	-0.027302	685000.000000
96.458333	-0.025830	685200.000000
96.562500	-0.022988	685400.000000
96.666667	-0.020518	685600.000000
96.770833	-0.019234	685800.000000
96.875000	-0.019395	686000.000000
96.979167	-0.020146	686200.000000
97.083333	-0.020828	686400.000000
97.187500	-0.020813	686600.000000
97.291667	-0.020150	686800.000000
97.395833	-0.019302	687000.000000
97.500000	-0.019403	687200.000000
97.604167	-0.019528	687400.000000
97.708333	-0.019797	687600.000000
97.812500	-0.021568	687800.000000
97.916667	-0.024071	688000.000000
98.020833	-0.026824	688200.000000
98.125000	-0.028644	688400.000000
98.229167	-0.028491	688600.000000
98.333333	-0.026514	688800.000000
98.437500	-0.023996	689000.000000
98.541667	-0.022472	689200.000000
98.645833	-0.022257	689400.000000
98.750000	-0.022631	689600.000000
98.854167	-0.023003	689800.000000
98.958333	-0.022691	690000.000000
99.062500	-0.022177	690200.000000
99.166667	-0.021995	690400.000000
99.270833	-0.022384	690600.000000
99.375000	-0.024111	690800.000000
99.479167	-0.026590	691000.000000
99.583333	-0.029006	691200.000000
99.687500	-0.030745	691400.000000
99.791667	-0.030440	691600.000000
99.895833	-0.028495	691800.000000
100.000000	-0.024681	692000.000000
100.104167	-0.021157	692200.000000
100.208333	-0.018814	692400.000000
100.312500	-0.018428	692600.000000
100.416667	-0.020122	692800.000000
100.520833	-0.022596	693000.000000
100.625000	-0.023894	693200.000000
100.729167	-0.023876	693400.000000
100.833333	-0.022520	693600.000000
100.937500	-0.020775	693800.000000
101.041667	-0.019999	694000.000000
101.145833	-0.020688	694200.000000
101.250000	-0.021905	694400.000000
101.354167	-0.023515	694600.000000
101.458333	-0.024251	694800.000000
101.562500	-0.023457	695000.000000
101.666667	-0.022324	695200.000000
101.770833	-0.021492	695400.000000
101.875000	-0.020913	695600.000000
101.979167	-0.021167	695800.000000
102.083333	-0.021817	696000.000000
102.187500	-0.022383	696200.000000
102.291667	-0.023468	696400.000000
102.395833	-0.024570	696600.000000
102.500000	-0.025098	696800.000000
102.604167	-0.024447	697000.000000
102.708333	-0.023397	697200.000000
102.812500	-0.022580	697400.000000
102.916667	-0.022761	697600.000000
103.020833	-0.024191	697800.000000
103.125000	-0.026458	698000.000000
103.229167	-0.028150	698200.000000
103.333333	-0.029174	698400.000000
103.437500	-0.029353	698600.000000
103.541667	-0.029415	698800.000000
103.645833	-0.028980	699000.000000
103.750000	-0.027479	699200.000000
103.854167	-0.024763	699400.000000
103.958333	-0.022279	699600.000000
104.062500	-0.020622	699800.000000
104.166667	-0.020366	700000.000000
104.270833	-0.020860	700200.000000
104.375000	-0.021966	700400.000000
104.479167	-0.022687	700600.000000
104.583333	-0.023260	700800.000000
104.687500	-0.024104	701000.000000
104.791667	-0.024839	701200.000000
104.895833	-0.025673	701400.000000
105.000000	-0.026057	701600.000000
105.104167	-0.025279	701800.000000
105.208333	-0.024511	702000.000000
105.312500	-0.023801	702200.000000
105.416667	-0.023048	702400.000000
105.520833	-0.021748	702600.000000
105.625000	-0.020050	702800.000000
105.729167	-0.018590	703000.000000
105.833333	-0.018603	703200.000000
105.937500	-0.019642	703400.000000
106.041667	-0.021607	703600.000000
106.145833	-0.023186	703800.000000
106.250000	-0.024232	704000.000000
106.354167	-0.024558	704200.000000
106.458333	-0.024773	704400.000000
106.562500	-0.024846	704600.000000
106.666667	-0.025148	704800.000000
106.770833	-0.025211	705000.000000
106.875000	-0.025581	705200.000000
106.979167	-0.025566	705400.000000
107.083333	-0.024724	705600.000000
107.187500	-0.023160	705800.000000
107.291667	-0.021699	706000.000000
107.395833	-0.020349	706200.000000
107.500000	-0.020034	706400.000000
107.604167	-0.020652	706600.000000
107.708333	-0.022072	706800.000000
107.812500	-0.022784	707000.000000
107.916667	-0.022337	707200.000000
108.020833	-0.020642	707400.000000
108.125000	-0.019055	707600.000000
108.229167	-0.018170	707800.000000
108.333333	-0.018891	708000.000000
108.437500	-0.021188	708200.000000
108.541667	-0.024483	708400.000000
108.645833	-0.027428	708600.000000
108.750000	-0.029427	708800.000000
108.854167	-0.029640	709000.000000
108.958333	-0.027505	709200.000000
109.062500	-0.024465	709400.000000
109.166667	-0.022189	709600.000000
109.270833	-0.021841	709800.000000
109.375000	-0.023138	710000.000000
109.479167	-0.024752	710200.000000
109.583333	-0.026098	710400.000000
109.687500	-0.026189	710600.000000
109.791667	-0.025186	710800.000000
109.895833	-0.023962	711000.000000
110.000000	-0.023398	711200.000000
110.104167	-0.024448	711400.000000
110.208333	-0.026269	711600.000000
110.312500	-0.027521	711800.000000
110.416667	-0.028244	712000.000000
110.520833	-0.027680	712200.000000
110.625000	-0.025512	712400.000000
110.729167	-0.022532	712600.000000
110.833333	-0.020051	712800.000000
110.937500	-0.018399	713000.000000
111.041667	-0.018243	713200.000000
111.145833	-0.019419	713400.000000
111.250000	-0.021006	713600.000000
111.354167	-0.022104	713800.000000
111.458333	-0.022290	714000.000000
111.562500	-0.021714	714200.000000
111.666667	-0.021009	714400.000000
111.770833	-0.021305	714600.000000
111.875000	-0.021557	714800.000000
111.979167	-0.022155	715000.000000
112.083333	-0.022435	715200.000000
112.187500	-0.022212	715400.000000
112.291667	-0.021896	715600.000000
112.395833	-0.021878	715800.000000
112.500000	-0.022461	716000.000000
112.604167	-0.022979	716200.000000
112.708333	-0.023451	716400.000000
112.812500	-0.023297	716600.000000
112.916667	-0.022929	716800.000000
113.020833	-0.022139	717000.000000
113.125000	-0.021227	717200.000000
113.229167	-0.020506	717400.000000
113.333333	-0.019591	717600.000000
113.437500	-0.019201	717800.000000
113.541667	-0.019379	718000.000000
113.645833	-0.020281	718200.000000
113.750000	-0.021145	718400.000000
113.854167	-0.021477	718600.000000
113.958333	-0.021469	718800.000000
114.062500	-0.021576	719000.000000
114.166667	-0.022017	719200.000000
114.270833	-0.023148	719400.000000
114.375000	-0.023351	719600.000000
114.479167	-0.022382	719800.000000
114.583333	-0.020338	720000.000000
114.687500	-0.019006	720200.000000
114.791667	-0.018389	720400.000000
114.895833	-0.019055	720600.000000
115.000000	-0.020489	720800.000000
115.104167	-0.022092	721000.000000
115.208333	-0.023505	721200.000000
115.312500	-0.024943	721400.000000
115.416667	-0.026052	721600.000000
115.520833	-0.027229	721800.000000
115.625000	-0.028243	722000.000000
115.729167	-0.028126	722200.000000
115.833333	-0.027668	722400.000000
115.937500	-0.027149	722600.000000
116.041667	-0.026582	722800.000000
116.145833	-0.025207	723000.000000
116.250000	-0.023090	723200.000000
116.354167	-0.020934	723400.000000
116.458333	-0.019909	723600.000000
116.562500	-0.020130	723800.000000
116.666667	-0.021175	724000.000000
116.770833	-0.022953	724200.000000
116.875000	-0.023810	724400.000000
116.979167	-0.023432	724600.000000
117.083333	-0.021833	724800.000000
117.187500	-0.020180	725000.000000
117.291667	-0.018787	725200.000000
117.395833	-0.018720	725400.000000
117.500000	-0.019912	725600.000000
117.604167	-0.022206	725800.000000
117.708333	-0.024355	726000.000000
117.812500	-0.025742	726200.000000
117.916667	-0.026109	726400.000000
118.020833	-0.025774	726600.000000
118.125000	-0.025221	726800.000000
118.229167	-0.025398	727000.000000
118.333333	-0.026244	727200.000000
118.437500	-0.027622	727400.000000
118.541667	-0.029046	727600.000000
118.645833	-0.029352	727800.000000
118.750000	-0.028090	728000.000000
118.854167	-0.025853	728200.000000
118.958333	-0.024496	728400.000000
119.062500	-0.024150	728600.000000
119.166667	-0.025350	728800.000000
119.270833	-0.027601	729000.000000
119.375000	-0.030103	729200.000000
119.479167	-0.031742	729400.000000
119.583333	-0.031834	729600.000000
119.687500	-0.030559	729800.000000
119.791667	-0.028702	730000.000000
119.895833	-0.026491	730200.000000
120.000000	-0.024328	730400.000000
120.104167	-0.022625	730600.000000
120.208333	-0.021687	730800.000000
120.312500	-0.020864	731000.000000
120.416667	-0.020602	731200.000000
120.520833	-0.021293	731400.000000
120.625000	-0.021993	731600.000000
120.729167	-0.022996	731800.000000
120.833333	-0.023718	732000.000000
120.937500	-0.024810	732200.000000
121.041667	-0.025298	732400.000000
121.145833	-0.025308	732600.000000
121.250000	-0.024706	732800.000000
121.354167	-0.024201	733000.000000
121.458333	-0.023853	733200.000000
121.562500	-0.023842	733400.000000
121.666667	-0.024132	733600.000000
121.770833	-0.024885	733800.000000
121.875000	-0.025052	734000.000000
121.979167	-0.024071	734200.000000
122.083333	-0.022855	734400.000000
122.187500	-0.021794	734600.000000
122.291667	-0.021336	734800.000000
122.395833	-0.021120	735000.000000
122.500000	-0.021599	735200.000000
122.604167	-0.021485	735400.000000
122.708333	-0.021640	735600.000000
122.812500	-0.021586	735800.000000
122.916667	-0.021814	736000.000000
123.020833	-0.022605	736200.000000
123.125000	-0.023404	736400.000000
123.229167	-0.023855	736600.000000
123.333333	-0.024032	736800.000000
123.437500	-0.023773	737000.000000
123.541667	-0.022797	737200.000000
123.645833	-0.021298	737400.000000
123.750000	-0.019836	737600.000000
123.854167	-0.018533	737800.000000
123.958333	-0.018061	738000.000000
124.062500	-0.018455	738200.000000
124.166667	-0.019365	738400.000000
124.270833	-0.020492	738600.000000
124.375000	-0.021489	738800.000000
124.479167	-0.022313	739000.000000
124.583333	-0.022703	739200.000000
124.687500	-0.023436	739400.000000
124.791667	-0.024436	739600.000000
124.895833	-0.025900	739800.000000
125.000000	-0.026996	740000.000000
125.104167	-0.026791	740200.000000
125.208333	-0.025186	740400.000000
125.312500	-0.023075	740600.000000
125.416667	-0.021282	740800.000000
125.520833	-0.020711	741000.000000
125.625000	-0.021810	741200.000000
125.729167	-0.023775	741400.000000
125.833333	-0.026027	741600.000000
125.937500	-0.027089	741800.000000
126.041667	-0.027471	742000.000000
126.145833	-0.026750	742200.000000
126.250000	-0.025812	742400.000000
126.354167	-0.024862	742600.000000
126.458333	-0.024618	742800.000000
126.562500	-0.025075	743000.000000
126.666667	-0.025898	743200.000000
126.770833	-0.026587	743400.000000
126.875000	-0.026023	743600.000000
126.979167	-0.024676	743800.000000
127.083333	-0.022788	744000.000000
127.187500	-0.020901	744200.000000
127.291667	-0.020186	744400.000000
127.395833	-0.020975	744600.000000
127.500000	-0.022656	744800.000000
127.604167	-0.024107	745000.000000
127.708333	-0.024699	745200.000000
127.812500	-0.023997	745400.000000
127.916667	-0.022746	745600.000000
128.020833	-0.021673	745800.000000
128.125000	-0.020740	746000.000000
128.229167	-0.020875	746200.000000
128.333333	-0.021964	746400.000000
128.437500	-0.023133	746600.000000
128.541667	-0.023945	746800.000000
128.645833	-0.023982	747000.000000
128.750000	-0.023037	747200.000000
128.854167	-0.021479	747400.000000
128.958333	-0.020049	747600.000000
129.062500	-0.019407	747800.000000
129.166667	-0.019508	748000.000000
129.270833	-0.020403	748200.000000
129.375000	-0.021541	748400.000000
129.479167	-0.022213	748600.000000
129.583333	-0.022991	748800.000000
129.687500	-0.024065	749000.000000
129.791667	-0.025453	749200.000000
129.895833	-0.027232	749400.000000
130.000000	-0.028542	749600.000000
130.104167	-0.029365	749800.000000
130.208333	-0.029694	750000.000000
