0.000000	-0.021928	500000.000000
0.104167	-0.021988	500200.000000
0.208333	-0.021878	500400.000000
0.312500	-0.021950	500600.000000
0.416667	-0.022048	500800.000000
0.520833	-0.021839	501000.000000
0.625000	-0.021945	501200.000000
0.729167	-0.022270	501400.000000
0.833333	-0.021922	501600.000000
0.937500	-0.021986	501800.000000
1.041667	-0.022019	502000.000000
1.145833	-0.021967	502200.000000
1.250000	-0.022116	502400.000000
1.354167	-0.022173	502600.000000
1.458333	-0.021843	502800.000000
1.562500	-0.021905	503000.000000
1.666667	-0.021992	503200.000000
1.770833	-0.021807	503400.000000
1.875000	-0.021987	503600.000000
1.979167	-0.021826	503800.000000
2.083333	-0.021852	504000.000000
2.187500	-0.021990	504200.000000
2.291667	-0.022061	504400.000000
2.395833	-0.022010	504600.000000
2.500000	-0.021977	504800.000000
2.604167	-0.021857	505000.000000
2.708333	-0.021721	505200.000000
2.812500	-0.021944	505400.000000
2.916667	-0.021880	505600.000000
3.020833	-0.021845	505800.000000
3.125000	-0.021879	506000.000000
3.229167	-0.021594	506200.000000
3.333333	-0.021728	506400.000000
3.437500	-0.021672	506600.000000
3.541667	-0.021633	506800.000000
3.645833	-0.021571	507000.000000
3.750000	-0.021714	507200.000000
3.854167	-0.021816	507400.000000
3.958333	-0.021626	507600.000000
4.062500	-0.021620	507800.000000
4.166667	-0.021591	508000.000000
4.270833	-0.021704	508200.000000
4.375000	-0.021685	508400.000000
4.479167	-0.021706	508600.000000
4.583333	-0.021924	508800.000000
4.687500	-0.021791	509000.000000
4.791667	-0.021994	509200.000000
4.895833	-0.021786	509400.000000
5.000000	-0.021723	509600.000000
5.104167	-0.021731	509800.000000
5.208333	-0.021801	510000.000000
5.312500	-0.021822	510200.000000
5.416667	-0.021838	510400.000000
5.520833	-0.021788	510600.000000
5.625000	-0.021594	510800.000000
5.729167	-0.021855	511000.000000
5.833333	-0.021908	511200.000000
5.937500	-0.021833	511400.000000
6.041667	-0.022120	511600.000000
6.145833	-0.022043	511800.000000
6.250000	-0.021912	512000.000000
6.354167	-0.022028	512200.000000
6.458333	-0.022048	512400.000000
6.562500	-0.021914	512600.000000
6.666667	-0.022008	512800.000000
6.770833	-0.022231	513000.000000
6.875000	-0.021815	513200.000000
6.979167	-0.021962	513400.000000
7.083333	-0.022101	513600.000000
7.187500	-0.021874	513800.000000
7.291667	-0.022134	514000.000000
7.395833	-0.022000	514200.000000
7.500000	-0.021746	514400.000000
7.604167	-0.021945	514600.000000
7.708333	-0.022032	514800.000000
7.812500	-0.022052	515000.000000
7.916667	-0.022148	515200.000000
8.020833	-0.021879	515400.000000
8.125000	-0.021622	515600.000000
8.229167	-0.021836	515800.000000
8.333333	-0.021672	516000.000000
8.437500	-0.021807	516200.000000
8.541667	-0.021819	516400.000000
8.645833	-0.021977	516600.000000
8.750000	-0.021909	516800.000000
8.854167	-0.021977	517000.000000
8.958333	-0.022009	517200.000000
9.062500	-0.022029	517400.000000
9.166667	-0.021930	517600.000000
9.270833	-0.021771	517800.000000
9.375000	-0.021880	518000.000000
9.479167	-0.022022	518200.000000
9.583333	-0.021868	518400.000000
9.687500	-0.021920	518600.000000
9.791667	-0.021918	518800.000000
9.895833	-0.021749	519000.000000
10.000000	-0.021826	519200.000000
10.104167	-0.021812	519400.000000
10.208333	-0.021521	519600.000000
10.312500	-0.021740	519800.000000
10.416667	-0.021814	520000.000000
10.520833	-0.021751	520200.000000
10.625000	-0.021820	520400.000000
10.729167	-0.022160	520600.000000
10.833333	-0.021788	520800.000000
10.937500	-0.021788	521000.000000
11.041667	-0.021844	521200.000000
11.145833	-0.021831	521400.000000
11.250000	-0.021778	521600.000000
11.354167	-0.021719	521800.000000
11.458333	-0.021480	522000.000000
11.562500	-0.021690	522200.000000
11.666667	-0.021816	522400.000000
11.770833	-0.021913	522600.000000
11.875000	-0.021922	522800.000000
11.979167	-0.021851	523000.000000
12.083333	-0.021814	523200.000000
12.187500	-0.021714	523400.000000
12.291667	-0.021751	523600.000000
12.395833	-0.021858	523800.000000
12.500000	-0.021713	524000.000000
12.604167	-0.021715	524200.000000
12.708333	-0.021677	524400.000000
12.812500	-0.021918	524600.000000
12.916667	-0.021652	524800.000000
13.020833	-0.021847	525000.000000
13.125000	-0.022034	525200.000000
13.229167	-0.021709	525400.000000
13.333333	-0.021622	525600.000000
13.437500	-0.021711	525800.000000
13.541667	-0.021774	526000.000000
13.645833	-0.021979	526200.000000
13.750000	-0.021887	526400.000000
13.854167	-0.021880	526600.000000
13.958333	-0.021853	526800.000000
14.062500	-0.021994	527000.000000
14.166667	-0.021898	527200.000000
14.270833	-0.022125	527400.000000
14.375000	-0.021977	527600.000000
14.479167	-0.021860	527800.000000
14.583333	-0.021982	528000.000000
14.687500	-0.022182	528200.000000
14.791667	-0.022096	528400.000000
14.895833	-0.022145	528600.000000
15.000000	-0.021974	528800.000000
15.104167	-0.022081	529000.000000
15.208333	-0.022275	529200.000000
15.312500	-0.022074	529400.000000
15.416667	-0.022163	529600.000000
15.520833	-0.022381	529800.000000
15.625000	-0.022152	530000.000000
15.729167	-0.022352	530200.000000
15.833333	-0.022254	530400.000000
15.937500	-0.022400	530600.000000
16.041667	-0.022269	530800.000000
16.145833	-0.022203	531000.000000
16.250000	-0.022278	531200.000000
16.354167	-0.022397	531400.000000
16.458333	-0.022469	531600.000000
16.562500	-0.022515	531800.000000
16.666667	-0.022460	532000.000000
16.770833	-0.022543	532200.000000
16.875000	-0.022456	532400.000000
16.979167	-0.022697	532600.000000
17.083333	-0.022907	532800.000000
17.187500	-0.022803	533000.000000
17.291667	-0.022818	533200.000000
17.395833	-0.022970	533400.000000
17.500000	-0.022905	533600.000000
17.604167	-0.023125	533800.000000
17.708333	-0.023164	534000.000000
17.812500	-0.023121	534200.000000
17.916667	-0.023401	534400.000000
18.020833	-0.023464	534600.000000
18.125000	-0.023763	534800.000000
18.229167	-0.024025	535000.000000
18.333333	-0.024351	535200.000000
18.437500	-0.024311	535400.000000
18.541667	-0.024379	535600.000000
18.645833	-0.024760	535800.000000
18.750000	-0.024975	536000.000000
18.854167	-0.025405	536200.000000
18.958333	-0.025825	536400.000000
19.062500	-0.025894	536600.000000
19.166667	-0.026437	536800.000000
19.270833	-0.027160	537000.000000
19.375000	-0.027579	537200.000000
19.479167	-0.028256	537400.000000
19.583333	-0.028842	537600.000000
19.687500	-0.029724	537800.000000
19.791667	-0.030884	538000.000000
19.895833	-0.031631	538200.000000
20.000000	-0.032826	538400.000000
20.104167	-0.034227	538600.000000
20.208333	-0.035719	538800.000000
20.312500	-0.037574	539000.000000
20.416667	-0.039445	539200.000000
20.520833	-0.041629	539400.000000
20.625000	-0.044211	539600.000000
20.729167	-0.047063	539800.000000
20.833333	-0.049880	540000.000000
20.937500	-0.053166	540200.000000
21.041667	-0.056862	540400.000000
21.145833	-0.060680	540600.000000
21.250000	-0.064952	540800.000000
21.354167	-0.068964	541000.000000
21.458333	-0.072719	541200.000000
21.562500	-0.076556	541400.000000
21.666667	-0.079272	541600.000000
21.770833	-0.080812	541800.000000
21.875000	-0.079636	542000.000000
21.979167	-0.072657	542200.000000
22.083333	-0.053416	542400.000000
22.187500	-0.009478	542600.000000
22.291667	0.078335	542800.000000
22.395833	0.222420	543000.000000
22.500000	0.409935	543200.000000
22.604167	0.602316	543400.000000
22.708333	0.724367	543600.000000
22.812500	0.716942	543800.000000
22.916667	0.564695	544000.000000
23.020833	0.309059	544200.000000
23.125000	0.020110	544400.000000
23.229167	-0.215512	544600.000000
23.333333	-0.352688	544800.000000
23.437500	-0.398273	545000.000000
23.541667	-0.383468	545200.000000
23.645833	-0.344249	545400.000000
23.750000	-0.304206	545600.000000
23.854167	-0.268399	545800.000000
23.958333	-0.235268	546000.000000
24.062500	-0.208907	546200.000000
24.166667	-0.196145	546400.000000
24.270833	-0.202361	546600.000000
24.375000	-0.219423	546800.000000
24.479167	-0.228599	547000.000000
24.583333	-0.210839	547200.000000
24.687500	-0.160186	547400.000000
24.791667	-0.093014	547600.000000
24.895833	-0.037976	547800.000000
25.000000	-0.011187	548000.000000
25.104167	-0.015282	548200.000000
25.208333	-0.035552	548400.000000
25.312500	-0.053253	548600.000000
25.416667	-0.056710	548800.000000
25.520833	-0.045392	549000.000000
25.625000	-0.024691	549200.000000
25.729167	-0.001758	549400.000000
25.833333	0.017175	549600.000000
25.937500	0.023706	549800.000000
26.041667	0.013910	550000.000000
26.145833	-0.008628	550200.000000
26.250000	-0.031781	550400.000000
26.354167	-0.040972	550600.000000
26.458333	-0.028313	550800.000000
26.562500	-0.001832	551000.000000
26.666667	0.023471	551200.000000
26.770833	0.033159	551400.000000
26.875000	0.027034	551600.000000
26.979167	0.015933	551800.000000
27.083333	0.011703	552000.000000
27.187500	0.019726	552200.000000
27.291667	0.033320	552400.000000
27.395833	0.040992	552600.000000
27.500000	0.035269	552800.000000
27.604167	0.017345	553000.000000
27.708333	-0.004041	553200.000000
27.812500	-0.021577	553400.000000
27.916667	-0.032571	553600.000000
28.020833	-0.037643	553800.000000
28.125000	-0.038505	554000.000000
28.229167	-0.036356	554200.000000
28.333333	-0.030261	554400.000000
28.437500	-0.019258	554600.000000
28.541667	-0.004750	554800.000000
28.645833	0.008399	555000.000000
28.750000	0.015135	555200.000000
28.854167	0.011295	555400.000000
28.958333	-0.001142	555600.000000
29.062500	-0.016289	555800.000000
29.166667	-0.026631	556000.000000
29.270833	-0.028947	556200.000000
29.375000	-0.024917	556400.000000
29.479167	-0.020077	556600.000000
29.583333	-0.018631	556800.000000
29.687500	-0.022682	557000.000000
29.791667	-0.029809	557200.000000
29.895833	-0.035370	557400.000000
30.000000	-0.036283	557600.000000
30.104167	-0.031063	557800.000000
30.208333	-0.021139	558000.000000
30.312500	-0.010469	558200.000000
30.416667	-0.003058	558400.000000
30.520833	-0.000203	558600.000000
30.625000	-0.000944	558800.000000
30.729167	-0.002801	559000.000000
30.833333	-0.004642	559200.000000
30.937500	-0.006756	559400.000000
31.041667	-0.009193	559600.000000
31.145833	-0.011324	559800.000000
31.250000	-0.012031	560000.000000
31.354167	-0.011673	560200.000000
31.458333	-0.012936	560400.000000
31.562500	-0.020335	560600.000000
31.666667	-0.035096	560800.000000
31.770833	-0.054835	561000.000000
31.875000	-0.071638	561200.000000
31.979167	-0.076562	561400.000000
32.083333	-0.065442	561600.000000
32.187500	-0.042274	561800.000000
32.291667	-0.018320	562000.000000
32.395833	-0.002804	562200.000000
32.500000	0.000701	562400.000000
32.604167	-0.005996	562600.000000
32.708333	-0.017314	562800.000000
32.812500	-0.027017	563000.000000
32.916667	-0.031698	563200.000000
33.020833	-0.032642	563400.000000
33.125000	-0.031573	563600.000000
33.229167	-0.030205	563800.000000
33.333333	-0.029514	564000.000000
33.437500	-0.029384	564200.000000
33.541667	-0.029601	564400.000000
33.645833	-0.029740	564600.000000
33.750000	-0.028407	564800.000000
33.854167	-0.024453	565000.000000
33.958333	-0.017694	565200.000000
34.062500	-0.007232	565400.000000
34.166667	0.004153	565600.000000
34.270833	0.013119	565800.000000
34.375000	0.014908	566000.000000
34.479167	0.006601	566200.000000
34.583333	-0.011269	566400.000000
34.687500	-0.031494	566600.000000
34.791667	-0.043777	566800.000000
34.895833	-0.042007	567000.000000
35.000000	-0.027399	567200.000000
35.104167	-0.008540	567400.000000
35.208333	0.002613	567600.000000
35.312500	-0.001164	567800.000000
35.416667	-0.016024	568000.000000
35.520833	-0.031722	568200.000000
35.625000	-0.037290	568400.000000
35.729167	-0.029719	568600.000000
35.833333	-0.014382	568800.000000
35.937500	0.000375	569000.000000
36.041667	0.007543	569200.000000
36.145833	0.006506	569400.000000
36.250000	-0.000321	569600.000000
36.354167	-0.009399	569800.000000
36.458333	-0.017618	570000.000000
36.562500	-0.022209	570200.000000
36.666667	-0.021367	570400.000000
36.770833	-0.016586	570600.000000
36.875000	-0.012535	570800.000000
36.979167	-0.015022	571000.000000
37.083333	-0.025812	571200.000000
37.187500	-0.039696	571400.000000
37.291667	-0.049297	571600.000000
37.395833	-0.048036	571800.000000
37.500000	-0.036420	572000.000000
37.604167	-0.018420	572200.000000
37.708333	-0.001188	572400.000000
37.812500	0.010117	572600.000000
37.916667	0.011410	572800.000000
38.020833	0.001921	573000.000000
38.125000	-0.016086	573200.000000
38.229167	-0.034495	573400.000000
38.333333	-0.046721	573600.000000
38.437500	-0.047717	573800.000000
38.541667	-0.040226	574000.000000
38.645833	-0.032047	574200.000000
38.750000	-0.030383	574400.000000
38.854167	-0.039210	574600.000000
38.958333	-0.051418	574800.000000
39.062500	-0.056344	575000.000000
39.166667	-0.047589	575200.000000
39.270833	-0.028200	575400.000000
39.375000	-0.004675	575600.000000
39.479167	0.011839	575800.000000
39.583333	0.014425	576000.000000
39.687500	0.002354	576200.000000
39.791667	-0.016811	576400.000000
39.895833	-0.033874	576600.000000
40.000000	-0.041514	576800.000000
40.104167	-0.039328	577000.000000
40.208333	-0.030531	577200.000000
40.312500	-0.021623	577400.000000
40.416667	-0.016564	577600.000000
40.520833	-0.017435	577800.000000
40.625000	-0.023351	578000.000000
40.729167	-0.032406	578200.000000
40.833333	-0.040707	578400.000000
40.937500	-0.044844	578600.000000
41.041667	-0.041440	578800.000000
41.145833	-0.031321	579000.000000
41.250000	-0.019032	579200.000000
41.354167	-0.010184	579400.000000
41.458333	-0.008022	579600.000000
41.562500	-0.011888	579800.000000
41.666667	-0.018084	580000.000000
41.770833	-0.023002	580200.000000
41.875000	-0.024508	580400.000000
41.979167	-0.022755	580600.000000
42.083333	-0.020417	580800.000000
42.187500	-0.020507	581000.000000
42.291667	-0.025298	581200.000000
42.395833	-0.033711	581400.000000
42.500000	-0.042077	581600.000000
42.604167	-0.046563	581800.000000
42.708333	-0.044401	582000.000000
42.812500	-0.036444	582200.000000
42.916667	-0.025363	582400.000000
43.020833	-0.015997	582600.000000
43.125000	-0.009931	582800.000000
43.229167	-0.008459	583000.000000
43.333333	-0.009815	583200.000000
43.437500	-0.012057	583400.000000
43.541667	-0.013644	583600.000000
43.645833	-0.015652	583800.000000
43.750000	-0.020207	584000.000000
43.854167	-0.028061	584200.000000
43.958333	-0.038161	584400.000000
44.062500	-0.045179	584600.000000
44.166667	-0.045197	584800.000000
44.270833	-0.038375	585000.000000
44.375000	-0.028397	585200.000000
44.479167	-0.020355	585400.000000
44.583333	-0.017266	585600.000000
44.687500	-0.017099	585800.000000
44.791667	-0.017040	586000.000000
44.895833	-0.015457	586200.000000
45.000000	-0.013808	586400.000000
45.104167	-0.013996	586600.000000
45.208333	-0.016657	586800.000000
45.312500	-0.019627	587000.000000
45.416667	-0.020940	587200.000000
45.520833	-0.020422	587400.000000
45.625000	-0.020064	587600.000000
45.729167	-0.021722	587800.000000
45.833333	-0.025908	588000.000000
45.937500	-0.030531	588200.000000
46.041667	-0.032487	588400.000000
46.145833	-0.030362	588600.000000
46.250000	-0.025554	588800.000000
46.354167	-0.021126	589000.000000
46.458333	-0.019592	589200.000000
46.562500	-0.020596	589400.000000
46.666667	-0.022643	589600.000000
46.770833	-0.022612	589800.000000
46.875000	-0.020137	590000.000000
46.979167	-0.016150	590200.000000
47.083333	-0.011708	590400.000000
47.187500	-0.009002	590600.000000
47.291667	-0.009392	590800.000000
47.395833	-0.013996	591000.000000
47.500000	-0.021859	591200.000000
47.604167	-0.030459	591400.000000
47.708333	-0.036303	591600.000000
47.812500	-0.036626	591800.000000
47.916667	-0.032422	592000.000000
48.020833	-0.027825	592200.000000
48.125000	-0.025939	592400.000000
48.229167	-0.025944	592600.000000
48.333333	-0.024619	592800.000000
48.437500	-0.019458	593000.000000
48.541667	-0.011828	593200.000000
48.645833	-0.004992	593400.000000
48.750000	-0.002182	593600.000000
48.854167	-0.005507	593800.000000
48.958333	-0.013395	594000.000000
49.062500	-0.022093	594200.000000
49.166667	-0.029612	594400.000000
49.270833	-0.034367	594600.000000
49.375000	-0.036393	594800.000000
49.479167	-0.035525	595000.000000
49.583333	-0.031016	595200.000000
49.687500	-0.024910	595400.000000
49.791667	-0.019541	595600.000000
49.895833	-0.016770	595800.000000
50.000000	-0.017423	596000.000000
50.104167	-0.020439	596200.000000
50.208333	-0.022385	596400.000000
50.312500	-0.021562	596600.000000
50.416667	-0.017796	596800.000000
50.520833	-0.012331	597000.000000
50.625000	-0.008704	597200.000000
50.729167	-0.009701	597400.000000
50.833333	-0.015371	597600.000000
50.937500	-0.023381	597800.000000
51.041667	-0.029362	598000.000000
51.145833	-0.031045	598200.000000
51.250000	-0.028171	598400.000000
51.354167	-0.023362	598600.000000
51.458333	-0.019697	598800.000000
51.562500	-0.019278	599000.000000
51.666667	-0.021904	599200.000000
51.770833	-0.025673	599400.000000
51.875000	-0.028571	599600.000000
51.979167	-0.028419	599800.000000
52.083333	-0.024449	600000.000000
52.187500	-0.017807	600200.000000
52.291667	-0.010995	600400.000000
52.395833	-0.006610	600600.000000
52.500000	-0.006395	600800.000000
52.604167	-0.009669	601000.000000
52.708333	-0.014829	601200.000000
52.812500	-0.020312	601400.000000
52.916667	-0.025389	601600.000000
53.020833	-0.030597	601800.000000
53.125000	-0.035241	602000.000000
53.229167	-0.037184	602200.000000
53.333333	-0.035708	602400.000000
53.437500	-0.030640	602600.000000
53.541667	-0.023826	602800.000000
53.645833	-0.018074	603000.000000
53.750000	-0.014989	603200.000000
53.854167	-0.013739	603400.000000
53.958333	-0.013331	603600.000000
54.062500	-0.013300	603800.000000
54.166667	-0.013917	604000.000000
54.270833	-0.015197	604200.000000
54.375000	-0.017866	604400.000000
54.479167	-0.021054	604600.000000
54.583333	-0.023921	604800.000000
54.687500	-0.026530	605000.000000
54.791667	-0.029229	605200.000000
54.895833	-0.031550	605400.000000
55.000000	-0.032359	605600.000000
55.104167	-0.030508	605800.000000
55.208333	-0.026839	606000.000000
55.312500	-0.022563	606200.000000
55.416667	-0.019040	606400.000000
55.520833	-0.017073	606600.000000
55.625000	-0.016574	606800.000000
55.729167	-0.018438	607000.000000
55.833333	-0.022563	607200.000000
55.937500	-0.026459	607400.000000
56.041667	-0.027548	607600.000000
56.145833	-0.024723	607800.000000
56.250000	-0.020491	608000.000000
56.354167	-0.017921	608200.000000
56.458333	-0.019624	608400.000000
56.562500	-0.024927	608600.000000
56.666667	-0.031018	608800.000000
56.770833	-0.034157	609000.000000
56.875000	-0.032842	609200.000000
56.979167	-0.029074	609400.000000
57.083333	-0.025685	609600.000000
57.187500	-0.024554	609800.000000
57.291667	-0.025286	610000.000000
57.395833	-0.025815	610200.000000
57.500000	-0.024531	610400.000000
57.604167	-0.021737	610600.000000
57.708333	-0.017608	610800.000000
57.812500	-0.013505	611000.000000
57.916667	-0.011327	611200.000000
58.020833	-0.012822	611400.000000
58.125000	-0.018438	611600.000000
58.229167	-0.026524	611800.000000
58.333333	-0.034863	612000.000000
58.437500	-0.039330	612200.000000
58.541667	-0.038605	612400.000000
58.645833	-0.033228	612600.000000
58.750000	-0.027022	612800.000000
58.854167	-0.022820	613000.000000
58.958333	-0.021691	613200.000000
59.062500	-0.022085	613400.000000
59.166667	-0.021982	613600.000000
59.270833	-0.020333	613800.000000
59.375000	-0.018151	614000.000000
59.479167	-0.016506	614200.000000
59.583333	-0.015830	614400.000000
59.687500	-0.016473	614600.000000
59.791667	-0.018698	614800.000000
59.895833	-0.022532	615000.000000
60.000000	-0.027546	615200.000000
60.104167	-0.032487	615400.000000
60.208333	-0.034792	615600.000000
60.312500	-0.032853	615800.000000
60.416667	-0.027217	616000.000000
60.520833	-0.020594	616200.000000
60.625000	-0.016467	616400.000000
60.729167	-0.016555	616600.000000
60.833333	-0.019060	616800.000000
60.937500	-0.022033	617000.000000
61.041667	-0.023622	617200.000000
61.145833	-0.023224	617400.000000
61.250000	-0.021375	617600.000000
61.354167	-0.019166	617800.000000
61.458333	-0.017206	618000.000000
61.562500	-0.015990	618200.000000
61.666667	-0.015008	618400.000000
61.770833	-0.015698	618600.000000
61.875000	-0.017212	618800.000000
61.979167	-0.020081	619000.000000
62.083333	-0.023684	619200.000000
62.187500	-0.026655	619400.000000
62.291667	-0.028263	619600.000000
62.395833	-0.028013	619800.000000
62.500000	-0.025936	620000.000000
62.604167	-0.022798	620200.000000
62.708333	-0.019444	620400.000000
62.812500	-0.016594	620600.000000
62.916667	-0.015424	620800.000000
63.020833	-0.015614	621000.000000
63.125000	-0.016837	621200.000000
63.229167	-0.017775	621400.000000
63.333333	-0.017763	621600.000000
63.437500	-0.017111	621800.000000
63.541667	-0.016941	622000.000000
63.645833	-0.018793	622200.000000
63.750000	-0.022472	622400.000000
63.854167	-0.026708	622600.000000
63.958333	-0.029696	622800.000000
64.062500	-0.029668	623000.000000
64.166667	-0.026341	623200.000000
64.270833	-0.020856	623400.000000
64.375000	-0.015125	623600.000000
64.479167	-0.011428	623800.000000
64.583333	-0.010122	624000.000000
64.687500	-0.011765	624200.000000
64.791667	-0.015560	624400.000000
64.895833	-0.019704	624600.000000
65.000000	-0.022819	624800.000000
65.104167	-0.024252	625000.000000
65.208333	-0.025146	625200.000000
65.312500	-0.025875	625400.000000
65.416667	-0.026915	625600.000000
65.520833	-0.028854	625800.000000
65.625000	-0.030770	626000.000000
65.729167	-0.032194	626200.000000
65.833333	-0.031594	626400.000000
65.937500	-0.029447	626600.000000
66.041667	-0.026127	626800.000000
66.145833	-0.023473	627000.000000
66.250000	-0.022692	627200.000000
66.354167	-0.024116	627400.000000
66.458333	-0.026912	627600.000000
66.562500	-0.028422	627800.000000
66.666667	-0.026533	628000.000000
66.770833	-0.021905	628200.000000
66.875000	-0.016704	628400.000000
66.979167	-0.014666	628600.000000
67.083333	-0.016260	628800.000000
67.187500	-0.021259	629000.000000
67.291667	-0.026737	629200.000000
67.395833	-0.030640	629400.000000
67.500000	-0.031294	629600.000000
67.604167	-0.029779	629800.000000
67.708333	-0.026968	630000.000000
67.812500	-0.024433	630200.000000
67.916667	-0.022942	630400.000000
68.020833	-0.022842	630600.000000
68.125000	-0.023514	630800.000000
68.229167	-0.023760	631000.000000
68.333333	-0.022074	631200.000000
68.437500	-0.018800	631400.000000
68.541667	-0.014735	631600.000000
68.645833	-0.012429	631800.000000
68.750000	-0.013328	632000.000000
68.854167	-0.017827	632200.000000
68.958333	-0.023670	632400.000000
69.062500	-0.028235	632600.000000
69.166667	-0.030242	632800.000000
69.270833	-0.029698	633000.000000
69.375000	-0.027390	633200.000000
69.479167	-0.024860	633400.000000
69.583333	-0.021572	633600.000000
69.687500	-0.017953	633800.000000
69.791667	-0.014544	634000.000000
69.895833	-0.011613	634200.000000
70.000000	-0.010285	634400.000000
70.104167	-0.011064	634600.000000
70.208333	-0.012564	634800.000000
70.312500	-0.014752	635000.000000
70.416667	-0.016574	635200.000000
70.520833	-0.018374	635400.000000
70.625000	-0.019686	635600.000000
70.729167	-0.020240	635800.000000
70.833333	-0.020319	636000.000000
70.937500	-0.020671	636200.000000
71.041667	-0.021484	636400.000000
71.145833	-0.024135	636600.000000
71.250000	-0.027864	636800.000000
71.354167	-0.030978	637000.000000
71.458333	-0.032151	637200.000000
71.562500	-0.031110	637400.000000
71.666667	-0.028478	637600.000000
71.770833	-0.026511	637800.000000
71.875000	-0.026361	638000.000000
71.979167	-0.028483	638200.000000
72.083333	-0.031297	638400.000000
72.187500	-0.033586	638600.000000
72.291667	-0.033861	638800.000000
72.395833	-0.031945	639000.000000
72.500000	-0.029203	639200.000000
72.604167	-0.026436	639400.000000
72.708333	-0.025427	639600.000000
72.812500	-0.026379	639800.000000
72.916667	-0.028885	640000.000000
73.020833	-0.031876	640200.000000
73.125000	-0.032891	640400.000000
73.229167	-0.030794	640600.000000
73.333333	-0.025782	640800.000000
73.437500	-0.019429	641000.000000
73.541667	-0.013898	641200.000000
73.645833	-0.011381	641400.000000
73.750000	-0.011695	641600.000000
73.854167	-0.013491	641800.000000
73.958333	-0.015276	642000.000000
74.062500	-0.016489	642200.000000
74.166667	-0.016470	642400.000000
74.270833	-0.016996	642600.000000
74.375000	-0.018247	642800.000000
74.479167	-0.020935	643000.000000
74.583333	-0.024449	643200.000000
74.687500	-0.027402	643400.000000
74.791667	-0.028158	643600.000000
74.895833	-0.026411	643800.000000
75.000000	-0.022574	644000.000000
75.104167	-0.018634	644200.000000
75.208333	-0.016748	644400.000000
75.312500	-0.017466	644600.000000
75.416667	-0.020543	644800.000000
75.520833	-0.024500	645000.000000
75.625000	-0.026880	645200.000000
75.729167	-0.026961	645400.000000
75.833333	-0.025084	645600.000000
75.937500	-0.022676	645800.000000
76.041667	-0.021432	646000.000000
76.145833	-0.021887	646200.000000
76.250000	-0.023903	646400.000000
76.354167	-0.026370	646600.000000
76.458333	-0.027542	646800.000000
76.562500	-0.026095	647000.000000
76.666667	-0.022429	647200.000000
76.770833	-0.018144	647400.000000
76.875000	-0.015346	647600.000000
76.979167	-0.015646	647800.000000
77.083333	-0.018592	648000.000000
77.187500	-0.022603	648200.000000
77.291667	-0.025511	648400.000000
77.395833	-0.026022	648600.000000
77.500000	-0.024263	648800.000000
77.604167	-0.021638	649000.000000
77.708333	-0.019564	649200.000000
77.812500	-0.019282	649400.000000
77.916667	-0.021361	649600.000000
78.020833	-0.025099	649800.000000
78.125000	-0.029345	650000.000000
78.229167	-0.032701	650200.000000
78.333333	-0.034287	650400.000000
78.437500	-0.033345	650600.000000
78.541667	-0.030750	650800.000000
78.645833	-0.027748	651000.000000
78.750000	-0.025040	651200.000000
78.854167	-0.023332	651400.000000
78.958333	-0.022263	651600.000000
79.062500	-0.021110	651800.000000
79.166667	-0.020577	652000.000000
79.270833	-0.020527	652200.000000
79.375000	-0.021037	652400.000000
79.479167	-0.022302	652600.000000
79.583333	-0.024139	652800.000000
79.687500	-0.025967	653000.000000
79.791667	-0.027151	653200.000000
79.895833	-0.027682	653400.000000
80.000000	-0.027553	653600.000000
80.104167	-0.027353	653800.000000
80.208333	-0.026674	654000.000000
80.312500	-0.026147	654200.000000
80.416667	-0.025626	654400.000000
80.520833	-0.024476	654600.000000
80.625000	-0.023316	654800.000000
80.729167	-0.022015	655000.000000
80.833333	-0.021618	655200.000000
80.937500	-0.021703	655400.000000
81.041667	-0.022081	655600.000000
81.145833	-0.023012	655800.000000
81.250000	-0.023718	656000.000000
81.354167	-0.024517	656200.000000
81.458333	-0.024816	656400.000000
81.562500	-0.024741	656600.000000
81.666667	-0.024250	656800.000000
81.770833	-0.023016	657000.000000
81.875000	-0.022612	657200.000000
81.979167	-0.022736	657400.000000
82.083333	-0.022966	657600.000000
82.187500	-0.023642	657800.000000
82.291667	-0.024060	658000.000000
82.395833	-0.023513	658200.000000
82.500000	-0.022944	658400.000000
82.604167	-0.021814	658600.000000
82.708333	-0.020461	658800.000000
82.812500	-0.018532	659000.000000
82.916667	-0.016549	659200.000000
83.020833	-0.014958	659400.000000
83.125000	-0.014714	659600.000000
83.229167	-0.016474	659800.000000
83.333333	-0.019069	660000.000000
83.437500	-0.021726	660200.000000
83.541667	-0.023541	660400.000000
83.645833	-0.024026	660600.000000
83.750000	-0.023952	660800.000000
83.854167	-0.022922	661000.000000
83.958333	-0.021189	661200.000000
84.062500	-0.019309	661400.000000
84.166667	-0.017283	661600.000000
84.270833	-0.016630	661800.000000
84.375000	-0.017018	662000.000000
84.479167	-0.018041	662200.000000
84.583333	-0.018795	662400.000000
84.687500	-0.018532	662600.000000
84.791667	-0.017959	662800.000000
84.895833	-0.018136	663000.000000
85.000000	-0.019478	663200.000000
85.104167	-0.021794	663400.000000
85.208333	-0.024446	663600.000000
85.312500	-0.026496	663800.000000
85.416667	-0.026886	664000.000000
85.520833	-0.025665	664200.000000
85.625000	-0.023462	664400.000000
85.729167	-0.021084	664600.000000
85.833333	-0.019062	664800.000000
85.937500	-0.018206	665000.000000
86.041667	-0.018906	665200.000000
86.145833	-0.020385	665400.000000
86.250000	-0.022147	665600.000000
86.354167	-0.023008	665800.000000
86.458333	-0.023136	666000.000000
86.562500	-0.022606	666200.000000
86.666667	-0.021842	666400.000000
86.770833	-0.021966	666600.000000
86.875000	-0.022583	666800.000000
86.979167	-0.023213	667000.000000
87.083333	-0.024086	667200.000000
87.187500	-0.024506	667400.000000
87.291667	-0.024560	667600.000000
87.395833	-0.025070	667800.000000
87.500000	-0.025345	668000.000000
87.604167	-0.025584	668200.000000
87.708333	-0.025311	668400.000000
87.812500	-0.024065	668600.000000
87.916667	-0.022551	668800.000000
88.020833	-0.021183	669000.000000
88.125000	-0.019994	669200.000000
88.229167	-0.019583	669400.000000
88.333333	-0.019463	669600.000000
88.437500	-0.020009	669800.000000
88.541667	-0.020641	670000.000000
88.645833	-0.022055	670200.000000
88.750000	-0.023629	670400.000000
88.854167	-0.025307	670600.000000
88.958333	-0.026396	670800.000000
89.062500	-0.026644	671000.000000
89.166667	-0.026539	671200.000000
89.270833	-0.025979	671400.000000
89.375000	-0.025062	671600.000000
89.479167	-0.024223	671800.000000
89.583333	-0.022875	672000.000000
89.687500	-0.021266	672200.000000
89.791667	-0.020041	672400.000000
89.895833	-0.019366	672600.000000
90.000000	-0.019136	672800.000000
90.104167	-0.020088	673000.000000
90.208333	-0.021249	673200.000000
90.312500	-0.023074	673400.000000
90.416667	-0.024775	673600.000000
90.520833	-0.026192	673800.000000
90.625000	-0.026871	674000.000000
90.729167	-0.026888	674200.000000
90.833333	-0.025849	674400.000000
90.937500	-0.024517	674600.000000
91.041667	-0.022935	674800.000000
91.145833	-0.021844	675000.000000
91.250000	-0.021702	675200.000000
91.354167	-0.021895	675400.000000
91.458333	-0.022670	675600.000000
91.562500	-0.023920	675800.000000
91.666667	-0.024675	676000.000000
91.770833	-0.024757	676200.000000
91.875000	-0.023968	676400.000000
91.979167	-0.022987	676600.000000
92.083333	-0.022023	676800.000000
92.187500	-0.021732	677000.000000
92.291667	-0.022399	677200.000000
92.395833	-0.023883	677400.000000
92.500000	-0.025362	677600.000000
92.604167	-0.026028	677800.000000
92.708333	-0.026050	678000.000000
92.812500	-0.024768	678200.000000
92.916667	-0.023375	678400.000000
93.020833	-0.021836	678600.000000
93.125000	-0.021048	678800.000000
93.229167	-0.020920	679000.000000
93.333333	-0.020741	679200.000000
93.437500	-0.021191	679400.000000
93.541667	-0.021134	679600.000000
93.645833	-0.020418	679800.000000
93.750000	-0.019929	680000.000000
93.854167	-0.019481	680200.000000
93.958333	-0.019769	680400.000000
94.062500	-0.021353	680600.000000
94.166667	-0.023048	680800.000000
94.270833	-0.025421	681000.000000
94.375000	-0.027923	681200.000000
94.479167	-0.028978	681400.000000
94.583333	-0.028722	681600.000000
94.687500	-0.027013	681800.000000
94.791667	-0.024215	682000.000000
94.895833	-0.021637	682200.000000
95.000000	-0.019970	682400.000000
95.104167	-0.019846	682600.000000
95.208333	-0.021061	682800.000000
95.312500	-0.022525	683000.000000
95.416667	-0.023490	683200.000000
95.520833	-0.023885	683400.000000
95.625000	-0.023732	683600.000000
95.729167	-0.023858	683800.000000
95.833333	-0.024562	684000.000000
95.937500	-0.025462	684200.000000
96.041667	-0.025987	684400.000000
96.145833	-0.026560	684600.000000
96.250000	-0.026190	684800.000000
96.354167	-0.025384	685000.000000
96.458333	-0.024531	685200.000000
96.562500	-0.023881	685400.000000
96.666667	-0.023105	685600.000000
96.770833	-0.023163	685800.000000
96.875000	-0.023519	686000.000000
96.979167	-0.023552	686200.000000
97.083333	-0.023425	686400.000000
97.187500	-0.022703	686600.000000
97.291667	-0.021719	686800.000000
97.395833	-0.020727	687000.000000
97.500000	-0.019972	687200.000000
97.604167	-0.020018	687400.000000
97.708333	-0.020558	687600.000000
97.812500	-0.021443	687800.000000
97.916667	-0.022772	688000.000000
98.020833	-0.023764	688200.000000
98.125000	-0.024329	688400.000000
98.229167	-0.024470	688600.000000
98.333333	-0.024206	688800.000000
98.437500	-0.023390	689000.000000
98.541667	-0.023414	689200.000000
98.645833	-0.023425	689400.000000
98.750000	-0.023818	689600.000000
98.854167	-0.024389	689800.000000
98.958333	-0.023709	690000.000000
99.062500	-0.022394	690200.000000
99.166667	-0.020697	690400.000000
99.270833	-0.019895	690600.000000
99.375000	-0.020614	690800.000000
99.479167	-0.022673	691000.000000
99.583333	-0.025513	691200.000000
99.687500	-0.027314	691400.000000
99.791667	-0.027662	691600.000000
99.895833	-0.026553	691800.000000
100.000000	-0.024714	692000.000000
100.104167	-0.022187	692200.000000
100.208333	-0.020597	692400.000000
100.312500	-0.020234	692600.000000
100.416667	-0.021019	692800.000000
100.520833	-0.022173	693000.000000
100.625000	-0.023363	693200.000000
100.729167	-0.023820	693400.000000
100.833333	-0.023411	693600.000000
100.937500	-0.022520	693800.000000
101.041667	-0.021683	694000.000000
101.145833	-0.021107	694200.000000
101.250000	-0.021840	694400.000000
101.354167	-0.022614	694600.000000
101.458333	-0.023417	694800.000000
101.562500	-0.023983	695000.000000
101.666667	-0.023387	695200.000000
101.770833	-0.022395	695400.000000
101.875000	-0.021734	695600.000000
101.979167	-0.021378	695800.000000
102.083333	-0.021462	696000.000000
102.187500	-0.022272	696200.000000
102.291667	-0.023535	696400.000000
102.395833	-0.024337	696600.000000
102.500000	-0.024694	696800.000000
102.604167	-0.024217	697000.000000
102.708333	-0.022962	697200.000000
102.812500	-0.022084	697400.000000
102.916667	-0.021607	697600.000000
103.020833	-0.021971	697800.000000
103.125000	-0.022954	698000.000000
103.229167	-0.024098	698200.000000
103.333333	-0.025408	698400.000000
103.437500	-0.026363	698600.000000
103.541667	-0.026719	698800.000000
103.645833	-0.026921	699000.000000
103.750000	-0.026788	699200.000000
103.854167	-0.025592	699400.000000
103.958333	-0.024069	699600.000000
104.062500	-0.023032	699800.000000
104.166667	-0.021965	700000.000000
104.270833	-0.021675	700200.000000
104.375000	-0.022229	700400.000000
104.479167	-0.022767	700600.000000
104.583333	-0.023405	700800.000000
104.687500	-0.023657	701000.000000
104.791667	-0.023692	701200.000000
104.895833	-0.023781	701400.000000
105.000000	-0.024261	701600.000000
105.104167	-0.024842	701800.000000
105.208333	-0.025299	702000.000000
105.312500	-0.025388	702200.000000
105.416667	-0.024822	702400.000000
105.520833	-0.023428	702600.000000
105.625000	-0.021564	702800.000000
105.729167	-0.020616	703000.000000
105.833333	-0.020418	703200.000000
105.937500	-0.020687	703400.000000
106.041667	-0.021506	703600.000000
106.145833	-0.022499	703800.000000
106.250000	-0.023032	704000.000000
106.354167	-0.023525	704200.000000
106.458333	-0.023780	704400.000000
106.562500	-0.023750	704600.000000
106.666667	-0.023353	704800.000000
106.770833	-0.023293	705000.000000
106.875000	-0.023639	705200.000000
106.979167	-0.024491	705400.000000
107.083333	-0.024883	705600.000000
107.187500	-0.024675	705800.000000
107.291667	-0.023671	706000.000000
107.395833	-0.022647	706200.000000
107.500000	-0.021943	706400.000000
107.604167	-0.021637	706600.000000
107.708333	-0.021958	706800.000000
107.812500	-0.022904	707000.000000
107.916667	-0.023347	707200.000000
108.020833	-0.023441	707400.000000
108.125000	-0.022355	707600.000000
108.229167	-0.020829	707800.000000
108.333333	-0.019609	708000.000000
108.437500	-0.019357	708200.000000
108.541667	-0.020485	708400.000000
108.645833	-0.023193	708600.000000
108.750000	-0.025726	708800.000000
108.854167	-0.027128	709000.000000
108.958333	-0.026846	709200.000000
109.062500	-0.025100	709400.000000
109.166667	-0.023198	709600.000000
109.270833	-0.021719	709800.000000
109.375000	-0.021718	710000.000000
109.479167	-0.022968	710200.000000
109.583333	-0.024340	710400.000000
109.687500	-0.025260	710600.000000
109.791667	-0.025554	710800.000000
109.895833	-0.024836	711000.000000
110.000000	-0.023907	711200.000000
110.104167	-0.023481	711400.000000
110.208333	-0.023636	711600.000000
110.312500	-0.024613	711800.000000
110.416667	-0.025599	712000.000000
110.520833	-0.026517	712200.000000
110.625000	-0.026932	712400.000000
110.729167	-0.026064	712600.000000
110.833333	-0.023936	712800.000000
110.937500	-0.021654	713000.000000
111.041667	-0.020069	713200.000000
111.145833	-0.019499	713400.000000
111.250000	-0.019506	713600.000000
111.354167	-0.020450	713800.000000
111.458333	-0.021492	714000.000000
111.562500	-0.022100	714200.000000
111.666667	-0.022390	714400.000000
111.770833	-0.021726	714600.000000
111.875000	-0.020789	714800.000000
111.979167	-0.020148	715000.000000
112.083333	-0.019937	715200.000000
112.187500	-0.020389	715400.000000
112.291667	-0.020935	715600.000000
112.395833	-0.021467	715800.000000
112.500000	-0.021496	716000.000000
112.604167	-0.021125	716200.000000
112.708333	-0.020683	716400.000000
112.812500	-0.020406	716600.000000
112.916667	-0.020497	716800.000000
113.020833	-0.020572	717000.000000
113.125000	-0.020476	717200.000000
113.229167	-0.020135	717400.000000
113.333333	-0.019590	717600.000000
113.437500	-0.019051	717800.000000
113.541667	-0.018159	718000.000000
113.645833	-0.017312	718200.000000
113.750000	-0.016688	718400.000000
113.854167	-0.015876	718600.000000
113.958333	-0.015494	718800.000000
114.062500	-0.015825	719000.000000
114.166667	-0.016849	719200.000000
114.270833	-0.018667	719400.000000
114.375000	-0.021381	719600.000000
114.479167	-0.024820	719800.000000
114.583333	-0.028302	720000.000000
114.687500	-0.031501	720200.000000
114.791667	-0.034385	720400.000000
114.895833	-0.036767	720600.000000
115.000000	-0.038392	720800.000000
115.104167	-0.039170	721000.000000
115.208333	-0.039177	721200.000000
115.312500	-0.037766	721400.000000
115.416667	-0.034873	721600.000000
115.520833	-0.031474	721800.000000
115.625000	-0.027978	722000.000000
115.729167	-0.024506	722200.000000
115.833333	-0.021708	722400.000000
115.937500	-0.019377	722600.000000
116.041667	-0.017389	722800.000000
116.145833	-0.015795	723000.000000
116.250000	-0.014628	723200.000000
116.354167	-0.013938	723400.000000
116.458333	-0.014416	723600.000000
116.562500	-0.015314	723800.000000
116.666667	-0.016747	724000.000000
116.770833	-0.018210	724200.000000
116.875000	-0.019234	724400.000000
116.979167	-0.019723	724600.000000
117.083333	-0.019680	724800.000000
117.187500	-0.018917	725000.000000
117.291667	-0.018396	725200.000000
117.395833	-0.018577	725400.000000
117.500000	-0.019156	725600.000000
117.604167	-0.020276	725800.000000
117.708333	-0.021750	726000.000000
117.812500	-0.022710	726200.000000
117.916667	-0.023322	726400.000000
118.020833	-0.023127	726600.000000
118.125000	-0.022685	726800.000000
118.229167	-0.022460	727000.000000
118.333333	-0.022892	727200.000000
118.437500	-0.024402	727400.000000
118.541667	-0.025780	727600.000000
118.645833	-0.027488	727800.000000
118.750000	-0.028020	728000.000000
118.854167	-0.027708	728200.000000
118.958333	-0.026439	728400.000000
119.062500	-0.025361	728600.000000
119.166667	-0.025087	728800.000000
119.270833	-0.025718	729000.000000
119.375000	-0.026702	729200.000000
119.479167	-0.027898	729400.000000
119.583333	-0.028449	729600.000000
119.687500	-0.028651	729800.000000
119.791667	-0.028182	730000.000000
119.895833	-0.026962	730200.000000
120.000000	-0.025793	730400.000000
120.104167	-0.024450	730600.000000
120.208333	-0.023256	730800.000000
120.312500	-0.021881	731000.000000
120.416667	-0.021310	731200.000000
120.520833	-0.020935	731400.000000
120.625000	-0.021681	731600.000000
120.729167	-0.023003	731800.000000
120.833333	-0.023869	732000.000000
120.937500	-0.024949	732200.000000
121.041667	-0.025240	732400.000000
121.145833	-0.024752	732600.000000
121.250000	-0.023810	732800.000000
121.354167	-0.023407	733000.000000
121.458333	-0.023221	733200.000000
121.562500	-0.023011	733400.000000
121.666667	-0.023260	733600.000000
121.770833	-0.023112	733800.000000
121.875000	-0.023287	734000.000000
121.979167	-0.023333	734200.000000
122.083333	-0.023181	734400.000000
122.187500	-0.022722	734600.000000
122.291667	-0.022468	734800.000000
122.395833	-0.022549	735000.000000
122.500000	-0.022918	735200.000000
122.604167	-0.023253	735400.000000
122.708333	-0.023439	735600.000000
122.812500	-0.023220	735800.000000
122.916667	-0.022978	736000.000000
123.020833	-0.022767	736200.000000
123.125000	-0.023031	736400.000000
123.229167	-0.023205	736600.000000
123.333333	-0.023724	736800.000000
123.437500	-0.024029	737000.000000
123.541667	-0.023793	737200.000000
123.645833	-0.022693	737400.000000
123.750000	-0.021616	737600.000000
123.854167	-0.020606	737800.000000
123.958333	-0.019831	738000.000000
124.062500	-0.019874	738200.000000
124.166667	-0.020394	738400.000000
124.270833	-0.021206	738600.000000
124.375000	-0.022158	738800.000000
124.479167	-0.022225	739000.000000
124.583333	-0.022243	739200.000000
124.687500	-0.022103	739400.000000
124.791667	-0.022452	739600.000000
124.895833	-0.023443	739800.000000
125.000000	-0.024563	740000.000000
125.104167	-0.025106	740200.000000
125.208333	-0.025205	740400.000000
125.312500	-0.024253	740600.000000
125.416667	-0.022369	740800.000000
125.520833	-0.021290	741000.000000
125.625000	-0.020520	741200.000000
125.729167	-0.020825	741400.000000
125.833333	-0.021947	741600.000000
125.937500	-0.023241	741800.000000
126.041667	-0.024525	742000.000000
126.145833	-0.025274	742200.000000
126.250000	-0.025248	742400.000000
126.354167	-0.024874	742600.000000
126.458333	-0.024434	742800.000000
126.562500	-0.024136	743000.000000
126.666667	-0.024354	743200.000000
126.770833	-0.024898	743400.000000
126.875000	-0.025564	743600.000000
126.979167	-0.025871	743800.000000
127.083333	-0.025328	744000.000000
127.187500	-0.024139	744200.000000
127.291667	-0.023116	744400.000000
127.395833	-0.022320	744600.000000
127.500000	-0.021874	744800.000000
127.604167	-0.022544	745000.000000
127.708333	-0.023587	745200.000000
127.812500	-0.024161	745400.000000
127.916667	-0.024546	745600.000000
128.020833	-0.024349	745800.000000
128.125000	-0.023401	746000.000000
128.229167	-0.022408	746200.000000
128.333333	-0.022078	746400.000000
128.437500	-0.022525	746600.000000
128.541667	-0.023655	746800.000000
128.645833	-0.024829	747000.000000
128.750000	-0.025263	747200.000000
128.854167	-0.024617	747400.000000
128.958333	-0.023466	747600.000000
129.062500	-0.021992	747800.000000
129.166667	-0.021076	748000.000000
129.270833	-0.020654	748200.000000
129.375000	-0.020335	748400.000000
129.479167	-0.020562	748600.000000
129.583333	-0.021098	748800.000000
129.687500	-0.021842	749000.000000
129.791667	-0.022709	749200.000000
129.895833	-0.023427	749400.000000
130.000000	-0.024221	749600.000000
130.104167	-0.024743	749800.000000
130.208333	-0.025488	750000.000000
