0.000000	-0.023464	550000.000000
0.104167	-0.023401	550200.000000
0.208333	-0.023469	550400.000000
0.312500	-0.023282	550600.000000
0.416667	-0.023389	550800.000000
0.520833	-0.023250	551000.000000
0.625000	-0.023138	551200.000000
0.729167	-0.023483	551400.000000
0.833333	-0.023247	551600.000000
0.937500	-0.023220	551800.000000
1.041667	-0.023314	552000.000000
1.145833	-0.023200	552200.000000
1.250000	-0.023146	552400.000000
1.354167	-0.023397	552600.000000
1.458333	-0.023367	552800.000000
1.562500	-0.023167	553000.000000
1.666667	-0.023373	553200.000000
1.770833	-0.023355	553400.000000
1.875000	-0.023509	553600.000000
1.979167	-0.023418	553800.000000
2.083333	-0.023536	554000.000000
2.187500	-0.023325	554200.000000
2.291667	-0.023410	554400.000000
2.395833	-0.023468	554600.000000
2.500000	-0.023263	554800.000000
2.604167	-0.023276	555000.000000
2.708333	-0.023347	555200.000000
2.812500	-0.023252	555400.000000
2.916667	-0.023262	555600.000000
3.020833	-0.023348	555800.000000
3.125000	-0.023301	556000.000000
3.229167	-0.023355	556200.000000
3.333333	-0.023279	556400.000000
3.437500	-0.023332	556600.000000
3.541667	-0.023201	556800.000000
3.645833	-0.023326	557000.000000
3.750000	-0.023192	557200.000000
3.854167	-0.023026	557400.000000
3.958333	-0.023181	557600.000000
4.062500	-0.023371	557800.000000
4.166667	-0.023457	558000.000000
4.270833	-0.023306	558200.000000
4.375000	-0.023126	558400.000000
4.479167	-0.023341	558600.000000
4.583333	-0.023305	558800.000000
4.687500	-0.023304	559000.000000
4.791667	-0.023248	559200.000000
4.895833	-0.023327	559400.000000
5.000000	-0.023263	559600.000000
5.104167	-0.023217	559800.000000
5.208333	-0.023371	560000.000000
5.312500	-0.023400	560200.000000
5.416667	-0.023147	560400.000000
5.520833	-0.023140	560600.000000
5.625000	-0.023353	560800.000000
5.729167	-0.023284	561000.000000
5.833333	-0.023374	561200.000000
5.937500	-0.023317	561400.000000
6.041667	-0.023164	561600.000000
6.145833	-0.023177	561800.000000
6.250000	-0.023214	562000.000000
6.354167	-0.023234	562200.000000
6.458333	-0.023210	562400.000000
6.562500	-0.023223	562600.000000
6.666667	-0.023296	562800.000000
6.770833	-0.023127	563000.000000
6.875000	-0.023191	563200.000000
6.979167	-0.023074	563400.000000
7.083333	-0.023306	563600.000000
7.187500	-0.023251	563800.000000
7.291667	-0.023182	564000.000000
7.395833	-0.023076	564200.000000
7.500000	-0.023310	564400.000000
7.604167	-0.023276	564600.000000
7.708333	-0.023117	564800.000000
7.812500	-0.023240	565000.000000
7.916667	-0.023148	565200.000000
8.020833	-0.023201	565400.000000
8.125000	-0.023163	565600.000000
8.229167	-0.023295	565800.000000
8.333333	-0.023140	566000.000000
8.437500	-0.023341	566200.000000
8.541667	-0.023203	566400.000000
8.645833	-0.023215	566600.000000
8.750000	-0.023288	566800.000000
8.854167	-0.023329	567000.000000
8.958333	-0.023195	567200.000000
9.062500	-0.023227	567400.000000
9.166667	-0.023334	567600.000000
9.270833	-0.023283	567800.000000
9.375000	-0.023329	568000.000000
9.479167	-0.023419	568200.000000
9.583333	-0.023218	568400.000000
9.687500	-0.023289	568600.000000
9.791667	-0.023311	568800.000000
9.895833	-0.023226	569000.000000
10.000000	-0.023150	569200.000000
10.104167	-0.023217	569400.000000
10.208333	-0.023220	569600.000000
10.312500	-0.023278	569800.000000
10.416667	-0.023263	570000.000000
10.520833	-0.023321	570200.000000
10.625000	-0.023260	570400.000000
10.729167	-0.023306	570600.000000
10.833333	-0.023169	570800.000000
10.937500	-0.023354	571000.000000
11.041667	-0.023465	571200.000000
11.145833	-0.023090	571400.000000
11.250000	-0.023419	571600.000000
11.354167	-0.023449	571800.000000
11.458333	-0.023260	572000.000000
11.562500	-0.023255	572200.000000
11.666667	-0.023386	572400.000000
11.770833	-0.023376	572600.000000
11.875000	-0.023233	572800.000000
11.979167	-0.023205	573000.000000
12.083333	-0.023294	573200.000000
12.187500	-0.023414	573400.000000
12.291667	-0.023445	573600.000000
12.395833	-0.023481	573800.000000
12.500000	-0.023320	574000.000000
12.604167	-0.023121	574200.000000
12.708333	-0.023246	574400.000000
12.812500	-0.023292	574600.000000
12.916667	-0.023291	574800.000000
13.020833	-0.023299	575000.000000
13.125000	-0.023381	575200.000000
13.229167	-0.023244	575400.000000
13.333333	-0.023241	575600.000000
13.437500	-0.023401	575800.000000
13.541667	-0.023485	576000.000000
13.645833	-0.023172	576200.000000
13.750000	-0.023212	576400.000000
13.854167	-0.023328	576600.000000
13.958333	-0.023417	576800.000000
14.062500	-0.023206	577000.000000
14.166667	-0.023349	577200.000000
14.270833	-0.023357	577400.000000
14.375000	-0.023243	577600.000000
14.479167	-0.023180	577800.000000
14.583333	-0.023331	578000.000000
14.687500	-0.023304	578200.000000
14.791667	-0.023243	578400.000000
14.895833	-0.023360	578600.000000
15.000000	-0.023071	578800.000000
15.104167	-0.023295	579000.000000
15.208333	-0.023232	579200.000000
15.312500	-0.023333	579400.000000
15.416667	-0.023295	579600.000000
15.520833	-0.023187	579800.000000
15.625000	-0.023237	580000.000000
15.729167	-0.023407	580200.000000
15.833333	-0.023309	580400.000000
15.937500	-0.023051	580600.000000
16.041667	-0.023186	580800.000000
16.145833	-0.023238	581000.000000
16.250000	-0.023087	581200.000000
16.354167	-0.023140	581400.000000
16.458333	-0.023220	581600.000000
16.562500	-0.022936	581800.000000
16.666667	-0.023182	582000.000000
16.770833	-0.023361	582200.000000
16.875000	-0.023309	582400.000000
16.979167	-0.023127	582600.000000
17.083333	-0.023191	582800.000000
17.187500	-0.023288	583000.000000
17.291667	-0.023206	583200.000000
17.395833	-0.023340	583400.000000
17.500000	-0.023370	583600.000000
17.604167	-0.023326	583800.000000
17.708333	-0.023309	584000.000000
17.812500	-0.023172	584200.000000
17.916667	-0.023222	584400.000000
18.020833	-0.023382	584600.000000
18.125000	-0.023256	584800.000000
18.229167	-0.023308	585000.000000
18.333333	-0.023309	585200.000000
18.437500	-0.023459	585400.000000
18.541667	-0.023150	585600.000000
18.645833	-0.023174	585800.000000
18.750000	-0.023151	586000.000000
18.854167	-0.023252	586200.000000
18.958333	-0.023125	586400.000000
19.062500	-0.023062	586600.000000
19.166667	-0.023232	586800.000000
19.270833	-0.023136	587000.000000
19.375000	-0.022995	587200.000000
19.479167	-0.022925	587400.000000
19.583333	-0.023000	587600.000000
19.687500	-0.023088	587800.000000
19.791667	-0.022918	588000.000000
19.895833	-0.022974	588200.000000
20.000000	-0.022843	588400.000000
20.104167	-0.022686	588600.000000
20.208333	-0.022740	588800.000000
20.312500	-0.022738	589000.000000
20.416667	-0.022647	589200.000000
20.520833	-0.022692	589400.000000
20.625000	-0.022324	589600.000000
20.729167	-0.022339	589800.000000
20.833333	-0.022268	590000.000000
20.937500	-0.022376	590200.000000
21.041667	-0.022335	590400.000000
21.145833	-0.021951	590600.000000
21.250000	-0.021925	590800.000000
21.354167	-0.021853	591000.000000
21.458333	-0.021678	591200.000000
21.562500	-0.021441	591400.000000
21.666667	-0.021376	591600.000000
21.770833	-0.020854	591800.000000
21.875000	-0.020584	592000.000000
21.979167	-0.020285	592200.000000
22.083333	-0.020075	592400.000000
22.187500	-0.019940	592600.000000
22.291667	-0.019518	592800.000000
22.395833	-0.019047	593000.000000
22.500000	-0.018813	593200.000000
22.604167	-0.018333	593400.000000
22.708333	-0.017721	593600.000000
22.812500	-0.017432	593800.000000
22.916667	-0.017086	594000.000000
23.020833	-0.016380	594200.000000
23.125000	-0.015712	594400.000000
23.229167	-0.015282	594600.000000
23.333333	-0.014687	594800.000000
23.437500	-0.014045	595000.000000
23.541667	-0.013541	595200.000000
23.645833	-0.013081	595400.000000
23.750000	-0.012947	595600.000000
23.854167	-0.013499	595800.000000
23.958333	-0.016293	596000.000000
24.062500	-0.023065	596200.000000
24.166667	-0.036488	596400.000000
24.270833	-0.058398	596600.000000
24.375000	-0.085715	596800.000000
24.479167	-0.112228	597000.000000
24.583333	-0.128678	597200.000000
24.687500	-0.127977	597400.000000
24.791667	-0.110400	597600.000000
24.895833	-0.080119	597800.000000
25.000000	-0.047273	598000.000000
25.104167	-0.018149	598200.000000
25.208333	0.002179	598400.000000
25.312500	0.013375	598600.000000
25.416667	0.017779	598800.000000
25.520833	0.017895	599000.000000
25.625000	0.015877	599200.000000
25.729167	0.012541	599400.000000
25.833333	0.008639	599600.000000
25.937500	0.005004	599800.000000
26.041667	0.002502	600000.000000
26.145833	0.001392	600200.000000
26.250000	0.000923	600400.000000
26.354167	-0.000510	600600.000000
26.458333	-0.003555	600800.000000
26.562500	-0.008626	601000.000000
26.666667	-0.013865	601200.000000
26.770833	-0.017611	601400.000000
26.875000	-0.019253	601600.000000
26.979167	-0.019769	601800.000000
27.083333	-0.019268	602000.000000
27.187500	-0.018657	602200.000000
27.291667	-0.018804	602400.000000
27.395833	-0.019838	602600.000000
27.500000	-0.021361	602800.000000
27.604167	-0.023526	603000.000000
27.708333	-0.025068	603200.000000
27.812500	-0.025356	603400.000000
27.916667	-0.024371	603600.000000
28.020833	-0.022468	603800.000000
28.125000	-0.020384	604000.000000
28.229167	-0.020156	604200.000000
28.333333	-0.021431	604400.000000
28.437500	-0.023428	604600.000000
28.541667	-0.024465	604800.000000
28.645833	-0.024667	605000.000000
28.750000	-0.024156	605200.000000
28.854167	-0.023621	605400.000000
28.958333	-0.023945	605600.000000
29.062500	-0.024630	605800.000000
29.166667	-0.025394	606000.000000
29.270833	-0.025971	606200.000000
29.375000	-0.025394	606400.000000
29.479167	-0.024445	606600.000000
29.583333	-0.023302	606800.000000
29.687500	-0.021748	607000.000000
29.791667	-0.020535	607200.000000
29.895833	-0.019834	607400.000000
30.000000	-0.019610	607600.000000
30.104167	-0.019972	607800.000000
30.208333	-0.020954	608000.000000
30.312500	-0.022008	608200.000000
30.416667	-0.023367	608400.000000
30.520833	-0.024280	608600.000000
30.625000	-0.024970	608800.000000
30.729167	-0.024737	609000.000000
30.833333	-0.023985	609200.000000
30.937500	-0.023198	609400.000000
31.041667	-0.022620	609600.000000
31.145833	-0.022632	609800.000000
31.250000	-0.022994	610000.000000
31.354167	-0.023309	610200.000000
31.458333	-0.023324	610400.000000
31.562500	-0.022961	610600.000000
31.666667	-0.022371	610800.000000
31.770833	-0.022252	611000.000000
31.875000	-0.022418	611200.000000
31.979167	-0.023196	611400.000000
32.083333	-0.024425	611600.000000
32.187500	-0.025255	611800.000000
32.291667	-0.026006	612000.000000
32.395833	-0.026080	612200.000000
32.500000	-0.026114	612400.000000
32.604167	-0.026144	612600.000000
32.708333	-0.025847	612800.000000
32.812500	-0.025624	613000.000000
32.916667	-0.025351	613200.000000
33.020833	-0.025141	613400.000000
33.125000	-0.025117	613600.000000
33.229167	-0.025072	613800.000000
33.333333	-0.024677	614000.000000
33.437500	-0.023873	614200.000000
33.541667	-0.022145	614400.000000
33.645833	-0.020904	614600.000000
33.750000	-0.019956	614800.000000
33.854167	-0.020024	615000.000000
33.958333	-0.021148	615200.000000
34.062500	-0.022936	615400.000000
34.166667	-0.024540	615600.000000
34.270833	-0.025481	615800.000000
34.375000	-0.025638	616000.000000
34.479167	-0.025157	616200.000000
34.583333	-0.024353	616400.000000
34.687500	-0.023651	616600.000000
34.791667	-0.023153	616800.000000
34.895833	-0.022754	617000.000000
35.000000	-0.022775	617200.000000
35.104167	-0.022782	617400.000000
35.208333	-0.022490	617600.000000
35.312500	-0.022134	617800.000000
35.416667	-0.021984	618000.000000
35.520833	-0.021898	618200.000000
35.625000	-0.021979	618400.000000
35.729167	-0.022570	618600.000000
35.833333	-0.023597	618800.000000
35.937500	-0.024578	619000.000000
36.041667	-0.025939	619200.000000
36.145833	-0.026587	619400.000000
36.250000	-0.026784	619600.000000
36.354167	-0.025952	619800.000000
36.458333	-0.024397	620000.000000
36.562500	-0.022953	620200.000000
36.666667	-0.022253	620400.000000
36.770833	-0.022583	620600.000000
36.875000	-0.023858	620800.000000
36.979167	-0.025048	621000.000000
37.083333	-0.025251	621200.000000
37.187500	-0.024623	621400.000000
37.291667	-0.023494	621600.000000
37.395833	-0.022565	621800.000000
37.500000	-0.022544	622000.000000
37.604167	-0.023450	622200.000000
37.708333	-0.024440	622400.000000
37.812500	-0.025486	622600.000000
37.916667	-0.026141	622800.000000
38.020833	-0.026286	623000.000000
38.125000	-0.025729	623200.000000
38.229167	-0.024928	623400.000000
38.333333	-0.024200	623600.000000
38.437500	-0.023994	623800.000000
38.541667	-0.024459	624000.000000
38.645833	-0.025009	624200.000000
38.750000	-0.025397	624400.000000
38.854167	-0.024893	624600.000000
38.958333	-0.023397	624800.000000
39.062500	-0.022167	625000.000000
39.166667	-0.021605	625200.000000
39.270833	-0.022110	625400.000000
39.375000	-0.023177	625600.000000
39.479167	-0.024544	625800.000000
39.583333	-0.026005	626000.000000
39.687500	-0.026891	626200.000000
39.791667	-0.027024	626400.000000
39.895833	-0.025960	626600.000000
40.000000	-0.024439	626800.000000
40.104167	-0.023131	627000.000000
40.208333	-0.022399	627200.000000
40.312500	-0.022830	627400.000000
40.416667	-0.023563	627600.000000
40.520833	-0.023876	627800.000000
40.625000	-0.023137	628000.000000
40.729167	-0.021992	628200.000000
40.833333	-0.020744	628400.000000
40.937500	-0.020305	628600.000000
41.041667	-0.021546	628800.000000
41.145833	-0.023290	629000.000000
41.250000	-0.025089	629200.000000
41.354167	-0.026438	629400.000000
41.458333	-0.026663	629600.000000
41.562500	-0.025531	629800.000000
41.666667	-0.024229	630000.000000
41.770833	-0.022980	630200.000000
41.875000	-0.022038	630400.000000
41.979167	-0.022430	630600.000000
42.083333	-0.022711	630800.000000
42.187500	-0.023533	631000.000000
42.291667	-0.024086	631200.000000
42.395833	-0.023958	631400.000000
42.500000	-0.023209	631600.000000
42.604167	-0.022191	631800.000000
42.708333	-0.021512	632000.000000
42.812500	-0.021232	632200.000000
42.916667	-0.021821	632400.000000
43.020833	-0.022711	632600.000000
43.125000	-0.023555	632800.000000
43.229167	-0.024082	633000.000000
43.333333	-0.024144	633200.000000
43.437500	-0.023903	633400.000000
43.541667	-0.023125	633600.000000
43.645833	-0.022824	633800.000000
43.750000	-0.022884	634000.000000
43.854167	-0.022876	634200.000000
43.958333	-0.023240	634400.000000
44.062500	-0.023191	634600.000000
44.166667	-0.022648	634800.000000
44.270833	-0.021316	635000.000000
44.375000	-0.020481	635200.000000
44.479167	-0.019883	635400.000000
44.583333	-0.020337	635600.000000
44.687500	-0.021330	635800.000000
44.791667	-0.022410	636000.000000
44.895833	-0.023424	636200.000000
45.000000	-0.024156	636400.000000
45.104167	-0.024250	636600.000000
45.208333	-0.024223	636800.000000
45.312500	-0.023982	637000.000000
45.416667	-0.023772	637200.000000
45.520833	-0.023473	637400.000000
45.625000	-0.023159	637600.000000
45.729167	-0.022299	637800.000000
45.833333	-0.021311	638000.000000
45.937500	-0.021040	638200.000000
46.041667	-0.020926	638400.000000
46.145833	-0.021272	638600.000000
46.250000	-0.021689	638800.000000
46.354167	-0.022113	639000.000000
46.458333	-0.022445	639200.000000
46.562500	-0.022796	639400.000000
46.666667	-0.023098	639600.000000
46.770833	-0.023687	639800.000000
46.875000	-0.023761	640000.000000
46.979167	-0.023372	640200.000000
47.083333	-0.023270	640400.000000
47.187500	-0.023216	640600.000000
47.291667	-0.023078	640800.000000
47.395833	-0.023245	641000.000000
47.500000	-0.023354	641200.000000
47.604167	-0.023036	641400.000000
47.708333	-0.022651	641600.000000
47.812500	-0.022195	641800.000000
47.916667	-0.022067	642000.000000
48.020833	-0.022180	642200.000000
48.125000	-0.022644	642400.000000
48.229167	-0.022710	642600.000000
48.333333	-0.022743	642800.000000
48.437500	-0.022889	643000.000000
48.541667	-0.022919	643200.000000
48.645833	-0.022865	643400.000000
48.750000	-0.023289	643600.000000
48.854167	-0.023808	643800.000000
48.958333	-0.024206	644000.000000
49.062500	-0.024461	644200.000000
49.166667	-0.024526	644400.000000
49.270833	-0.023769	644600.000000
49.375000	-0.022852	644800.000000
49.479167	-0.022013	645000.000000
49.583333	-0.021887	645200.000000
49.687500	-0.021940	645400.000000
49.791667	-0.022029	645600.000000
49.895833	-0.022033	645800.000000
50.000000	-0.022276	646000.000000
50.104167	-0.022459	646200.000000
50.208333	-0.022758	646400.000000
50.312500	-0.023547	646600.000000
50.416667	-0.024418	646800.000000
50.520833	-0.024986	647000.000000
50.625000	-0.025197	647200.000000
50.729167	-0.025173	647400.000000
50.833333	-0.024569	647600.000000
50.937500	-0.023814	647800.000000
51.041667	-0.022942	648000.000000
51.145833	-0.022278	648200.000000
51.250000	-0.021902	648400.000000
51.354167	-0.021931	648600.000000
51.458333	-0.022498	648800.000000
51.562500	-0.023057	649000.000000
51.666667	-0.023717	649200.000000
51.770833	-0.023698	649400.000000
51.875000	-0.023573	649600.000000
51.979167	-0.023489	649800.000000
52.083333	-0.023558	650000.000000
52.187500	-0.023834	650200.000000
52.291667	-0.024251	650400.000000
52.395833	-0.024840	650600.000000
52.500000	-0.024939	650800.000000
52.604167	-0.025007	651000.000000
52.708333	-0.024014	651200.000000
52.812500	-0.023132	651400.000000
52.916667	-0.022683	651600.000000
53.020833	-0.022547	651800.000000
53.125000	-0.022936	652000.000000
53.229167	-0.023674	652200.000000
53.333333	-0.023907	652400.000000
53.437500	-0.023719	652600.000000
53.541667	-0.023342	652800.000000
53.645833	-0.022834	653000.000000
53.750000	-0.022373	653200.000000
53.854167	-0.022599	653400.000000
53.958333	-0.023244	653600.000000
54.062500	-0.023920	653800.000000
54.166667	-0.024563	654000.000000
54.270833	-0.024924	654200.000000
54.375000	-0.024977	654400.000000
54.479167	-0.024472	654600.000000
54.583333	-0.023985	654800.000000
54.687500	-0.023290	655000.000000
54.791667	-0.022753	655200.000000
54.895833	-0.022481	655400.000000
55.000000	-0.022109	655600.000000
55.104167	-0.022180	655800.000000
55.208333	-0.022181	656000.000000
55.312500	-0.022404	656200.000000
55.416667	-0.022614	656400.000000
55.520833	-0.022978	656600.000000
55.625000	-0.023427	656800.000000
55.729167	-0.023754	657000.000000
55.833333	-0.024132	657200.000000
55.937500	-0.024377	657400.000000
56.041667	-0.024484	657600.000000
56.145833	-0.024404	657800.000000
56.250000	-0.023846	658000.000000
56.354167	-0.023243	658200.000000
56.458333	-0.022824	658400.000000
56.562500	-0.022546	658600.000000
56.666667	-0.022358	658800.000000
56.770833	-0.022465	659000.000000
56.875000	-0.022390	659200.000000
56.979167	-0.022484	659400.000000
57.083333	-0.022657	659600.000000
57.187500	-0.023005	659800.000000
57.291667	-0.023038	660000.000000
57.395833	-0.023358	660200.000000
57.500000	-0.023583	660400.000000
57.604167	-0.023906	660600.000000
57.708333	-0.023601	660800.000000
57.812500	-0.023341	661000.000000
57.916667	-0.023143	661200.000000
58.020833	-0.023370	661400.000000
58.125000	-0.023503	661600.000000
58.229167	-0.023288	661800.000000
58.333333	-0.023077	662000.000000
58.437500	-0.022916	662200.000000
58.541667	-0.022570	662400.000000
58.645833	-0.022539	662600.000000
58.750000	-0.022404	662800.000000
58.854167	-0.022456	663000.000000
58.958333	-0.022753	663200.000000
59.062500	-0.022630	663400.000000
59.166667	-0.022508	663600.000000
59.270833	-0.022654	663800.000000
59.375000	-0.022984	664000.000000
59.479167	-0.023520	664200.000000
59.583333	-0.024020	664400.000000
59.687500	-0.024461	664600.000000
59.791667	-0.024176	664800.000000
59.895833	-0.023904	665000.000000
60.000000	-0.023711	665200.000000
60.104167	-0.022659	665400.000000
60.208333	-0.021780	665600.000000
60.312500	-0.021737	665800.000000
60.416667	-0.021805	666000.000000
60.520833	-0.022208	666200.000000
60.625000	-0.022581	666400.000000
60.729167	-0.022701	666600.000000
60.833333	-0.022696	666800.000000
60.937500	-0.023075	667000.000000
61.041667	-0.023406	667200.000000
61.145833	-0.023719	667400.000000
61.250000	-0.023964	667600.000000
61.354167	-0.024013	667800.000000
61.458333	-0.024224	668000.000000
61.562500	-0.024038	668200.000000
61.666667	-0.023763	668400.000000
61.770833	-0.023340	668600.000000
61.875000	-0.022844	668800.000000
61.979167	-0.022421	669000.000000
62.083333	-0.022363	669200.000000
62.187500	-0.022704	669400.000000
62.291667	-0.023016	669600.000000
62.395833	-0.023337	669800.000000
62.500000	-0.023667	670000.000000
62.604167	-0.023632	670200.000000
62.708333	-0.023453	670400.000000
62.812500	-0.023450	670600.000000
62.916667	-0.023415	670800.000000
63.020833	-0.023432	671000.000000
63.125000	-0.023755	671200.000000
63.229167	-0.023717	671400.000000
63.333333	-0.024015	671600.000000
63.437500	-0.024262	671800.000000
63.541667	-0.024260	672000.000000
63.645833	-0.023822	672200.000000
63.750000	-0.023852	672400.000000
63.854167	-0.023562	672600.000000
63.958333	-0.023111	672800.000000
64.062500	-0.022811	673000.000000
64.166667	-0.022726	673200.000000
64.270833	-0.022825	673400.000000
64.375000	-0.023034	673600.000000
64.479167	-0.023537	673800.000000
64.583333	-0.023609	674000.000000
64.687500	-0.023722	674200.000000
64.791667	-0.023938	674400.000000
64.895833	-0.023964	674600.000000
65.000000	-0.024017	674800.000000
65.104167	-0.024112	675000.000000
65.208333	-0.024090	675200.000000
65.312500	-0.024095	675400.000000
65.416667	-0.024136	675600.000000
65.520833	-0.023729	675800.000000
65.625000	-0.023204	676000.000000
65.729167	-0.022780	676200.000000
65.833333	-0.022666	676400.000000
65.937500	-0.022822	676600.000000
66.041667	-0.023444	676800.000000
66.145833	-0.023908	677000.000000
66.250000	-0.024490	677200.000000
66.354167	-0.024729	677400.000000
66.458333	-0.024870	677600.000000
66.562500	-0.024599	677800.000000
66.666667	-0.024337	678000.000000
66.770833	-0.024001	678200.000000
66.875000	-0.023864	678400.000000
66.979167	-0.023644	678600.000000
67.083333	-0.023784	678800.000000
67.187500	-0.023479	679000.000000
67.291667	-0.023202	679200.000000
67.395833	-0.022892	679400.000000
67.500000	-0.022384	679600.000000
67.604167	-0.022186	679800.000000
67.708333	-0.022347	680000.000000
67.812500	-0.022784	680200.000000
67.916667	-0.023367	680400.000000
68.020833	-0.023443	680600.000000
68.125000	-0.023290	680800.000000
68.229167	-0.022891	681000.000000
68.333333	-0.022567	681200.000000
68.437500	-0.022643	681400.000000
68.541667	-0.022880	681600.000000
68.645833	-0.023358	681800.000000
68.750000	-0.023806	682000.000000
68.854167	-0.024038	682200.000000
68.958333	-0.023755	682400.000000
69.062500	-0.023296	682600.000000
69.166667	-0.022586	682800.000000
69.270833	-0.022072	683000.000000
69.375000	-0.021852	683200.000000
69.479167	-0.022203	683400.000000
69.583333	-0.022768	683600.000000
69.687500	-0.023109	683800.000000
69.791667	-0.023247	684000.000000
69.895833	-0.023368	684200.000000
70.000000	-0.022950	684400.000000
70.104167	-0.023127	684600.000000
70.208333	-0.023360	684800.000000
70.312500	-0.023835	685000.000000
70.416667	-0.024369	685200.000000
70.520833	-0.024687	685400.000000
70.625000	-0.024607	685600.000000
70.729167	-0.024258	685800.000000
70.833333	-0.023487	686000.000000
70.937500	-0.023052	686200.000000
71.041667	-0.022475	686400.000000
71.145833	-0.022503	686600.000000
71.250000	-0.022837	686800.000000
71.354167	-0.023186	687000.000000
71.458333	-0.023610	687200.000000
71.562500	-0.024129	687400.000000
71.666667	-0.024526	687600.000000
71.770833	-0.024602	687800.000000
71.875000	-0.024700	688000.000000
71.979167	-0.024704	688200.000000
72.083333	-0.024823	688400.000000
72.187500	-0.024767	688600.000000
72.291667	-0.024817	688800.000000
72.395833	-0.024705	689000.000000
72.500000	-0.024319	689200.000000
72.604167	-0.024063	689400.000000
72.708333	-0.023810	689600.000000
72.812500	-0.023548	689800.000000
72.916667	-0.023302	690000.000000
73.020833	-0.023286	690200.000000
73.125000	-0.023072	690400.000000
73.229167	-0.022633	690600.000000
73.333333	-0.022395	690800.000000
73.437500	-0.022207	691000.000000
73.541667	-0.022309	691200.000000
73.645833	-0.022256	691400.000000
73.750000	-0.022402	691600.000000
73.854167	-0.022135	691800.000000
73.958333	-0.021741	692000.000000
74.062500	-0.021837	692200.000000
74.166667	-0.021776	692400.000000
74.270833	-0.021855	692600.000000
74.375000	-0.022017	692800.000000
74.479167	-0.022192	693000.000000
74.583333	-0.022174	693200.000000
74.687500	-0.022285	693400.000000
74.791667	-0.021853	693600.000000
74.895833	-0.022083	693800.000000
75.000000	-0.022194	694000.000000
75.104167	-0.022389	694200.000000
75.208333	-0.022655	694400.000000
75.312500	-0.023395	694600.000000
75.416667	-0.023710	694800.000000
75.520833	-0.024030	695000.000000
75.625000	-0.024526	695200.000000
75.729167	-0.024543	695400.000000
75.833333	-0.024203	695600.000000
75.937500	-0.024204	695800.000000
76.041667	-0.024370	696000.000000
76.145833	-0.024197	696200.000000
76.250000	-0.023925	696400.000000
76.354167	-0.023496	696600.000000
76.458333	-0.023063	696800.000000
76.562500	-0.023032	697000.000000
76.666667	-0.022866	697200.000000
76.770833	-0.022769	697400.000000
76.875000	-0.023013	697600.000000
76.979167	-0.023622	697800.000000
77.083333	-0.023786	698000.000000
77.187500	-0.023508	698200.000000
77.291667	-0.023218	698400.000000
77.395833	-0.023292	698600.000000
77.500000	-0.023168	698800.000000
77.604167	-0.023067	699000.000000
77.708333	-0.023010	699200.000000
77.812500	-0.023397	699400.000000
77.916667	-0.023673	699600.000000
78.020833	-0.023728	699800.000000
78.125000	-0.023688	700000.000000
78.229167	-0.023270	700200.000000
78.333333	-0.022963	700400.000000
78.437500	-0.023121	700600.000000
78.541667	-0.023397	700800.000000
78.645833	-0.023648	701000.000000
78.750000	-0.023891	701200.000000
78.854167	-0.024097	701400.000000
78.958333	-0.023488	701600.000000
79.062500	-0.023231	701800.000000
79.166667	-0.023221	702000.000000
79.270833	-0.023163	702200.000000
79.375000	-0.023349	702400.000000
79.479167	-0.023831	702600.000000
79.583333	-0.024282	702800.000000
79.687500	-0.024166	703000.000000
79.791667	-0.024127	703200.000000
79.895833	-0.023775	703400.000000
80.000000	-0.022923	703600.000000
80.104167	-0.022664	703800.000000
80.208333	-0.022533	704000.000000
80.312500	-0.022525	704200.000000
80.416667	-0.022740	704400.000000
80.520833	-0.023299	704600.000000
80.625000	-0.023479	704800.000000
80.729167	-0.023593	705000.000000
80.833333	-0.023768	705200.000000
80.937500	-0.023697	705400.000000
81.041667	-0.023945	705600.000000
81.145833	-0.023644	705800.000000
81.250000	-0.023461	706000.000000
81.354167	-0.023254	706200.000000
81.458333	-0.023233	706400.000000
81.562500	-0.023106	706600.000000
81.666667	-0.022911	706800.000000
81.770833	-0.022671	707000.000000
81.875000	-0.022529	707200.000000
81.979167	-0.022160	707400.000000
82.083333	-0.022253	707600.000000
82.187500	-0.022421	707800.000000
82.291667	-0.022664	708000.000000
82.395833	-0.022936	708200.000000
82.500000	-0.022867	708400.000000
82.604167	-0.023194	708600.000000
82.708333	-0.023022	708800.000000
82.812500	-0.022846	709000.000000
82.916667	-0.022749	709200.000000
83.020833	-0.022830	709400.000000
83.125000	-0.022918	709600.000000
83.229167	-0.022726	709800.000000
83.333333	-0.022801	710000.000000
83.437500	-0.022929	710200.000000
83.541667	-0.022997	710400.000000
83.645833	-0.022738	710600.000000
83.750000	-0.022748	710800.000000
83.854167	-0.022445	711000.000000
83.958333	-0.022673	711200.000000
84.062500	-0.022665	711400.000000
84.166667	-0.022673	711600.000000
84.270833	-0.023119	711800.000000
84.375000	-0.023351	712000.000000
84.479167	-0.023248	712200.000000
84.583333	-0.023385	712400.000000
84.687500	-0.023289	712600.000000
84.791667	-0.023395	712800.000000
84.895833	-0.023632	713000.000000
85.000000	-0.023855	713200.000000
85.104167	-0.023869	713400.000000
85.208333	-0.023785	713600.000000
85.312500	-0.023421	713800.000000
85.416667	-0.023166	714000.000000
85.520833	-0.022992	714200.000000
85.625000	-0.022981	714400.000000
85.729167	-0.023120	714600.000000
85.833333	-0.023299	714800.000000
85.937500	-0.023685	715000.000000
86.041667	-0.023886	715200.000000
86.145833	-0.024138	715400.000000
86.250000	-0.024098	715600.000000
86.354167	-0.023942	715800.000000
86.458333	-0.023926	716000.000000
86.562500	-0.024186	716200.000000
86.666667	-0.024204	716400.000000
86.770833	-0.024231	716600.000000
86.875000	-0.024185	716800.000000
86.979167	-0.023948	717000.000000
87.083333	-0.023556	717200.000000
87.187500	-0.023360	717400.000000
87.291667	-0.023465	717600.000000
87.395833	-0.023391	717800.000000
87.500000	-0.023601	718000.000000
87.604167	-0.023949	718200.000000
87.708333	-0.024179	718400.000000
87.812500	-0.024380	718600.000000
87.916667	-0.024461	718800.000000
88.020833	-0.024308	719000.000000
88.125000	-0.024112	719200.000000
88.229167	-0.023767	719400.000000
88.333333	-0.023606	719600.000000
88.437500	-0.023780	719800.000000
88.541667	-0.023892	720000.000000
88.645833	-0.023750	720200.000000
88.750000	-0.023798	720400.000000
88.854167	-0.023436	720600.000000
88.958333	-0.023230	720800.000000
89.062500	-0.023231	721000.000000
89.166667	-0.023306	721200.000000
89.270833	-0.023097	721400.000000
89.375000	-0.023124	721600.000000
89.479167	-0.022887	721800.000000
89.583333	-0.023042	722000.000000
89.687500	-0.023407	722200.000000
89.791667	-0.023331	722400.000000
89.895833	-0.023190	722600.000000
90.000000	-0.023644	722800.000000
90.104167	-0.023768	723000.000000
90.208333	-0.023731	723200.000000
90.312500	-0.023655	723400.000000
90.416667	-0.023644	723600.000000
90.520833	-0.023577	723800.000000
90.625000	-0.023366	724000.000000
90.729167	-0.023298	724200.000000
90.833333	-0.023121	724400.000000
90.937500	-0.023113	724600.000000
91.041667	-0.023097	724800.000000
91.145833	-0.023173	725000.000000
91.250000	-0.023189	725200.000000
91.354167	-0.023408	725400.000000
91.458333	-0.023564	725600.000000
91.562500	-0.023659	725800.000000
91.666667	-0.023929	726000.000000
91.770833	-0.023906	726200.000000
91.875000	-0.023851	726400.000000
91.979167	-0.023874	726600.000000
92.083333	-0.023582	726800.000000
92.187500	-0.023346	727000.000000
92.291667	-0.023307	727200.000000
92.395833	-0.023231	727400.000000
92.500000	-0.022858	727600.000000
92.604167	-0.022947	727800.000000
92.708333	-0.023030	728000.000000
92.812500	-0.023044	728200.000000
92.916667	-0.023295	728400.000000
93.020833	-0.023292	728600.000000
93.125000	-0.023161	728800.000000
93.229167	-0.023398	729000.000000
93.333333	-0.023304	729200.000000
93.437500	-0.023375	729400.000000
93.541667	-0.023176	729600.000000
93.645833	-0.023387	729800.000000
93.750000	-0.023263	730000.000000
93.854167	-0.023397	730200.000000
93.958333	-0.023261	730400.000000
94.062500	-0.023381	730600.000000
94.166667	-0.023441	730800.000000
94.270833	-0.023678	731000.000000
94.375000	-0.023409	731200.000000
94.479167	-0.023402	731400.000000
94.583333	-0.023359	731600.000000
94.687500	-0.023499	731800.000000
94.791667	-0.023541	732000.000000
94.895833	-0.023555	732200.000000
95.000000	-0.023860	732400.000000
95.104167	-0.024005	732600.000000
95.208333	-0.024052	732800.000000
95.312500	-0.024112	733000.000000
95.416667	-0.023903	733200.000000
95.520833	-0.023729	733400.000000
95.625000	-0.023965	733600.000000
95.729167	-0.023821	733800.000000
95.833333	-0.023836	734000.000000
95.937500	-0.023572	734200.000000
96.041667	-0.023521	734400.000000
96.145833	-0.023363	734600.000000
96.250000	-0.022777	734800.000000
96.354167	-0.022537	735000.000000
96.458333	-0.022749	735200.000000
96.562500	-0.022871	735400.000000
96.666667	-0.023151	735600.000000
96.770833	-0.023475	735800.000000
96.875000	-0.023611	736000.000000
96.979167	-0.023696	736200.000000
97.083333	-0.023750	736400.000000
97.187500	-0.023625	736600.000000
97.291667	-0.023248	736800.000000
97.395833	-0.023271	737000.000000
97.500000	-0.022993	737200.000000
97.604167	-0.022743	737400.000000
97.708333	-0.022420	737600.000000
97.812500	-0.022264	737800.000000
97.916667	-0.022121	738000.000000
98.020833	-0.022124	738200.000000
98.125000	-0.021991	738400.000000
98.229167	-0.022188	738600.000000
98.333333	-0.022489	738800.000000
98.437500	-0.022761	739000.000000
98.541667	-0.022881	739200.000000
98.645833	-0.023328	739400.000000
98.750000	-0.023733	739600.000000
98.854167	-0.023909	739800.000000
98.958333	-0.024008	740000.000000
99.062500	-0.024058	740200.000000
99.166667	-0.024164	740400.000000
99.270833	-0.024196	740600.000000
99.375000	-0.024419	740800.000000
99.479167	-0.024262	741000.000000
99.583333	-0.024276	741200.000000
99.687500	-0.024293	741400.000000
99.791667	-0.023976	741600.000000
99.895833	-0.023634	741800.000000
100.000000	-0.023486	742000.000000
100.104167	-0.023306	742200.000000
100.208333	-0.023106	742400.000000
100.312500	-0.023168	742600.000000
100.416667	-0.023333	742800.000000
100.520833	-0.023282	743000.000000
100.625000	-0.023564	743200.000000
100.729167	-0.023630	743400.000000
100.833333	-0.023696	743600.000000
100.937500	-0.023856	743800.000000
101.041667	-0.023811	744000.000000
101.145833	-0.023762	744200.000000
101.250000	-0.023746	744400.000000
101.354167	-0.023455	744600.000000
101.458333	-0.023392	744800.000000
101.562500	-0.023046	745000.000000
101.666667	-0.022917	745200.000000
101.770833	-0.022973	745400.000000
101.875000	-0.023252	745600.000000
101.979167	-0.023551	745800.000000
102.083333	-0.023461	746000.000000
102.187500	-0.023705	746200.000000
102.291667	-0.023738	746400.000000
102.395833	-0.023607	746600.000000
102.500000	-0.023452	746800.000000
102.604167	-0.023484	747000.000000
102.708333	-0.023561	747200.000000
102.812500	-0.023651	747400.000000
102.916667	-0.023848	747600.000000
103.020833	-0.023757	747800.000000
103.125000	-0.023613	748000.000000
103.229167	-0.023557	748200.000000
103.333333	-0.023358	748400.000000
103.437500	-0.023345	748600.000000
103.541667	-0.023443	748800.000000
103.645833	-0.023397	749000.000000
103.750000	-0.023763	749200.000000
103.854167	-0.024090	749400.000000
103.958333	-0.023853	749600.000000
104.062500	-0.023819	749800.000000
104.166667	-0.023946	750000.000000
104.270833	-0.023948	750200.000000
104.375000	-0.023818	750400.000000
104.479167	-0.023881	750600.000000
104.583333	-0.023937	750800.000000
104.687500	-0.024179	751000.000000
104.791667	-0.024061	751200.000000
104.895833	-0.023795	751400.000000
105.000000	-0.023701	751600.000000
105.104167	-0.023535	751800.000000
105.208333	-0.023404	752000.000000
105.312500	-0.023236	752200.000000
105.416667	-0.023457	752400.000000
105.520833	-0.023213	752600.000000
105.625000	-0.023137	752800.000000
105.729167	-0.023160	753000.000000
105.833333	-0.023165	753200.000000
105.937500	-0.023302	753400.000000
106.041667	-0.023283	753600.000000
106.145833	-0.023567	753800.000000
106.250000	-0.023404	754000.000000
106.354167	-0.023261	754200.000000
106.458333	-0.023261	754400.000000
106.562500	-0.023388	754600.000000
106.666667	-0.023121	754800.000000
106.770833	-0.023142	755000.000000
106.875000	-0.023166	755200.000000
106.979167	-0.023059	755400.000000
107.083333	-0.022846	755600.000000
107.187500	-0.022909	755800.000000
107.291667	-0.023076	756000.000000
107.395833	-0.023094	756200.000000
107.500000	-0.023306	756400.000000
107.604167	-0.023503	756600.000000
107.708333	-0.023691	756800.000000
107.812500	-0.023497	757000.000000
107.916667	-0.023628	757200.000000
108.020833	-0.023581	757400.000000
108.125000	-0.023264	757600.000000
108.229167	-0.023414	757800.000000
108.333333	-0.023412	758000.000000
108.437500	-0.023012	758200.000000
108.541667	-0.023107	758400.000000
108.645833	-0.023231	758600.000000
108.750000	-0.023012	758800.000000
108.854167	-0.023055	759000.000000
108.958333	-0.022982	759200.000000
109.062500	-0.023029	759400.000000
109.166667	-0.023158	759600.000000
109.270833	-0.023374	759800.000000
109.375000	-0.023395	760000.000000
109.479167	-0.023279	760200.000000
109.583333	-0.023566	760400.000000
109.687500	-0.023352	760600.000000
109.791667	-0.023378	760800.000000
109.895833	-0.023516	761000.000000
110.000000	-0.023638	761200.000000
110.104167	-0.023728	761400.000000
110.208333	-0.023960	761600.000000
110.312500	-0.023654	761800.000000
110.416667	-0.023644	762000.000000
110.520833	-0.023468	762200.000000
110.625000	-0.023256	762400.000000
110.729167	-0.023054	762600.000000
110.833333	-0.023023	762800.000000
110.937500	-0.023257	763000.000000
111.041667	-0.023387	763200.000000
111.145833	-0.023458	763400.000000
111.250000	-0.023500	763600.000000
111.354167	-0.023332	763800.000000
111.458333	-0.023294	764000.000000
111.562500	-0.023331	764200.000000
111.666667	-0.023277	764400.000000
111.770833	-0.023479	764600.000000
111.875000	-0.023439	764800.000000
111.979167	-0.023425	765000.000000
112.083333	-0.023421	765200.000000
112.187500	-0.023286	765400.000000
112.291667	-0.023036	765600.000000
112.395833	-0.022983	765800.000000
112.500000	-0.023046	766000.000000
112.604167	-0.023046	766200.000000
112.708333	-0.023224	766400.000000
112.812500	-0.023523	766600.000000
112.916667	-0.023568	766800.000000
113.020833	-0.023602	767000.000000
113.125000	-0.023774	767200.000000
113.229167	-0.023644	767400.000000
113.333333	-0.023749	767600.000000
113.437500	-0.023775	767800.000000
113.541667	-0.023642	768000.000000
113.645833	-0.023563	768200.000000
113.750000	-0.023818	768400.000000
113.854167	-0.023764	768600.000000
113.958333	-0.023535	768800.000000
114.062500	-0.023535	769000.000000
114.166667	-0.023758	769200.000000
114.270833	-0.023653	769400.000000
114.375000	-0.023359	769600.000000
114.479167	-0.023384	769800.000000
114.583333	-0.023508	770000.000000
114.687500	-0.023701	770200.000000
114.791667	-0.023696	770400.000000
114.895833	-0.023749	770600.000000
115.000000	-0.023883	770800.000000
115.104167	-0.024030	771000.000000
115.208333	-0.023912	771200.000000
115.312500	-0.024200	771400.000000
115.416667	-0.024081	771600.000000
115.520833	-0.024192	771800.000000
115.625000	-0.024174	772000.000000
115.729167	-0.024252	772200.000000
115.833333	-0.023927	772400.000000
115.937500	-0.024116	772600.000000
116.041667	-0.023998	772800.000000
116.145833	-0.024076	773000.000000
116.250000	-0.024141	773200.000000
116.354167	-0.023983	773400.000000
116.458333	-0.023879	773600.000000
116.562500	-0.024198	773800.000000
116.666667	-0.024150	774000.000000
116.770833	-0.024195	774200.000000
116.875000	-0.024273	774400.000000
116.979167	-0.024151	774600.000000
117.083333	-0.024183	774800.000000
117.187500	-0.024103	775000.000000
117.291667	-0.023764	775200.000000
117.395833	-0.023795	775400.000000
117.500000	-0.023791	775600.000000
117.604167	-0.023875	775800.000000
117.708333	-0.023562	776000.000000
117.812500	-0.023712	776200.000000
117.916667	-0.023748	776400.000000
118.020833	-0.024039	776600.000000
118.125000	-0.024126	776800.000000
118.229167	-0.024189	777000.000000
118.333333	-0.024236	777200.000000
118.437500	-0.024246	777400.000000
118.541667	-0.024316	777600.000000
118.645833	-0.024223	777800.000000
118.750000	-0.024176	778000.000000
118.854167	-0.024424	778200.000000
118.958333	-0.024359	778400.000000
119.062500	-0.024318	778600.000000
119.166667	-0.024460	778800.000000
119.270833	-0.024185	779000.000000
119.375000	-0.024087	779200.000000
119.479167	-0.023990	779400.000000
119.583333	-0.023540	779600.000000
119.687500	-0.023286	779800.000000
119.791667	-0.023244	780000.000000
119.895833	-0.023299	780200.000000
120.000000	-0.023237	780400.000000
120.104167	-0.023303	780600.000000
120.208333	-0.023370	780800.000000
120.312500	-0.023363	781000.000000
120.416667	-0.023302	781200.000000
120.520833	-0.023301	781400.000000
120.625000	-0.023359	781600.000000
120.729167	-0.023704	781800.000000
120.833333	-0.023654	782000.000000
120.937500	-0.023627	782200.000000
121.041667	-0.023646	782400.000000
121.145833	-0.023659	782600.000000
121.250000	-0.023481	782800.000000
121.354167	-0.023414	783000.000000
121.458333	-0.023195	783200.000000
121.562500	-0.023173	783400.000000
121.666667	-0.023350	783600.000000
121.770833	-0.023295	783800.000000
121.875000	-0.023236	784000.000000
121.979167	-0.023599	784200.000000
122.083333	-0.023503	784400.000000
122.187500	-0.023422	784600.000000
122.291667	-0.023453	784800.000000
122.395833	-0.023549	785000.000000
122.500000	-0.023340	785200.000000
122.604167	-0.023288	785400.000000
122.708333	-0.023126	785600.000000
122.812500	-0.023140	785800.000000
122.916667	-0.023081	786000.000000
123.020833	-0.023044	786200.000000
123.125000	-0.023042	786400.000000
123.229167	-0.023145	786600.000000
123.333333	-0.023274	786800.000000
123.437500	-0.023039	787000.000000
123.541667	-0.023211	787200.000000
123.645833	-0.023312	787400.000000
123.750000	-0.023383	787600.000000
123.854167	-0.023499	787800.000000
123.958333	-0.023710	788000.000000
124.062500	-0.023659	788200.000000
124.166667	-0.023753	788400.000000
124.270833	-0.023772	788600.000000
124.375000	-0.023699	788800.000000
124.479167	-0.023560	789000.000000
124.583333	-0.023844	789200.000000
124.687500	-0.023791	789400.000000
124.791667	-0.023640	789600.000000
124.895833	-0.023917	789800.000000
125.000000	-0.023657	790000.000000
125.104167	-0.023493	790200.000000
125.208333	-0.023575	790400.000000
125.312500	-0.023498	790600.000000
125.416667	-0.023578	790800.000000
125.520833	-0.023732	791000.000000
125.625000	-0.023717	791200.000000
125.729167	-0.023695	791400.000000
125.833333	-0.023913	791600.000000
125.937500	-0.023854	791800.000000
126.041667	-0.023920	792000.000000
126.145833	-0.023856	792200.000000
126.250000	-0.023816	792400.000000
126.354167	-0.023835	792600.000000
126.458333	-0.023770	792800.000000
126.562500	-0.023753	793000.000000
126.666667	-0.023598	793200.000000
126.770833	-0.023777	793400.000000
126.875000	-0.023601	793600.000000
126.979167	-0.023570	793800.000000
127.083333	-0.023586	794000.000000
127.187500	-0.023610	794200.000000
127.291667	-0.023716	794400.000000
127.395833	-0.023838	794600.000000
127.500000	-0.023996	794800.000000
127.604167	-0.024061	795000.000000
127.708333	-0.023884	795200.000000
127.812500	-0.023994	795400.000000
127.916667	-0.023800	795600.000000
128.020833	-0.023615	795800.000000
128.125000	-0.023692	796000.000000
128.229167	-0.023647	796200.000000
128.333333	-0.023893	796400.000000
128.437500	-0.023930	796600.000000
128.541667	-0.023858	796800.000000
128.645833	-0.023637	797000.000000
128.750000	-0.023718	797200.000000
128.854167	-0.023600	797400.000000
128.958333	-0.023662	797600.000000
129.062500	-0.023952	797800.000000
129.166667	-0.024004	798000.000000
129.270833	-0.023820	798200.000000
129.375000	-0.023959	798400.000000
129.479167	-0.023673	798600.000000
129.583333	-0.023638	798800.000000
129.687500	-0.023650	799000.000000
129.791667	-0.023596	799200.000000
129.895833	-0.023834	799400.000000
130.000000	-0.023919	799600.000000
130.104167	-0.024122	799800.000000
130.208333	-0.023862	800000.000000
