0.000000	-0.022939	500000.000000
0.104167	-0.022815	500200.000000
0.208333	-0.023045	500400.000000
0.312500	-0.023093	500600.000000
0.416667	-0.022619	500800.000000
0.520833	-0.022874	501000.000000
0.625000	-0.023063	501200.000000
0.729167	-0.023112	501400.000000
0.833333	-0.023197	501600.000000
0.937500	-0.023230	501800.000000
1.041667	-0.023079	502000.000000
1.145833	-0.023016	502200.000000
1.250000	-0.023083	502400.000000
1.354167	-0.023199	502600.000000
1.458333	-0.023186	502800.000000
1.562500	-0.023046	503000.000000
1.666667	-0.023096	503200.000000
1.770833	-0.023273	503400.000000
1.875000	-0.023187	503600.000000
1.979167	-0.023256	503800.000000
2.083333	-0.023524	504000.000000
2.187500	-0.023371	504200.000000
2.291667	-0.023412	504400.000000
2.395833	-0.023254	504600.000000
2.500000	-0.023195	504800.000000
2.604167	-0.023192	505000.000000
2.708333	-0.023353	505200.000000
2.812500	-0.023395	505400.000000
2.916667	-0.023202	505600.000000
3.020833	-0.023317	505800.000000
3.125000	-0.023113	506000.000000
3.229167	-0.023083	506200.000000
3.333333	-0.023189	506400.000000
3.437500	-0.023236	506600.000000
3.541667	-0.023183	506800.000000
3.645833	-0.023207	507000.000000
3.750000	-0.023108	507200.000000
3.854167	-0.022979	507400.000000
3.958333	-0.023291	507600.000000
4.062500	-0.023250	507800.000000
4.166667	-0.023048	508000.000000
4.270833	-0.023232	508200.000000
4.375000	-0.023098	508400.000000
4.479167	-0.023133	508600.000000
4.583333	-0.023102	508800.000000
4.687500	-0.023162	509000.000000
4.791667	-0.023153	509200.000000
4.895833	-0.023191	509400.000000
5.000000	-0.023283	509600.000000
5.104167	-0.023036	509800.000000
5.208333	-0.023268	510000.000000
5.312500	-0.023334	510200.000000
5.416667	-0.023074	510400.000000
5.520833	-0.023155	510600.000000
5.625000	-0.023438	510800.000000
5.729167	-0.023181	511000.000000
5.833333	-0.023333	511200.000000
5.937500	-0.023345	511400.000000
6.041667	-0.023319	511600.000000
6.145833	-0.023336	511800.000000
6.250000	-0.023365	512000.000000
6.354167	-0.023318	512200.000000
6.458333	-0.023293	512400.000000
6.562500	-0.023369	512600.000000
6.666667	-0.023182	512800.000000
6.770833	-0.023205	513000.000000
6.875000	-0.023271	513200.000000
6.979167	-0.023361	513400.000000
7.083333	-0.023156	513600.000000
7.187500	-0.023151	513800.000000
7.291667	-0.023228	514000.000000
7.395833	-0.023031	514200.000000
7.500000	-0.023122	514400.000000
7.604167	-0.023081	514600.000000
7.708333	-0.023046	514800.000000
7.812500	-0.023199	515000.000000
7.916667	-0.023215	515200.000000
8.020833	-0.023039	515400.000000
8.125000	-0.023319	515600.000000
8.229167	-0.022959	515800.000000
8.333333	-0.023218	516000.000000
8.437500	-0.023159	516200.000000
8.541667	-0.023213	516400.000000
8.645833	-0.023311	516600.000000
8.750000	-0.023206	516800.000000
8.854167	-0.023146	517000.000000
8.958333	-0.023109	517200.000000
9.062500	-0.023251	517400.000000
9.166667	-0.023133	517600.000000
9.270833	-0.022932	517800.000000
9.375000	-0.023100	518000.000000
9.479167	-0.023225	518200.000000
9.583333	-0.023263	518400.000000
9.687500	-0.023245	518600.000000
9.791667	-0.023256	518800.000000
9.895833	-0.023235	519000.000000
10.000000	-0.023206	519200.000000
10.104167	-0.023254	519400.000000
10.208333	-0.023099	519600.000000
10.312500	-0.023194	519800.000000
10.416667	-0.023223	520000.000000
10.520833	-0.023171	520200.000000
10.625000	-0.023226	520400.000000
10.729167	-0.023278	520600.000000
10.833333	-0.023175	520800.000000
10.937500	-0.023086	521000.000000
11.041667	-0.023236	521200.000000
11.145833	-0.023359	521400.000000
11.250000	-0.023114	521600.000000
11.354167	-0.023314	521800.000000
11.458333	-0.023285	522000.000000
11.562500	-0.023340	522200.000000
11.666667	-0.023096	522400.000000
11.770833	-0.023110	522600.000000
11.875000	-0.023217	522800.000000
11.979167	-0.023237	523000.000000
12.083333	-0.023133	523200.000000
12.187500	-0.023099	523400.000000
12.291667	-0.023296	523600.000000
12.395833	-0.023129	523800.000000
12.500000	-0.022999	524000.000000
12.604167	-0.023100	524200.000000
12.708333	-0.023046	524400.000000
12.812500	-0.023139	524600.000000
12.916667	-0.023202	524800.000000
13.020833	-0.023203	525000.000000
13.125000	-0.023318	525200.000000
13.229167	-0.023396	525400.000000
13.333333	-0.023318	525600.000000
13.437500	-0.023246	525800.000000
13.541667	-0.023231	526000.000000
13.645833	-0.023407	526200.000000
13.750000	-0.023359	526400.000000
13.854167	-0.023434	526600.000000
13.958333	-0.023311	526800.000000
14.062500	-0.023381	527000.000000
14.166667	-0.023630	527200.000000
14.270833	-0.023503	527400.000000
14.375000	-0.023378	527600.000000
14.479167	-0.023434	527800.000000
14.583333	-0.023292	528000.000000
14.687500	-0.023523	528200.000000
14.791667	-0.023455	528400.000000
14.895833	-0.023443	528600.000000
15.000000	-0.023276	528800.000000
15.104167	-0.023430	529000.000000
15.208333	-0.023257	529200.000000
15.312500	-0.023373	529400.000000
15.416667	-0.023465	529600.000000
15.520833	-0.023626	529800.000000
15.625000	-0.023324	530000.000000
15.729167	-0.023563	530200.000000
15.833333	-0.023719	530400.000000
15.937500	-0.023422	530600.000000
16.041667	-0.023473	530800.000000
16.145833	-0.023558	531000.000000
16.250000	-0.023536	531200.000000
16.354167	-0.023613	531400.000000
16.458333	-0.023680	531600.000000
16.562500	-0.023608	531800.000000
16.666667	-0.023669	532000.000000
16.770833	-0.023637	532200.000000
16.875000	-0.023813	532400.000000
16.979167	-0.023775	532600.000000
17.083333	-0.023849	532800.000000
17.187500	-0.023929	533000.000000
17.291667	-0.024162	533200.000000
17.395833	-0.024358	533400.000000
17.500000	-0.024323	533600.000000
17.604167	-0.024225	533800.000000
17.708333	-0.024423	534000.000000
17.812500	-0.024413	534200.000000
17.916667	-0.024636	534400.000000
18.020833	-0.024649	534600.000000
18.125000	-0.024708	534800.000000
18.229167	-0.024863	535000.000000
18.333333	-0.025044	535200.000000
18.437500	-0.025055	535400.000000
18.541667	-0.025345	535600.000000
18.645833	-0.025640	535800.000000
18.750000	-0.025853	536000.000000
18.854167	-0.026144	536200.000000
18.958333	-0.026469	536400.000000
19.062500	-0.026908	536600.000000
19.166667	-0.026915	536800.000000
19.270833	-0.027475	537000.000000
19.375000	-0.028168	537200.000000
19.479167	-0.028623	537400.000000
19.583333	-0.029377	537600.000000
19.687500	-0.030035	537800.000000
19.791667	-0.030930	538000.000000
19.895833	-0.031724	538200.000000
20.000000	-0.032870	538400.000000
20.104167	-0.034062	538600.000000
20.208333	-0.035414	538800.000000
20.312500	-0.036999	539000.000000
20.416667	-0.038840	539200.000000
20.520833	-0.040961	539400.000000
20.625000	-0.043225	539600.000000
20.729167	-0.045856	539800.000000
20.833333	-0.048750	540000.000000
20.937500	-0.052038	540200.000000
21.041667	-0.055674	540400.000000
21.145833	-0.059483	540600.000000
21.250000	-0.063225	540800.000000
21.354167	-0.067558	541000.000000
21.458333	-0.071614	541200.000000
21.562500	-0.075654	541400.000000
21.666667	-0.078859	541600.000000
21.770833	-0.081198	541800.000000
21.875000	-0.081127	542000.000000
21.979167	-0.076561	542200.000000
22.083333	-0.061147	542400.000000
22.187500	-0.023123	542600.000000
22.291667	0.053962	542800.000000
22.395833	0.188706	543000.000000
22.500000	0.371304	543200.000000
22.604167	0.562619	543400.000000
22.708333	0.693992	543600.000000
22.812500	0.699230	543800.000000
22.916667	0.553586	544000.000000
23.020833	0.300407	544200.000000
23.125000	0.015187	544400.000000
23.229167	-0.216397	544600.000000
23.333333	-0.347485	544800.000000
23.437500	-0.386968	545000.000000
23.541667	-0.367277	545200.000000
23.645833	-0.326935	545400.000000
23.750000	-0.288635	545600.000000
23.854167	-0.255838	545800.000000
23.958333	-0.225655	546000.000000
24.062500	-0.200867	546200.000000
24.166667	-0.187472	546400.000000
24.270833	-0.190696	546600.000000
24.375000	-0.205081	546800.000000
24.479167	-0.212889	547000.000000
24.583333	-0.196706	547200.000000
24.687500	-0.151296	547400.000000
24.791667	-0.089521	547600.000000
24.895833	-0.037615	547800.000000
25.000000	-0.012771	548000.000000
25.104167	-0.015647	548200.000000
25.208333	-0.033047	548400.000000
25.312500	-0.048396	548600.000000
25.416667	-0.052121	548800.000000
25.520833	-0.042623	549000.000000
25.625000	-0.024512	549200.000000
25.729167	-0.004366	549400.000000
25.833333	0.013093	549600.000000
25.937500	0.020785	549800.000000
26.041667	0.013979	550000.000000
26.145833	-0.006365	550200.000000
26.250000	-0.028319	550400.000000
26.354167	-0.037668	550600.000000
26.458333	-0.026754	550800.000000
26.562500	-0.001784	551000.000000
26.666667	0.021605	551200.000000
26.770833	0.030156	551400.000000
26.875000	0.023157	551600.000000
26.979167	0.011072	551800.000000
27.083333	0.006398	552000.000000
27.187500	0.013139	552200.000000
27.291667	0.025777	552400.000000
27.395833	0.033683	552600.000000
27.500000	0.029093	552800.000000
27.604167	0.014083	553000.000000
27.708333	-0.004930	553200.000000
27.812500	-0.020364	553400.000000
27.916667	-0.030858	553600.000000
28.020833	-0.036333	553800.000000
28.125000	-0.037723	554000.000000
28.229167	-0.035508	554200.000000
28.333333	-0.029474	554400.000000
28.437500	-0.019648	554600.000000
28.541667	-0.007749	554800.000000
28.645833	0.002558	555000.000000
28.750000	0.007623	555200.000000
28.854167	0.004282	555400.000000
28.958333	-0.005740	555600.000000
29.062500	-0.018257	555800.000000
29.166667	-0.027413	556000.000000
29.270833	-0.029589	556200.000000
29.375000	-0.026197	556400.000000
29.479167	-0.021301	556600.000000
29.583333	-0.020079	556800.000000
29.687500	-0.023291	557000.000000
29.791667	-0.029722	557200.000000
29.895833	-0.035399	557400.000000
30.000000	-0.036223	557600.000000
30.104167	-0.031512	557800.000000
30.208333	-0.022165	558000.000000
30.312500	-0.012651	558200.000000
30.416667	-0.006509	558400.000000
30.520833	-0.004825	558600.000000
30.625000	-0.005562	558800.000000
30.729167	-0.007258	559000.000000
30.833333	-0.008116	559200.000000
30.937500	-0.009182	559400.000000
31.041667	-0.011069	559600.000000
31.145833	-0.013070	559800.000000
31.250000	-0.013838	560000.000000
31.354167	-0.013500	560200.000000
31.458333	-0.014543	560400.000000
31.562500	-0.020705	560600.000000
31.666667	-0.033565	560800.000000
31.770833	-0.051533	561000.000000
31.875000	-0.066831	561200.000000
31.979167	-0.071752	561400.000000
32.083333	-0.062551	561600.000000
32.187500	-0.042644	561800.000000
32.291667	-0.021457	562000.000000
32.395833	-0.007795	562200.000000
32.500000	-0.004738	562400.000000
32.604167	-0.010735	562600.000000
32.708333	-0.020802	562800.000000
32.812500	-0.029033	563000.000000
32.916667	-0.032638	563200.000000
33.020833	-0.032763	563400.000000
33.125000	-0.031074	563600.000000
33.229167	-0.029545	563800.000000
33.333333	-0.028856	564000.000000
33.437500	-0.028870	564200.000000
33.541667	-0.029425	564400.000000
33.645833	-0.029885	564600.000000
33.750000	-0.028867	564800.000000
33.854167	-0.025176	565000.000000
33.958333	-0.019549	565200.000000
34.062500	-0.011141	565400.000000
34.166667	-0.001351	565600.000000
34.270833	0.006370	565800.000000
34.375000	0.007991	566000.000000
34.479167	0.001579	566200.000000
34.583333	-0.013544	566400.000000
34.687500	-0.030851	566600.000000
34.791667	-0.042124	566800.000000
34.895833	-0.041525	567000.000000
35.000000	-0.028326	567200.000000
35.104167	-0.011105	567400.000000
35.208333	-0.000594	567600.000000
35.312500	-0.003700	567800.000000
35.416667	-0.017920	568000.000000
35.520833	-0.032392	568200.000000
35.625000	-0.037590	568400.000000
35.729167	-0.030208	568600.000000
35.833333	-0.016208	568800.000000
35.937500	-0.002710	569000.000000
36.041667	0.003525	569200.000000
36.145833	0.002132	569400.000000
36.250000	-0.004246	569600.000000
36.354167	-0.012690	569800.000000
36.458333	-0.020286	570000.000000
36.562500	-0.024316	570200.000000
36.666667	-0.023158	570400.000000
36.770833	-0.018046	570600.000000
36.875000	-0.013456	570800.000000
36.979167	-0.014644	571000.000000
37.083333	-0.024244	571200.000000
37.187500	-0.037895	571400.000000
37.291667	-0.047911	571600.000000
37.395833	-0.047106	571800.000000
37.500000	-0.036502	572000.000000
37.604167	-0.020028	572200.000000
37.708333	-0.004617	572400.000000
37.812500	0.005543	572600.000000
37.916667	0.006845	572800.000000
38.020833	-0.001519	573000.000000
38.125000	-0.017489	573200.000000
38.229167	-0.034962	573400.000000
38.333333	-0.047082	573600.000000
38.437500	-0.047799	573800.000000
38.541667	-0.039376	574000.000000
38.645833	-0.029825	574200.000000
38.750000	-0.028100	574400.000000
38.854167	-0.036914	574600.000000
38.958333	-0.049593	574800.000000
39.062500	-0.055415	575000.000000
39.166667	-0.048540	575200.000000
39.270833	-0.030481	575400.000000
39.375000	-0.008206	575600.000000
39.479167	0.007395	575800.000000
39.583333	0.009861	576000.000000
39.687500	-0.001014	576200.000000
39.791667	-0.018332	576400.000000
39.895833	-0.034140	576600.000000
40.000000	-0.041688	576800.000000
40.104167	-0.039777	577000.000000
40.208333	-0.031525	577200.000000
40.312500	-0.022534	577400.000000
40.416667	-0.016919	577600.000000
40.520833	-0.017117	577800.000000
40.625000	-0.023152	578000.000000
40.729167	-0.032481	578200.000000
40.833333	-0.041229	578400.000000
40.937500	-0.045063	578600.000000
41.041667	-0.041241	578800.000000
41.145833	-0.031103	579000.000000
41.250000	-0.019355	579200.000000
41.354167	-0.011398	579400.000000
41.458333	-0.009964	579600.000000
41.562500	-0.014237	579800.000000
41.666667	-0.020389	580000.000000
41.770833	-0.025454	580200.000000
41.875000	-0.027121	580400.000000
41.979167	-0.024847	580600.000000
42.083333	-0.021426	580800.000000
42.187500	-0.020003	581000.000000
42.291667	-0.023448	581200.000000
42.395833	-0.031589	581400.000000
42.500000	-0.040557	581600.000000
42.604167	-0.046020	581800.000000
42.708333	-0.044550	582000.000000
42.812500	-0.036542	582200.000000
42.916667	-0.025485	582400.000000
43.020833	-0.016360	582600.000000
43.125000	-0.011147	582800.000000
43.229167	-0.010607	583000.000000
43.333333	-0.012705	583200.000000
43.437500	-0.015114	583400.000000
43.541667	-0.016315	583600.000000
43.645833	-0.017532	583800.000000
43.750000	-0.020813	584000.000000
43.854167	-0.027050	584200.000000
43.958333	-0.035356	584400.000000
44.062500	-0.041735	584600.000000
44.166667	-0.042627	584800.000000
44.270833	-0.037551	585000.000000
44.375000	-0.029328	585200.000000
44.479167	-0.022522	585400.000000
44.583333	-0.018991	585600.000000
44.687500	-0.018534	585800.000000
44.791667	-0.018061	586000.000000
44.895833	-0.016495	586200.000000
45.000000	-0.014854	586400.000000
45.104167	-0.015096	586600.000000
45.208333	-0.017700	586800.000000
45.312500	-0.020793	587000.000000
45.416667	-0.022089	587200.000000
45.520833	-0.021601	587400.000000
45.625000	-0.020785	587600.000000
45.729167	-0.021962	587800.000000
45.833333	-0.026065	588000.000000
45.937500	-0.030153	588200.000000
46.041667	-0.032299	588400.000000
46.145833	-0.030857	588600.000000
46.250000	-0.026727	588800.000000
46.354167	-0.022680	589000.000000
46.458333	-0.021125	589200.000000
46.562500	-0.021720	589400.000000
46.666667	-0.023119	589600.000000
46.770833	-0.023484	589800.000000
46.875000	-0.021621	590000.000000
46.979167	-0.017845	590200.000000
47.083333	-0.013926	590400.000000
47.187500	-0.011243	590600.000000
47.291667	-0.011402	590800.000000
47.395833	-0.015418	591000.000000
47.500000	-0.022546	591200.000000
47.604167	-0.030672	591400.000000
47.708333	-0.035967	591600.000000
47.812500	-0.035990	591800.000000
47.916667	-0.031643	592000.000000
48.020833	-0.027343	592200.000000
48.125000	-0.025866	592400.000000
48.229167	-0.026530	592600.000000
48.333333	-0.026644	592800.000000
48.437500	-0.022433	593000.000000
48.541667	-0.014918	593200.000000
48.645833	-0.007733	593400.000000
48.750000	-0.004885	593600.000000
48.854167	-0.007796	593800.000000
48.958333	-0.015014	594000.000000
49.062500	-0.023090	594200.000000
49.166667	-0.029540	594400.000000
49.270833	-0.033890	594600.000000
49.375000	-0.035824	594800.000000
49.479167	-0.034916	595000.000000
49.583333	-0.030910	595200.000000
49.687500	-0.024855	595400.000000
49.791667	-0.019238	595600.000000
49.895833	-0.017335	595800.000000
50.000000	-0.018834	596000.000000
50.104167	-0.022299	596200.000000
50.208333	-0.024450	596400.000000
50.312500	-0.023590	596600.000000
50.416667	-0.019313	596800.000000
50.520833	-0.013876	597000.000000
50.625000	-0.010239	597200.000000
50.729167	-0.010764	597400.000000
50.833333	-0.016429	597600.000000
50.937500	-0.024452	597800.000000
51.041667	-0.030728	598000.000000
51.145833	-0.032794	598200.000000
51.250000	-0.029544	598400.000000
51.354167	-0.024034	598600.000000
51.458333	-0.019557	598800.000000
51.562500	-0.018446	599000.000000
51.666667	-0.021157	599200.000000
51.770833	-0.026312	599400.000000
51.875000	-0.029955	599600.000000
51.979167	-0.030029	599800.000000
52.083333	-0.025835	600000.000000
52.187500	-0.018839	600200.000000
52.291667	-0.011976	600400.000000
52.395833	-0.008054	600600.000000
52.500000	-0.008186	600800.000000
52.604167	-0.011964	601000.000000
52.708333	-0.017610	601200.000000
52.812500	-0.022710	601400.000000
52.916667	-0.026982	601600.000000
53.020833	-0.030751	601800.000000
53.125000	-0.033820	602000.000000
53.229167	-0.035100	602200.000000
53.333333	-0.033606	602400.000000
53.437500	-0.029735	602600.000000
53.541667	-0.024843	602800.000000
53.645833	-0.020792	603000.000000
53.750000	-0.018257	603200.000000
53.854167	-0.016839	603400.000000
53.958333	-0.015438	603600.000000
54.062500	-0.014247	603800.000000
54.166667	-0.013961	604000.000000
54.270833	-0.015449	604200.000000
54.375000	-0.018580	604400.000000
54.479167	-0.022499	604600.000000
54.583333	-0.026071	604800.000000
54.687500	-0.028304	605000.000000
54.791667	-0.029814	605200.000000
54.895833	-0.030738	605400.000000
55.000000	-0.030560	605600.000000
55.104167	-0.029304	605800.000000
55.208333	-0.026929	606000.000000
55.312500	-0.024392	606200.000000
55.416667	-0.021643	606400.000000
55.520833	-0.019775	606600.000000
55.625000	-0.018675	606800.000000
55.729167	-0.019141	607000.000000
55.833333	-0.021900	607200.000000
55.937500	-0.025414	607400.000000
56.041667	-0.027139	607600.000000
56.145833	-0.025759	607800.000000
56.250000	-0.022436	608000.000000
56.354167	-0.019973	608200.000000
56.458333	-0.021110	608400.000000
56.562500	-0.025580	608600.000000
56.666667	-0.030715	608800.000000
56.770833	-0.033246	609000.000000
56.875000	-0.032470	609200.000000
56.979167	-0.029032	609400.000000
57.083333	-0.026506	609600.000000
57.187500	-0.026072	609800.000000
57.291667	-0.026669	610000.000000
57.395833	-0.026996	610200.000000
57.500000	-0.025349	610400.000000
57.604167	-0.022130	610600.000000
57.708333	-0.018377	610800.000000
57.812500	-0.014935	611000.000000
57.916667	-0.013184	611200.000000
58.020833	-0.015047	611400.000000
58.125000	-0.020029	611600.000000
58.229167	-0.027189	611800.000000
58.333333	-0.034628	612000.000000
58.437500	-0.038368	612200.000000
58.541667	-0.037324	612400.000000
58.645833	-0.032702	612600.000000
58.750000	-0.027119	612800.000000
58.854167	-0.023705	613000.000000
58.958333	-0.023231	613200.000000
59.062500	-0.023419	613400.000000
59.166667	-0.022956	613600.000000
59.270833	-0.021057	613800.000000
59.375000	-0.018734	614000.000000
59.479167	-0.017430	614200.000000
59.583333	-0.017352	614400.000000
59.687500	-0.018225	614600.000000
59.791667	-0.019702	614800.000000
59.895833	-0.022914	615000.000000
60.000000	-0.027271	615200.000000
60.104167	-0.031893	615400.000000
60.208333	-0.034761	615600.000000
60.312500	-0.033173	615800.000000
60.416667	-0.027795	616000.000000
60.520833	-0.021252	616200.000000
60.625000	-0.017124	616400.000000
60.729167	-0.017083	616600.000000
60.833333	-0.019854	616800.000000
60.937500	-0.022846	617000.000000
61.041667	-0.024482	617200.000000
61.145833	-0.024100	617400.000000
61.250000	-0.022101	617600.000000
61.354167	-0.019830	617800.000000
61.458333	-0.018086	618000.000000
61.562500	-0.016806	618200.000000
61.666667	-0.016296	618400.000000
61.770833	-0.016755	618600.000000
61.875000	-0.018304	618800.000000
61.979167	-0.021013	619000.000000
62.083333	-0.024483	619200.000000
62.187500	-0.027012	619400.000000
62.291667	-0.028495	619600.000000
62.395833	-0.028025	619800.000000
62.500000	-0.025772	620000.000000
62.604167	-0.022929	620200.000000
62.708333	-0.020099	620400.000000
62.812500	-0.017946	620600.000000
62.916667	-0.016951	620800.000000
63.020833	-0.017421	621000.000000
63.125000	-0.018495	621200.000000
63.229167	-0.019162	621400.000000
63.333333	-0.018956	621600.000000
63.437500	-0.017728	621800.000000
63.541667	-0.017410	622000.000000
63.645833	-0.019179	622200.000000
63.750000	-0.023106	622400.000000
63.854167	-0.027821	622600.000000
63.958333	-0.030713	622800.000000
64.062500	-0.030168	623000.000000
64.166667	-0.026152	623200.000000
64.270833	-0.020477	623400.000000
64.375000	-0.015625	623600.000000
64.479167	-0.012842	623800.000000
64.583333	-0.012275	624000.000000
64.687500	-0.013935	624200.000000
64.791667	-0.017118	624400.000000
64.895833	-0.020616	624600.000000
65.000000	-0.023210	624800.000000
65.104167	-0.024626	625000.000000
65.208333	-0.025034	625200.000000
65.312500	-0.025481	625400.000000
65.416667	-0.026415	625600.000000
65.520833	-0.028561	625800.000000
65.625000	-0.031023	626000.000000
65.729167	-0.032496	626200.000000
65.833333	-0.032095	626400.000000
65.937500	-0.029531	626600.000000
66.041667	-0.025919	626800.000000
66.145833	-0.022973	627000.000000
66.250000	-0.022182	627200.000000
66.354167	-0.024008	627400.000000
66.458333	-0.027131	627600.000000
66.562500	-0.028923	627800.000000
66.666667	-0.027594	628000.000000
66.770833	-0.022881	628200.000000
66.875000	-0.017462	628400.000000
66.979167	-0.014397	628600.000000
67.083333	-0.016119	628800.000000
67.187500	-0.020941	629000.000000
67.291667	-0.026638	629200.000000
67.395833	-0.031191	629400.000000
67.500000	-0.032076	629600.000000
67.604167	-0.029890	629800.000000
67.708333	-0.026709	630000.000000
67.812500	-0.023606	630200.000000
67.916667	-0.022227	630400.000000
68.020833	-0.022619	630600.000000
68.125000	-0.024174	630800.000000
68.229167	-0.025067	631000.000000
68.333333	-0.023744	631200.000000
68.437500	-0.020405	631400.000000
68.541667	-0.015906	631600.000000
68.645833	-0.013235	631800.000000
68.750000	-0.014015	632000.000000
68.854167	-0.018279	632200.000000
68.958333	-0.023804	632400.000000
69.062500	-0.028639	632600.000000
69.166667	-0.030858	632800.000000
69.270833	-0.030589	633000.000000
69.375000	-0.028325	633200.000000
69.479167	-0.025432	633400.000000
69.583333	-0.021813	633600.000000
69.687500	-0.018175	633800.000000
69.791667	-0.015357	634000.000000
69.895833	-0.013259	634200.000000
70.000000	-0.012642	634400.000000
70.104167	-0.013575	634600.000000
70.208333	-0.015068	634800.000000
70.312500	-0.016139	635000.000000
70.416667	-0.017241	635200.000000
70.520833	-0.018543	635400.000000
70.625000	-0.019842	635600.000000
70.729167	-0.021142	635800.000000
70.833333	-0.021937	636000.000000
70.937500	-0.022269	636200.000000
71.041667	-0.023114	636400.000000
71.145833	-0.025274	636600.000000
71.250000	-0.027676	636800.000000
71.354167	-0.030240	637000.000000
71.458333	-0.031247	637200.000000
71.562500	-0.030700	637400.000000
71.666667	-0.028919	637600.000000
71.770833	-0.027426	637800.000000
71.875000	-0.027090	638000.000000
71.979167	-0.028364	638200.000000
72.083333	-0.030955	638400.000000
72.187500	-0.033037	638600.000000
72.291667	-0.033245	638800.000000
72.395833	-0.032121	639000.000000
72.500000	-0.029410	639200.000000
72.604167	-0.026916	639400.000000
72.708333	-0.025697	639600.000000
72.812500	-0.026654	639800.000000
72.916667	-0.029008	640000.000000
73.020833	-0.031619	640200.000000
73.125000	-0.032531	640400.000000
73.229167	-0.030712	640600.000000
73.333333	-0.025836	640800.000000
73.437500	-0.020218	641000.000000
73.541667	-0.015253	641200.000000
73.645833	-0.013085	641400.000000
73.750000	-0.013161	641600.000000
73.854167	-0.014943	641800.000000
73.958333	-0.016639	642000.000000
74.062500	-0.017371	642200.000000
74.166667	-0.017425	642400.000000
74.270833	-0.017642	642600.000000
74.375000	-0.018946	642800.000000
74.479167	-0.021427	643000.000000
74.583333	-0.024710	643200.000000
74.687500	-0.027664	643400.000000
74.791667	-0.028731	643600.000000
74.895833	-0.027097	643800.000000
75.000000	-0.023747	644000.000000
75.104167	-0.019992	644200.000000
75.208333	-0.017771	644400.000000
75.312500	-0.018283	644600.000000
75.416667	-0.020866	644800.000000
75.520833	-0.024107	645000.000000
75.625000	-0.026769	645200.000000
75.729167	-0.027545	645400.000000
75.833333	-0.026060	645600.000000
75.937500	-0.023742	645800.000000
76.041667	-0.021981	646000.000000
76.145833	-0.021695	646200.000000
76.250000	-0.023402	646400.000000
76.354167	-0.026051	646600.000000
76.458333	-0.027707	646800.000000
76.562500	-0.027014	647000.000000
76.666667	-0.023997	647200.000000
76.770833	-0.019439	647400.000000
76.875000	-0.016444	647600.000000
76.979167	-0.016169	647800.000000
77.083333	-0.018835	648000.000000
77.187500	-0.022917	648200.000000
77.291667	-0.025912	648400.000000
77.395833	-0.026686	648600.000000
77.500000	-0.025168	648800.000000
77.604167	-0.022905	649000.000000
77.708333	-0.020632	649200.000000
77.812500	-0.020218	649400.000000
77.916667	-0.021719	649600.000000
78.020833	-0.024907	649800.000000
78.125000	-0.029223	650000.000000
78.229167	-0.032600	650200.000000
78.333333	-0.034133	650400.000000
78.437500	-0.033650	650600.000000
78.541667	-0.031109	650800.000000
78.645833	-0.027686	651000.000000
78.750000	-0.025015	651200.000000
78.854167	-0.023413	651400.000000
78.958333	-0.022423	651600.000000
79.062500	-0.021569	651800.000000
79.166667	-0.021171	652000.000000
79.270833	-0.021284	652200.000000
79.375000	-0.022194	652400.000000
79.479167	-0.023344	652600.000000
79.583333	-0.024453	652800.000000
79.687500	-0.025676	653000.000000
79.791667	-0.026542	653200.000000
79.895833	-0.026949	653400.000000
80.000000	-0.027530	653600.000000
80.104167	-0.027751	653800.000000
80.208333	-0.027494	654000.000000
80.312500	-0.026699	654200.000000
80.416667	-0.025709	654400.000000
80.520833	-0.024357	654600.000000
80.625000	-0.022911	654800.000000
80.729167	-0.021875	655000.000000
80.833333	-0.021463	655200.000000
80.937500	-0.021987	655400.000000
81.041667	-0.022651	655600.000000
81.145833	-0.023695	655800.000000
81.250000	-0.024392	656000.000000
81.354167	-0.024641	656200.000000
81.458333	-0.024848	656400.000000
81.562500	-0.024746	656600.000000
81.666667	-0.024289	656800.000000
81.770833	-0.023648	657000.000000
81.875000	-0.023274	657200.000000
81.979167	-0.023871	657400.000000
82.083333	-0.024439	657600.000000
82.187500	-0.024663	657800.000000
82.291667	-0.024584	658000.000000
82.395833	-0.023627	658200.000000
82.500000	-0.022752	658400.000000
82.604167	-0.021717	658600.000000
82.708333	-0.020986	658800.000000
82.812500	-0.019863	659000.000000
82.916667	-0.018417	659200.000000
83.020833	-0.017156	659400.000000
83.125000	-0.016517	659600.000000
83.229167	-0.017273	659800.000000
83.333333	-0.019102	660000.000000
83.437500	-0.021759	660200.000000
83.541667	-0.023807	660400.000000
83.645833	-0.024909	660600.000000
83.750000	-0.025174	660800.000000
83.854167	-0.024228	661000.000000
83.958333	-0.022542	661200.000000
84.062500	-0.020086	661400.000000
84.166667	-0.018134	661600.000000
84.270833	-0.016957	661800.000000
84.375000	-0.017598	662000.000000
84.479167	-0.019079	662200.000000
84.583333	-0.020014	662400.000000
84.687500	-0.019942	662600.000000
84.791667	-0.019391	662800.000000
84.895833	-0.019012	663000.000000
85.000000	-0.020097	663200.000000
85.104167	-0.022271	663400.000000
85.208333	-0.024849	663600.000000
85.312500	-0.026740	663800.000000
85.416667	-0.027293	664000.000000
85.520833	-0.026615	664200.000000
85.625000	-0.024802	664400.000000
85.729167	-0.022616	664600.000000
85.833333	-0.020268	664800.000000
85.937500	-0.019223	665000.000000
86.041667	-0.019429	665200.000000
86.145833	-0.020638	665400.000000
86.250000	-0.022646	665600.000000
86.354167	-0.024200	665800.000000
86.458333	-0.024342	666000.000000
86.562500	-0.023715	666200.000000
86.666667	-0.022936	666400.000000
86.770833	-0.022552	666600.000000
86.875000	-0.022803	666800.000000
86.979167	-0.023778	667000.000000
87.083333	-0.024477	667200.000000
87.187500	-0.025201	667400.000000
87.291667	-0.025452	667600.000000
87.395833	-0.025542	667800.000000
87.500000	-0.025947	668000.000000
87.604167	-0.025901	668200.000000
87.708333	-0.025511	668400.000000
87.812500	-0.024481	668600.000000
87.916667	-0.023158	668800.000000
88.020833	-0.021739	669000.000000
88.125000	-0.020940	669200.000000
88.229167	-0.020480	669400.000000
88.333333	-0.020462	669600.000000
88.437500	-0.020775	669800.000000
88.541667	-0.021581	670000.000000
88.645833	-0.022771	670200.000000
88.750000	-0.024443	670400.000000
88.854167	-0.025772	670600.000000
88.958333	-0.026487	670800.000000
89.062500	-0.026769	671000.000000
89.166667	-0.026599	671200.000000
89.270833	-0.026557	671400.000000
89.375000	-0.026067	671600.000000
89.479167	-0.025112	671800.000000
89.583333	-0.023804	672000.000000
89.687500	-0.021847	672200.000000
89.791667	-0.020335	672400.000000
89.895833	-0.019662	672600.000000
90.000000	-0.019922	672800.000000
90.104167	-0.020670	673000.000000
90.208333	-0.021959	673200.000000
90.312500	-0.023539	673400.000000
90.416667	-0.024877	673600.000000
90.520833	-0.025941	673800.000000
90.625000	-0.026694	674000.000000
90.729167	-0.026694	674200.000000
90.833333	-0.025788	674400.000000
90.937500	-0.024583	674600.000000
91.041667	-0.023474	674800.000000
91.145833	-0.022525	675000.000000
91.250000	-0.022133	675200.000000
91.354167	-0.022218	675400.000000
91.458333	-0.022974	675600.000000
91.562500	-0.023746	675800.000000
91.666667	-0.024460	676000.000000
91.770833	-0.024553	676200.000000
91.875000	-0.024294	676400.000000
91.979167	-0.023448	676600.000000
92.083333	-0.022655	676800.000000
92.187500	-0.022675	677000.000000
92.291667	-0.022959	677200.000000
92.395833	-0.023976	677400.000000
92.500000	-0.024978	677600.000000
92.604167	-0.025836	677800.000000
92.708333	-0.026098	678000.000000
92.812500	-0.025535	678200.000000
92.916667	-0.024317	678400.000000
93.020833	-0.023199	678600.000000
93.125000	-0.021836	678800.000000
93.229167	-0.021265	679000.000000
93.333333	-0.021119	679200.000000
93.437500	-0.021448	679400.000000
93.541667	-0.021419	679600.000000
93.645833	-0.021140	679800.000000
93.750000	-0.020962	680000.000000
93.854167	-0.020473	680200.000000
93.958333	-0.020852	680400.000000
94.062500	-0.022081	680600.000000
94.166667	-0.023570	680800.000000
94.270833	-0.025835	681000.000000
94.375000	-0.027785	681200.000000
94.479167	-0.028966	681400.000000
94.583333	-0.029115	681600.000000
94.687500	-0.027732	681800.000000
94.791667	-0.025448	682000.000000
94.895833	-0.022668	682200.000000
95.000000	-0.020739	682400.000000
95.104167	-0.020047	682600.000000
95.208333	-0.020983	682800.000000
95.312500	-0.022295	683000.000000
95.416667	-0.023476	683200.000000
95.520833	-0.024213	683400.000000
95.625000	-0.024499	683600.000000
95.729167	-0.024669	683800.000000
95.833333	-0.025024	684000.000000
95.937500	-0.025423	684200.000000
96.041667	-0.025920	684400.000000
96.145833	-0.026146	684600.000000
96.250000	-0.026249	684800.000000
96.354167	-0.026090	685000.000000
96.458333	-0.025474	685200.000000
96.562500	-0.024695	685400.000000
96.666667	-0.023896	685600.000000
96.770833	-0.023246	685800.000000
96.875000	-0.023429	686000.000000
96.979167	-0.023544	686200.000000
97.083333	-0.023339	686400.000000
97.187500	-0.023067	686600.000000
97.291667	-0.022304	686800.000000
97.395833	-0.021694	687000.000000
97.500000	-0.020967	687200.000000
97.604167	-0.020653	687400.000000
97.708333	-0.021022	687600.000000
97.812500	-0.021746	687800.000000
97.916667	-0.022942	688000.000000
98.020833	-0.024067	688200.000000
98.125000	-0.024880	688400.000000
98.229167	-0.025160	688600.000000
98.333333	-0.025023	688800.000000
98.437500	-0.024392	689000.000000
98.541667	-0.023677	689200.000000
98.645833	-0.023670	689400.000000
98.750000	-0.024218	689600.000000
98.854167	-0.024412	689800.000000
98.958333	-0.024189	690000.000000
99.062500	-0.023004	690200.000000
99.166667	-0.021624	690400.000000
99.270833	-0.020876	690600.000000
99.375000	-0.021599	690800.000000
99.479167	-0.023217	691000.000000
99.583333	-0.025741	691200.000000
99.687500	-0.027435	691400.000000
99.791667	-0.028042	691600.000000
99.895833	-0.027304	691800.000000
100.000000	-0.025615	692000.000000
100.104167	-0.023044	692200.000000
100.208333	-0.021507	692400.000000
100.312500	-0.020898	692600.000000
100.416667	-0.021110	692800.000000
100.520833	-0.022403	693000.000000
100.625000	-0.023858	693200.000000
100.729167	-0.024234	693400.000000
100.833333	-0.024052	693600.000000
100.937500	-0.023231	693800.000000
101.041667	-0.022209	694000.000000
101.145833	-0.021813	694200.000000
101.250000	-0.022422	694400.000000
101.354167	-0.023379	694600.000000
101.458333	-0.024259	694800.000000
101.562500	-0.024447	695000.000000
101.666667	-0.023958	695200.000000
101.770833	-0.022959	695400.000000
101.875000	-0.022275	695600.000000
101.979167	-0.021893	695800.000000
102.083333	-0.021986	696000.000000
102.187500	-0.022778	696200.000000
102.291667	-0.023790	696400.000000
102.395833	-0.024762	696600.000000
102.500000	-0.024915	696800.000000
102.604167	-0.024357	697000.000000
102.708333	-0.023507	697200.000000
102.812500	-0.022515	697400.000000
102.916667	-0.021872	697600.000000
103.020833	-0.022305	697800.000000
103.125000	-0.023336	698000.000000
103.229167	-0.024564	698200.000000
103.333333	-0.025747	698400.000000
103.437500	-0.026502	698600.000000
103.541667	-0.026919	698800.000000
103.645833	-0.027297	699000.000000
103.750000	-0.027111	699200.000000
103.854167	-0.026298	699400.000000
103.958333	-0.024897	699600.000000
104.062500	-0.023320	699800.000000
104.166667	-0.022400	700000.000000
104.270833	-0.022052	700200.000000
104.375000	-0.022559	700400.000000
104.479167	-0.023201	700600.000000
104.583333	-0.023710	700800.000000
104.687500	-0.024105	701000.000000
104.791667	-0.024345	701200.000000
104.895833	-0.024512	701400.000000
105.000000	-0.025109	701600.000000
105.104167	-0.025443	701800.000000
105.208333	-0.025762	702000.000000
105.312500	-0.025809	702200.000000
105.416667	-0.025037	702400.000000
105.520833	-0.023938	702600.000000
105.625000	-0.022704	702800.000000
105.729167	-0.021590	703000.000000
105.833333	-0.021170	703200.000000
105.937500	-0.021431	703400.000000
106.041667	-0.021961	703600.000000
106.145833	-0.022779	703800.000000
106.250000	-0.023485	704000.000000
106.354167	-0.023830	704200.000000
106.458333	-0.024235	704400.000000
106.562500	-0.024023	704600.000000
106.666667	-0.023687	704800.000000
106.770833	-0.024110	705000.000000
106.875000	-0.024422	705200.000000
106.979167	-0.025058	705400.000000
107.083333	-0.025487	705600.000000
107.187500	-0.025066	705800.000000
107.291667	-0.024278	706000.000000
107.395833	-0.023219	706200.000000
107.500000	-0.022162	706400.000000
107.604167	-0.022008	706600.000000
107.708333	-0.022493	706800.000000
107.812500	-0.023250	707000.000000
107.916667	-0.023682	707200.000000
108.020833	-0.023486	707400.000000
108.125000	-0.022667	707600.000000
108.229167	-0.021427	707800.000000
108.333333	-0.020695	708000.000000
108.437500	-0.020443	708200.000000
108.541667	-0.021599	708400.000000
108.645833	-0.023756	708600.000000
108.750000	-0.026325	708800.000000
108.854167	-0.027660	709000.000000
108.958333	-0.027544	709200.000000
109.062500	-0.025961	709400.000000
109.166667	-0.023912	709600.000000
109.270833	-0.022697	709800.000000
109.375000	-0.022495	710000.000000
109.479167	-0.023420	710200.000000
109.583333	-0.024891	710400.000000
109.687500	-0.025721	710600.000000
109.791667	-0.025573	710800.000000
109.895833	-0.025224	711000.000000
110.000000	-0.024511	711200.000000
110.104167	-0.024118	711400.000000
110.208333	-0.024324	711600.000000
110.312500	-0.024990	711800.000000
110.416667	-0.026301	712000.000000
110.520833	-0.027348	712200.000000
110.625000	-0.027368	712400.000000
110.729167	-0.026275	712600.000000
110.833333	-0.024404	712800.000000
110.937500	-0.022160	713000.000000
111.041667	-0.020828	713200.000000
111.145833	-0.020176	713400.000000
111.250000	-0.020311	713600.000000
111.354167	-0.021089	713800.000000
111.458333	-0.021963	714000.000000
111.562500	-0.022734	714200.000000
111.666667	-0.022441	714400.000000
111.770833	-0.022234	714600.000000
111.875000	-0.021454	714800.000000
111.979167	-0.020874	715000.000000
112.083333	-0.021020	715200.000000
112.187500	-0.021251	715400.000000
112.291667	-0.021967	715600.000000
112.395833	-0.022390	715800.000000
112.500000	-0.022147	716000.000000
112.604167	-0.022022	716200.000000
112.708333	-0.021542	716400.000000
112.812500	-0.021512	716600.000000
112.916667	-0.021596	716800.000000
113.020833	-0.021566	717000.000000
113.125000	-0.021567	717200.000000
113.229167	-0.021291	717400.000000
113.333333	-0.020681	717600.000000
113.437500	-0.019947	717800.000000
113.541667	-0.019509	718000.000000
113.645833	-0.018987	718200.000000
113.750000	-0.018274	718400.000000
113.854167	-0.017886	718600.000000
113.958333	-0.017604	718800.000000
114.062500	-0.017125	719000.000000
114.166667	-0.017480	719200.000000
114.270833	-0.018726	719400.000000
114.375000	-0.020688	719600.000000
114.479167	-0.023641	719800.000000
114.583333	-0.026859	720000.000000
114.687500	-0.029854	720200.000000
114.791667	-0.032949	720400.000000
114.895833	-0.035341	720600.000000
115.000000	-0.037462	720800.000000
115.104167	-0.038666	721000.000000
115.208333	-0.038947	721200.000000
115.312500	-0.038033	721400.000000
115.416667	-0.036349	721600.000000
115.520833	-0.033368	721800.000000
115.625000	-0.029903	722000.000000
115.729167	-0.026332	722200.000000
115.833333	-0.023406	722400.000000
115.937500	-0.020678	722600.000000
116.041667	-0.018558	722800.000000
116.145833	-0.016858	723000.000000
116.250000	-0.015387	723200.000000
116.354167	-0.014633	723400.000000
116.458333	-0.014751	723600.000000
116.562500	-0.015452	723800.000000
116.666667	-0.016938	724000.000000
116.770833	-0.018596	724200.000000
116.875000	-0.019720	724400.000000
116.979167	-0.020675	724600.000000
117.083333	-0.020460	724800.000000
117.187500	-0.019746	725000.000000
117.291667	-0.019040	725200.000000
117.395833	-0.018873	725400.000000
117.500000	-0.019434	725600.000000
117.604167	-0.020644	725800.000000
117.708333	-0.022223	726000.000000
117.812500	-0.023311	726200.000000
117.916667	-0.024041	726400.000000
118.020833	-0.023918	726600.000000
118.125000	-0.023429	726800.000000
118.229167	-0.023271	727000.000000
118.333333	-0.023793	727200.000000
118.437500	-0.024985	727400.000000
118.541667	-0.026537	727600.000000
118.645833	-0.027891	727800.000000
118.750000	-0.028607	728000.000000
118.854167	-0.028135	728200.000000
118.958333	-0.026844	728400.000000
119.062500	-0.025610	728600.000000
119.166667	-0.025117	728800.000000
119.270833	-0.025622	729000.000000
119.375000	-0.026678	729200.000000
119.479167	-0.027979	729400.000000
119.583333	-0.028548	729600.000000
119.687500	-0.028642	729800.000000
119.791667	-0.028181	730000.000000
119.895833	-0.026946	730200.000000
120.000000	-0.025991	730400.000000
120.104167	-0.024861	730600.000000
120.208333	-0.023423	730800.000000
120.312500	-0.022171	731000.000000
120.416667	-0.021781	731200.000000
120.520833	-0.021561	731400.000000
120.625000	-0.021965	731600.000000
120.729167	-0.023074	731800.000000
120.833333	-0.024068	732000.000000
120.937500	-0.025163	732200.000000
121.041667	-0.025479	732400.000000
121.145833	-0.025118	732600.000000
121.250000	-0.024818	732800.000000
121.354167	-0.024367	733000.000000
121.458333	-0.023591	733200.000000
121.562500	-0.023609	733400.000000
121.666667	-0.023676	733600.000000
121.770833	-0.023878	733800.000000
121.875000	-0.023839	734000.000000
121.979167	-0.023609	734200.000000
122.083333	-0.023506	734400.000000
122.187500	-0.023092	734600.000000
122.291667	-0.022749	734800.000000
122.395833	-0.022632	735000.000000
122.500000	-0.023080	735200.000000
122.604167	-0.023502	735400.000000
122.708333	-0.023639	735600.000000
122.812500	-0.023604	735800.000000
122.916667	-0.023474	736000.000000
123.020833	-0.023337	736200.000000
123.125000	-0.023322	736400.000000
123.229167	-0.023724	736600.000000
123.333333	-0.024188	736800.000000
123.437500	-0.024451	737000.000000
123.541667	-0.024184	737200.000000
123.645833	-0.023537	737400.000000
123.750000	-0.022368	737600.000000
123.854167	-0.021427	737800.000000
123.958333	-0.020623	738000.000000
124.062500	-0.020470	738200.000000
124.166667	-0.020975	738400.000000
124.270833	-0.021505	738600.000000
124.375000	-0.022248	738800.000000
124.479167	-0.022755	739000.000000
124.583333	-0.022518	739200.000000
124.687500	-0.022238	739400.000000
124.791667	-0.022812	739600.000000
124.895833	-0.023569	739800.000000
125.000000	-0.024521	740000.000000
125.104167	-0.025163	740200.000000
125.208333	-0.025310	740400.000000
125.312500	-0.024444	740600.000000
125.416667	-0.023129	740800.000000
125.520833	-0.021567	741000.000000
125.625000	-0.020922	741200.000000
125.729167	-0.021097	741400.000000
125.833333	-0.022162	741600.000000
125.937500	-0.023566	741800.000000
126.041667	-0.024803	742000.000000
126.145833	-0.025322	742200.000000
126.250000	-0.025519	742400.000000
126.354167	-0.025057	742600.000000
126.458333	-0.024735	742800.000000
126.562500	-0.024284	743000.000000
126.666667	-0.024627	743200.000000
126.770833	-0.025297	743400.000000
126.875000	-0.025869	743600.000000
126.979167	-0.026089	743800.000000
127.083333	-0.025546	744000.000000
127.187500	-0.024576	744200.000000
127.291667	-0.023503	744400.000000
127.395833	-0.022517	744600.000000
127.500000	-0.022351	744800.000000
127.604167	-0.022821	745000.000000
127.708333	-0.023573	745200.000000
127.812500	-0.024307	745400.000000
127.916667	-0.024514	745600.000000
128.020833	-0.024199	745800.000000
128.125000	-0.023234	746000.000000
128.229167	-0.022485	746200.000000
128.333333	-0.022269	746400.000000
128.437500	-0.022641	746600.000000
128.541667	-0.023780	746800.000000
128.645833	-0.024788	747000.000000
128.750000	-0.025236	747200.000000
128.854167	-0.024811	747400.000000
128.958333	-0.023788	747600.000000
129.062500	-0.022392	747800.000000
129.166667	-0.021554	748000.000000
129.270833	-0.020968	748200.000000
129.375000	-0.020893	748400.000000
129.479167	-0.021049	748600.000000
129.583333	-0.021362	748800.000000
129.687500	-0.022183	749000.000000
129.791667	-0.023167	749200.000000
129.895833	-0.023931	749400.000000
130.000000	-0.024642	749600.000000
130.104167	-0.025418	749800.000000
130.208333	-0.026007	750000.000000
