0.000000	-0.021509	500000.000000
0.104167	-0.021571	500200.000000
0.208333	-0.021429	500400.000000
0.312500	-0.021529	500600.000000
0.416667	-0.021351	500800.000000
0.520833	-0.021409	501000.000000
0.625000	-0.021444	501200.000000
0.729167	-0.021543	501400.000000
0.833333	-0.021401	501600.000000
0.937500	-0.021423	501800.000000
1.041667	-0.021367	502000.000000
1.145833	-0.021424	502200.000000
1.250000	-0.021527	502400.000000
1.354167	-0.021392	502600.000000
1.458333	-0.021313	502800.000000
1.562500	-0.021437	503000.000000
1.666667	-0.021421	503200.000000
1.770833	-0.021592	503400.000000
1.875000	-0.021548	503600.000000
1.979167	-0.021610	503800.000000
2.083333	-0.021677	504000.000000
2.187500	-0.021315	504200.000000
2.291667	-0.021406	504400.000000
2.395833	-0.021503	504600.000000
2.500000	-0.021801	504800.000000
2.604167	-0.021513	505000.000000
2.708333	-0.021641	505200.000000
2.812500	-0.021574	505400.000000
2.916667	-0.021565	505600.000000
3.020833	-0.021606	505800.000000
3.125000	-0.021584	506000.000000
3.229167	-0.021584	506200.000000
3.333333	-0.021510	506400.000000
3.437500	-0.021525	506600.000000
3.541667	-0.021296	506800.000000
3.645833	-0.021311	507000.000000
3.750000	-0.021498	507200.000000
3.854167	-0.021397	507400.000000
3.958333	-0.021468	507600.000000
4.062500	-0.021279	507800.000000
4.166667	-0.021541	508000.000000
4.270833	-0.021562	508200.000000
4.375000	-0.021656	508400.000000
4.479167	-0.021496	508600.000000
4.583333	-0.021278	508800.000000
4.687500	-0.021474	509000.000000
4.791667	-0.021473	509200.000000
4.895833	-0.021525	509400.000000
5.000000	-0.021490	509600.000000
5.104167	-0.021557	509800.000000
5.208333	-0.021448	510000.000000
5.312500	-0.021412	510200.000000
5.416667	-0.021635	510400.000000
5.520833	-0.021618	510600.000000
5.625000	-0.021543	510800.000000
5.729167	-0.021830	511000.000000
5.833333	-0.021787	511200.000000
5.937500	-0.021721	511400.000000
6.041667	-0.021855	511600.000000
6.145833	-0.021877	511800.000000
6.250000	-0.021784	512000.000000
6.354167	-0.021719	512200.000000
6.458333	-0.021418	512400.000000
6.562500	-0.021578	512600.000000
6.666667	-0.021773	512800.000000
6.770833	-0.021702	513000.000000
6.875000	-0.021461	513200.000000
6.979167	-0.021599	513400.000000
7.083333	-0.021590	513600.000000
7.187500	-0.021580	513800.000000
7.291667	-0.021631	514000.000000
7.395833	-0.021465	514200.000000
7.500000	-0.021619	514400.000000
7.604167	-0.021548	514600.000000
7.708333	-0.021584	514800.000000
7.812500	-0.021688	515000.000000
7.916667	-0.021561	515200.000000
8.020833	-0.021742	515400.000000
8.125000	-0.021789	515600.000000
8.229167	-0.021679	515800.000000
8.333333	-0.021770	516000.000000
8.437500	-0.021702	516200.000000
8.541667	-0.021696	516400.000000
8.645833	-0.021782	516600.000000
8.750000	-0.021738	516800.000000
8.854167	-0.021648	517000.000000
8.958333	-0.021681	517200.000000
9.062500	-0.021710	517400.000000
9.166667	-0.021734	517600.000000
9.270833	-0.021603	517800.000000
9.375000	-0.021656	518000.000000
9.479167	-0.021633	518200.000000
9.583333	-0.021385	518400.000000
9.687500	-0.021471	518600.000000
9.791667	-0.021617	518800.000000
9.895833	-0.021416	519000.000000
10.000000	-0.021615	519200.000000
10.104167	-0.021578	519400.000000
10.208333	-0.021724	519600.000000
10.312500	-0.021683	519800.000000
10.416667	-0.021471	520000.000000
10.520833	-0.021469	520200.000000
10.625000	-0.021775	520400.000000
10.729167	-0.021551	520600.000000
10.833333	-0.021461	520800.000000
10.937500	-0.021735	521000.000000
11.041667	-0.021644	521200.000000
11.145833	-0.021445	521400.000000
11.250000	-0.021518	521600.000000
11.354167	-0.021446	521800.000000
11.458333	-0.021561	522000.000000
11.562500	-0.021490	522200.000000
11.666667	-0.021424	522400.000000
11.770833	-0.021662	522600.000000
11.875000	-0.021523	522800.000000
11.979167	-0.021532	523000.000000
12.083333	-0.021615	523200.000000
12.187500	-0.021476	523400.000000
12.291667	-0.021762	523600.000000
12.395833	-0.021615	523800.000000
12.500000	-0.021592	524000.000000
12.604167	-0.021546	524200.000000
12.708333	-0.021671	524400.000000
12.812500	-0.021679	524600.000000
12.916667	-0.021531	524800.000000
13.020833	-0.021693	525000.000000
13.125000	-0.021535	525200.000000
13.229167	-0.021694	525400.000000
13.333333	-0.021934	525600.000000
13.437500	-0.021846	525800.000000
13.541667	-0.021760	526000.000000
13.645833	-0.021828	526200.000000
13.750000	-0.021778	526400.000000
13.854167	-0.021885	526600.000000
13.958333	-0.021849	526800.000000
14.062500	-0.021761	527000.000000
14.166667	-0.021952	527200.000000
14.270833	-0.022167	527400.000000
14.375000	-0.022082	527600.000000
14.479167	-0.022217	527800.000000
14.583333	-0.021863	528000.000000
14.687500	-0.021958	528200.000000
14.791667	-0.022137	528400.000000
14.895833	-0.022060	528600.000000
15.000000	-0.022166	528800.000000
15.104167	-0.022228	529000.000000
15.208333	-0.022392	529200.000000
15.312500	-0.022251	529400.000000
15.416667	-0.022334	529600.000000
15.520833	-0.022413	529800.000000
15.625000	-0.022258	530000.000000
15.729167	-0.022287	530200.000000
15.833333	-0.022448	530400.000000
15.937500	-0.022387	530600.000000
16.041667	-0.022456	530800.000000
16.145833	-0.022485	531000.000000
16.250000	-0.022657	531200.000000
16.354167	-0.022568	531400.000000
16.458333	-0.022722	531600.000000
16.562500	-0.022740	531800.000000
16.666667	-0.022851	532000.000000
16.770833	-0.022847	532200.000000
16.875000	-0.022977	532400.000000
16.979167	-0.023179	532600.000000
17.083333	-0.023380	532800.000000
17.187500	-0.023791	533000.000000
17.291667	-0.023887	533200.000000
17.395833	-0.023796	533400.000000
17.500000	-0.024132	533600.000000
17.604167	-0.024458	533800.000000
17.708333	-0.024488	534000.000000
17.812500	-0.024892	534200.000000
17.916667	-0.025264	534400.000000
18.020833	-0.025515	534600.000000
18.125000	-0.025831	534800.000000
18.229167	-0.026282	535000.000000
18.333333	-0.026761	535200.000000
18.437500	-0.027383	535400.000000
18.541667	-0.027753	535600.000000
18.645833	-0.028381	535800.000000
18.750000	-0.029204	536000.000000
18.854167	-0.029877	536200.000000
18.958333	-0.030926	536400.000000
19.062500	-0.031856	536600.000000
19.166667	-0.033043	536800.000000
19.270833	-0.034287	537000.000000
19.375000	-0.035696	537200.000000
19.479167	-0.037170	537400.000000
19.583333	-0.039013	537600.000000
19.687500	-0.041287	537800.000000
19.791667	-0.043209	538000.000000
19.895833	-0.045856	538200.000000
20.000000	-0.048456	538400.000000
20.104167	-0.051627	538600.000000
20.208333	-0.054919	538800.000000
20.312500	-0.058579	539000.000000
20.416667	-0.062141	539200.000000
20.520833	-0.066333	539400.000000
20.625000	-0.070332	539600.000000
20.729167	-0.074223	539800.000000
20.833333	-0.077969	540000.000000
20.937500	-0.081770	540200.000000
21.041667	-0.084506	540400.000000
21.145833	-0.087260	540600.000000
21.250000	-0.088742	540800.000000
21.354167	-0.089183	541000.000000
21.458333	-0.087791	541200.000000
21.562500	-0.083379	541400.000000
21.666667	-0.074919	541600.000000
21.770833	-0.057830	541800.000000
21.875000	-0.021772	542000.000000
21.979167	0.050892	542200.000000
22.083333	0.191297	542400.000000
22.187500	0.414753	542600.000000
22.291667	0.707374	542800.000000
22.395833	0.998575	543000.000000
22.500000	1.170994	543200.000000
22.604167	1.130069	543400.000000
22.708333	0.857183	543600.000000
22.812500	0.426318	543800.000000
22.916667	-0.042138	544000.000000
23.020833	-0.406086	544200.000000
23.125000	-0.617989	544400.000000
23.229167	-0.681690	544600.000000
23.333333	-0.652958	544800.000000
23.437500	-0.589878	545000.000000
23.541667	-0.528712	545200.000000
23.645833	-0.469176	545400.000000
23.750000	-0.407366	545600.000000
23.854167	-0.346505	545800.000000
23.958333	-0.303075	546000.000000
24.062500	-0.290281	546200.000000
24.166667	-0.300185	546400.000000
24.270833	-0.301953	546600.000000
24.375000	-0.264247	546800.000000
24.479167	-0.178552	547000.000000
24.583333	-0.072588	547200.000000
24.687500	0.014057	547400.000000
24.791667	0.052307	547600.000000
24.895833	0.040505	547800.000000
25.000000	0.003254	548000.000000
25.104167	-0.029662	548200.000000
25.208333	-0.040396	548400.000000
25.312500	-0.028104	548600.000000
25.416667	-0.002191	548800.000000
25.520833	0.026186	549000.000000
25.625000	0.045157	549200.000000
25.729167	0.044959	549400.000000
25.833333	0.021013	549600.000000
25.937500	-0.020447	549800.000000
26.041667	-0.061130	550000.000000
26.145833	-0.076106	550200.000000
26.250000	-0.055480	550400.000000
26.354167	-0.012590	550600.000000
26.458333	0.024588	550800.000000
26.562500	0.035715	551000.000000
26.666667	0.021223	551200.000000
26.770833	0.001639	551400.000000
26.875000	-0.003338	551600.000000
26.979167	0.013286	551800.000000
27.083333	0.040671	552000.000000
27.187500	0.059472	552200.000000
27.291667	0.055051	552400.000000
27.395833	0.029239	552600.000000
27.500000	-0.003411	552800.000000
27.604167	-0.029548	553000.000000
27.708333	-0.044500	553200.000000
27.812500	-0.049423	553400.000000
27.916667	-0.047407	553600.000000
28.020833	-0.041174	553800.000000
28.125000	-0.030225	554000.000000
28.229167	-0.012133	554200.000000
28.333333	0.011530	554400.000000
28.437500	0.034731	554600.000000
28.541667	0.047783	554800.000000
28.645833	0.043793	555000.000000
28.750000	0.024782	555200.000000
28.854167	0.001294	555400.000000
28.958333	-0.015171	555600.000000
29.062500	-0.018706	555800.000000
29.166667	-0.012730	556000.000000
29.270833	-0.006152	556200.000000
29.375000	-0.006357	556400.000000
29.479167	-0.015136	556600.000000
29.583333	-0.028877	556800.000000
29.687500	-0.039763	557000.000000
29.791667	-0.042192	557200.000000
29.895833	-0.034061	557400.000000
30.000000	-0.018600	557600.000000
30.104167	-0.002432	557800.000000
30.208333	0.006948	558000.000000
30.312500	0.008941	558200.000000
30.416667	0.006098	558400.000000
30.520833	0.002552	558600.000000
30.625000	-0.000218	558800.000000
30.729167	-0.002191	559000.000000
30.833333	-0.005306	559200.000000
30.937500	-0.007610	559400.000000
31.041667	-0.007927	559600.000000
31.145833	-0.007503	559800.000000
31.250000	-0.009890	560000.000000
31.354167	-0.021791	560200.000000
31.458333	-0.045315	560400.000000
31.562500	-0.075838	560600.000000
31.666667	-0.100932	560800.000000
31.770833	-0.105905	561000.000000
31.875000	-0.084651	561200.000000
31.979167	-0.046464	561400.000000
32.083333	-0.009101	561600.000000
32.187500	0.014411	561800.000000
32.291667	0.017782	562000.000000
32.395833	0.005253	562200.000000
32.500000	-0.014034	562400.000000
32.604167	-0.028961	562600.000000
32.708333	-0.036389	562800.000000
32.812500	-0.037212	563000.000000
32.916667	-0.035122	563200.000000
33.020833	-0.033292	563400.000000
33.125000	-0.032756	563600.000000
33.229167	-0.033757	563800.000000
33.333333	-0.035207	564000.000000
33.437500	-0.035825	564200.000000
33.541667	-0.033750	564400.000000
33.645833	-0.028253	564600.000000
33.750000	-0.017967	564800.000000
33.854167	-0.002782	565000.000000
33.958333	0.014146	565200.000000
34.062500	0.026967	565400.000000
34.166667	0.028501	565600.000000
34.270833	0.013780	565800.000000
34.375000	-0.014765	566000.000000
34.479167	-0.046448	566200.000000
34.583333	-0.065502	566400.000000
34.687500	-0.061059	566600.000000
34.791667	-0.035948	566800.000000
34.895833	-0.004780	567000.000000
35.000000	0.012052	567200.000000
35.104167	0.005657	567400.000000
35.208333	-0.017822	567600.000000
35.312500	-0.040904	567800.000000
35.416667	-0.046488	568000.000000
35.520833	-0.031244	568200.000000
35.625000	-0.003778	568400.000000
35.729167	0.021463	568600.000000
35.833333	0.033021	568800.000000
35.937500	0.030122	569000.000000
36.041667	0.018532	569200.000000
36.145833	0.004114	569400.000000
36.250000	-0.008410	569600.000000
36.354167	-0.014112	569800.000000
36.458333	-0.011287	570000.000000
36.562500	-0.003576	570200.000000
36.666667	0.002054	570400.000000
36.770833	-0.004131	570600.000000
36.875000	-0.023492	570800.000000
36.979167	-0.046965	571000.000000
37.083333	-0.062214	571200.000000
37.187500	-0.059388	571400.000000
37.291667	-0.040754	571600.000000
37.395833	-0.012321	571800.000000
37.500000	0.014934	572000.000000
37.604167	0.032758	572200.000000
37.708333	0.033550	572400.000000
37.812500	0.015882	572600.000000
37.916667	-0.013170	572800.000000
38.020833	-0.042466	573000.000000
38.125000	-0.060325	573200.000000
38.229167	-0.060445	573400.000000
38.333333	-0.046779	573600.000000
38.437500	-0.034025	573800.000000
38.541667	-0.034411	574000.000000
38.645833	-0.050457	574200.000000
38.750000	-0.069383	574400.000000
38.854167	-0.075793	574600.000000
38.958333	-0.061078	574800.000000
39.062500	-0.028232	575000.000000
39.166667	0.010559	575200.000000
39.270833	0.035936	575400.000000
39.375000	0.038651	575600.000000
39.479167	0.017962	575800.000000
39.583333	-0.013947	576000.000000
39.687500	-0.041472	576200.000000
39.791667	-0.052417	576400.000000
39.895833	-0.047062	576600.000000
40.000000	-0.032755	576800.000000
40.104167	-0.018805	577000.000000
40.208333	-0.012086	577200.000000
40.312500	-0.014472	577400.000000
40.416667	-0.024987	577600.000000
40.520833	-0.039453	577800.000000
40.625000	-0.051379	578000.000000
40.729167	-0.055747	578200.000000
40.833333	-0.048641	578400.000000
40.937500	-0.032079	578600.000000
41.041667	-0.013225	578800.000000
41.145833	-0.000997	579000.000000
41.250000	0.000608	579200.000000
41.354167	-0.006674	579400.000000
41.458333	-0.016904	579600.000000
41.562500	-0.024901	579800.000000
41.666667	-0.026794	580000.000000
41.770833	-0.023574	580200.000000
41.875000	-0.019785	580400.000000
41.979167	-0.020521	580600.000000
42.083333	-0.029110	580800.000000
42.187500	-0.042832	581000.000000
42.291667	-0.055967	581200.000000
42.395833	-0.061891	581400.000000
42.500000	-0.056509	581600.000000
42.604167	-0.042258	581800.000000
42.708333	-0.024568	582000.000000
42.812500	-0.009846	582200.000000
42.916667	-0.001255	582400.000000
43.020833	0.000128	582600.000000
43.125000	-0.003101	582800.000000
43.229167	-0.006900	583000.000000
43.333333	-0.009398	583200.000000
43.437500	-0.012134	583400.000000
43.541667	-0.019079	583600.000000
43.645833	-0.032212	583800.000000
43.750000	-0.047884	584000.000000
43.854167	-0.059051	584200.000000
43.958333	-0.059126	584400.000000
44.062500	-0.047815	584600.000000
44.166667	-0.032009	584800.000000
44.270833	-0.019473	585000.000000
44.375000	-0.014539	585200.000000
44.479167	-0.014442	585400.000000
44.583333	-0.014118	585600.000000
44.687500	-0.011361	585800.000000
44.791667	-0.008465	586000.000000
44.895833	-0.008377	586200.000000
45.000000	-0.012392	586400.000000
45.104167	-0.017323	586600.000000
45.208333	-0.019688	586800.000000
45.312500	-0.019307	587000.000000
45.416667	-0.019126	587200.000000
45.520833	-0.022365	587400.000000
45.625000	-0.029318	587600.000000
45.729167	-0.036452	587800.000000
45.833333	-0.039569	588000.000000
45.937500	-0.036154	588200.000000
46.041667	-0.028655	588400.000000
46.145833	-0.022096	588600.000000
46.250000	-0.019919	588800.000000
46.354167	-0.021761	589000.000000
46.458333	-0.024178	589200.000000
46.562500	-0.024240	589400.000000
46.666667	-0.019744	589600.000000
46.770833	-0.012394	589800.000000
46.875000	-0.005148	590000.000000
46.979167	-0.001101	590200.000000
47.083333	-0.002338	590400.000000
47.187500	-0.010234	590600.000000
47.291667	-0.023654	590800.000000
47.395833	-0.038152	591000.000000
47.500000	-0.046997	591200.000000
47.604167	-0.046293	591400.000000
47.708333	-0.038761	591600.000000
47.812500	-0.031081	591800.000000
47.916667	-0.027692	592000.000000
48.020833	-0.027521	592200.000000
48.125000	-0.025575	592400.000000
48.229167	-0.017080	592600.000000
48.333333	-0.004937	592800.000000
48.437500	0.006150	593000.000000
48.541667	0.009786	593200.000000
48.645833	0.003896	593400.000000
48.750000	-0.009230	593600.000000
48.854167	-0.024126	593800.000000
48.958333	-0.036021	594000.000000
49.062500	-0.043703	594200.000000
49.166667	-0.046321	594400.000000
49.270833	-0.043705	594600.000000
49.375000	-0.036873	594800.000000
49.479167	-0.027029	595000.000000
49.583333	-0.018355	595200.000000
49.687500	-0.014296	595400.000000
49.791667	-0.015883	595600.000000
49.895833	-0.019856	595800.000000
50.000000	-0.022348	596000.000000
50.104167	-0.020335	596200.000000
50.208333	-0.013575	596400.000000
50.312500	-0.004814	596600.000000
50.416667	0.000315	596800.000000
50.520833	-0.002005	597000.000000
50.625000	-0.011904	597200.000000
50.729167	-0.024736	597400.000000
50.833333	-0.034562	597600.000000
50.937500	-0.035976	597800.000000
51.041667	-0.030584	598000.000000
51.145833	-0.022378	598200.000000
51.250000	-0.016393	598400.000000
51.354167	-0.016188	598600.000000
51.458333	-0.020799	598800.000000
51.562500	-0.027112	599000.000000
51.666667	-0.031350	599200.000000
51.770833	-0.030202	599400.000000
51.875000	-0.022979	599600.000000
51.979167	-0.012139	599800.000000
52.083333	-0.001590	600000.000000
52.187500	0.004473	600200.000000
52.291667	0.003668	600400.000000
52.395833	-0.002624	600600.000000
52.500000	-0.011182	600800.000000
52.604167	-0.019695	601000.000000
52.708333	-0.027849	601200.000000
52.812500	-0.035663	601400.000000
52.916667	-0.042659	601600.000000
53.020833	-0.045908	601800.000000
53.125000	-0.043164	602000.000000
53.229167	-0.034890	602200.000000
53.333333	-0.024012	602400.000000
53.437500	-0.015111	602600.000000
53.541667	-0.009965	602800.000000
53.645833	-0.007944	603000.000000
53.750000	-0.007190	603200.000000
53.854167	-0.007027	603400.000000
53.958333	-0.007795	603600.000000
54.062500	-0.010369	603800.000000
54.166667	-0.014808	604000.000000
54.270833	-0.019786	604200.000000
54.375000	-0.024537	604400.000000
54.479167	-0.029200	604600.000000
54.583333	-0.033701	604800.000000
54.687500	-0.037425	605000.000000
54.791667	-0.038267	605200.000000
54.895833	-0.034871	605400.000000
55.000000	-0.028504	605600.000000
55.104167	-0.021394	605800.000000
55.208333	-0.015634	606000.000000
55.312500	-0.012532	606200.000000
55.416667	-0.011588	606400.000000
55.520833	-0.014456	606600.000000
55.625000	-0.020977	606800.000000
55.729167	-0.027379	607000.000000
55.833333	-0.029081	607200.000000
55.937500	-0.024634	607400.000000
56.041667	-0.017608	607600.000000
56.145833	-0.013996	607800.000000
56.250000	-0.017667	608000.000000
56.354167	-0.026842	608200.000000
56.458333	-0.036593	608400.000000
56.562500	-0.041459	608600.000000
56.666667	-0.039185	608800.000000
56.770833	-0.032726	609000.000000
56.875000	-0.027210	609200.000000
56.979167	-0.025328	609400.000000
57.083333	-0.026492	609600.000000
57.187500	-0.027596	609800.000000
57.291667	-0.026105	610000.000000
57.395833	-0.021350	610200.000000
57.500000	-0.014720	610400.000000
57.604167	-0.008033	610600.000000
57.708333	-0.004664	610800.000000
57.812500	-0.007318	611000.000000
57.916667	-0.016834	611200.000000
58.020833	-0.030319	611400.000000
58.125000	-0.043618	611600.000000
58.229167	-0.050548	611800.000000
58.333333	-0.048595	612000.000000
58.437500	-0.039369	612200.000000
58.541667	-0.029327	612400.000000
58.645833	-0.022912	612600.000000
58.750000	-0.021249	612800.000000
58.854167	-0.022026	613000.000000
58.958333	-0.021124	613200.000000
59.062500	-0.018264	613400.000000
59.166667	-0.014453	613600.000000
59.270833	-0.011654	613800.000000
59.375000	-0.010720	614000.000000
59.479167	-0.011909	614200.000000
59.583333	-0.015631	614400.000000
59.687500	-0.022505	614600.000000
59.791667	-0.031082	614800.000000
59.895833	-0.038758	615000.000000
60.000000	-0.041987	615200.000000
60.104167	-0.038302	615400.000000
60.208333	-0.028610	615600.000000
60.312500	-0.018041	615800.000000
60.416667	-0.012009	616000.000000
60.520833	-0.012077	616200.000000
60.625000	-0.016468	616400.000000
60.729167	-0.021090	616600.000000
60.833333	-0.023288	616800.000000
60.937500	-0.022252	617000.000000
61.041667	-0.018997	617200.000000
61.145833	-0.015591	617400.000000
61.250000	-0.012519	617600.000000
61.354167	-0.010661	617800.000000
61.458333	-0.010228	618000.000000
61.562500	-0.011393	618200.000000
61.666667	-0.014058	618400.000000
61.770833	-0.018302	618600.000000
61.875000	-0.023382	618800.000000
61.979167	-0.027768	619000.000000
62.083333	-0.029969	619200.000000
62.187500	-0.029156	619400.000000
62.291667	-0.025465	619600.000000
62.395833	-0.020077	619800.000000
62.500000	-0.014733	620000.000000
62.604167	-0.010554	620200.000000
62.708333	-0.008839	620400.000000
62.812500	-0.009578	620600.000000
62.916667	-0.011650	620800.000000
63.020833	-0.013116	621000.000000
63.125000	-0.012901	621200.000000
63.229167	-0.011882	621400.000000
63.333333	-0.011823	621600.000000
63.437500	-0.014848	621800.000000
63.541667	-0.020867	622000.000000
63.645833	-0.027760	622200.000000
63.750000	-0.032605	622400.000000
63.854167	-0.032115	622600.000000
63.958333	-0.026303	622800.000000
64.062500	-0.017020	623000.000000
64.166667	-0.007637	623200.000000
64.270833	-0.000849	623400.000000
64.375000	0.000612	623600.000000
64.479167	-0.002284	623800.000000
64.583333	-0.008415	624000.000000
64.687500	-0.015475	624200.000000
64.791667	-0.020037	624400.000000
64.895833	-0.022170	624600.000000
65.000000	-0.023220	624800.000000
65.104167	-0.024526	625000.000000
65.208333	-0.026900	625200.000000
65.312500	-0.030048	625400.000000
65.416667	-0.033349	625600.000000
65.520833	-0.035223	625800.000000
65.625000	-0.034356	626000.000000
65.729167	-0.030874	626200.000000
65.833333	-0.024964	626400.000000
65.937500	-0.020636	626600.000000
66.041667	-0.019535	626800.000000
66.145833	-0.022573	627000.000000
66.250000	-0.026984	627200.000000
66.354167	-0.029318	627400.000000
66.458333	-0.026280	627600.000000
66.562500	-0.018804	627800.000000
66.666667	-0.010744	628000.000000
66.770833	-0.007778	628200.000000
66.875000	-0.011804	628400.000000
66.979167	-0.019955	628600.000000
67.083333	-0.028946	628800.000000
67.187500	-0.035104	629000.000000
67.291667	-0.035949	629200.000000
67.395833	-0.033273	629400.000000
67.500000	-0.028686	629600.000000
67.604167	-0.024965	629800.000000
67.708333	-0.022849	630000.000000
67.812500	-0.023293	630200.000000
67.916667	-0.024829	630400.000000
68.020833	-0.025126	630600.000000
68.125000	-0.022686	630800.000000
68.229167	-0.016569	631000.000000
68.333333	-0.009953	631200.000000
68.437500	-0.006863	631400.000000
68.541667	-0.009381	631600.000000
68.645833	-0.016641	631800.000000
68.750000	-0.026081	632000.000000
68.854167	-0.033154	632200.000000
68.958333	-0.035984	632400.000000
69.062500	-0.034270	632600.000000
69.166667	-0.030431	632800.000000
69.270833	-0.026012	633000.000000
69.375000	-0.021105	633200.000000
69.479167	-0.015517	633400.000000
69.583333	-0.009845	633600.000000
69.687500	-0.005699	633800.000000
69.791667	-0.004225	634000.000000
69.895833	-0.005062	634200.000000
70.000000	-0.007376	634400.000000
70.104167	-0.010926	634600.000000
70.208333	-0.014415	634800.000000
70.312500	-0.017471	635000.000000
70.416667	-0.019552	635200.000000
70.520833	-0.020973	635400.000000
70.625000	-0.021260	635600.000000
70.729167	-0.021837	635800.000000
70.833333	-0.023423	636000.000000
70.937500	-0.027853	636200.000000
71.041667	-0.033638	636400.000000
71.145833	-0.038671	636600.000000
71.250000	-0.040213	636800.000000
71.354167	-0.037957	637000.000000
71.458333	-0.033565	637200.000000
71.562500	-0.030175	637400.000000
71.666667	-0.030349	637600.000000
71.770833	-0.033696	637800.000000
71.875000	-0.038046	638000.000000
71.979167	-0.041677	638200.000000
72.083333	-0.041303	638400.000000
72.187500	-0.037810	638600.000000
72.291667	-0.032894	638800.000000
72.395833	-0.028411	639000.000000
72.500000	-0.026745	639200.000000
72.604167	-0.028345	639400.000000
72.708333	-0.032543	639600.000000
72.812500	-0.036750	639800.000000
72.916667	-0.038147	640000.000000
73.020833	-0.034265	640200.000000
73.125000	-0.025799	640400.000000
73.229167	-0.015674	640600.000000
73.333333	-0.007384	640800.000000
73.437500	-0.003780	641000.000000
73.541667	-0.004770	641200.000000
73.645833	-0.008140	641400.000000
73.750000	-0.011189	641600.000000
73.854167	-0.012798	641800.000000
73.958333	-0.013073	642000.000000
74.062500	-0.013695	642200.000000
74.166667	-0.016088	642400.000000
74.270833	-0.020276	642600.000000
74.375000	-0.026020	642800.000000
74.479167	-0.030539	643000.000000
74.583333	-0.031722	643200.000000
74.687500	-0.028283	643400.000000
74.791667	-0.021670	643600.000000
74.895833	-0.014876	643800.000000
75.000000	-0.011329	644000.000000
75.104167	-0.012620	644200.000000
75.208333	-0.017718	644400.000000
75.312500	-0.023613	644600.000000
75.416667	-0.027119	644800.000000
75.520833	-0.026897	645000.000000
75.625000	-0.023647	645200.000000
75.729167	-0.019923	645400.000000
75.833333	-0.018028	645600.000000
75.937500	-0.019360	645800.000000
76.041667	-0.023118	646000.000000
76.145833	-0.027040	646200.000000
76.250000	-0.029034	646400.000000
76.354167	-0.026568	646600.000000
76.458333	-0.020704	646800.000000
76.562500	-0.013886	647000.000000
76.666667	-0.009985	647200.000000
76.770833	-0.010940	647400.000000
76.875000	-0.016011	647600.000000
76.979167	-0.022375	647800.000000
77.083333	-0.026376	648000.000000
77.187500	-0.026635	648200.000000
77.291667	-0.023351	648400.000000
77.395833	-0.018801	648600.000000
77.500000	-0.015877	648800.000000
77.604167	-0.015869	649000.000000
77.708333	-0.019649	649200.000000
77.812500	-0.026244	649400.000000
77.916667	-0.033039	649600.000000
78.020833	-0.038265	649800.000000
78.125000	-0.039981	650000.000000
78.229167	-0.038212	650200.000000
78.333333	-0.034020	650400.000000
78.437500	-0.029083	650600.000000
78.541667	-0.025322	650800.000000
78.645833	-0.023023	651000.000000
78.750000	-0.021452	651200.000000
78.854167	-0.020087	651400.000000
78.958333	-0.018819	651600.000000
79.062500	-0.018830	651800.000000
79.166667	-0.019858	652000.000000
79.270833	-0.022285	652200.000000
79.375000	-0.025584	652400.000000
79.479167	-0.028603	652600.000000
79.583333	-0.030642	652800.000000
79.687500	-0.031225	653000.000000
79.791667	-0.031269	653200.000000
79.895833	-0.030414	653400.000000
80.000000	-0.029683	653600.000000
80.104167	-0.028880	653800.000000
80.208333	-0.027709	654000.000000
80.312500	-0.025868	654200.000000
80.416667	-0.023559	654400.000000
80.520833	-0.021484	654600.000000
80.625000	-0.020294	654800.000000
80.729167	-0.020284	655000.000000
80.833333	-0.020957	655200.000000
80.937500	-0.021869	655400.000000
81.041667	-0.022952	655600.000000
81.145833	-0.024096	655800.000000
81.250000	-0.024784	656000.000000
81.354167	-0.024713	656200.000000
81.458333	-0.023892	656400.000000
81.562500	-0.022514	656600.000000
81.666667	-0.021679	656800.000000
81.770833	-0.021680	657000.000000
81.875000	-0.022827	657200.000000
81.979167	-0.023715	657400.000000
82.083333	-0.024011	657600.000000
82.187500	-0.023316	657800.000000
82.291667	-0.022313	658000.000000
82.395833	-0.020804	658200.000000
82.500000	-0.018897	658400.000000
82.604167	-0.016102	658600.000000
82.708333	-0.013067	658800.000000
82.812500	-0.010972	659000.000000
82.916667	-0.010839	659200.000000
83.020833	-0.013203	659400.000000
83.125000	-0.017454	659600.000000
83.229167	-0.021138	659800.000000
83.333333	-0.023319	660000.000000
83.437500	-0.023981	660200.000000
83.541667	-0.023263	660400.000000
83.645833	-0.021114	660600.000000
83.750000	-0.017981	660800.000000
83.854167	-0.014663	661000.000000
83.958333	-0.011490	661200.000000
84.062500	-0.010223	661400.000000
84.166667	-0.010954	661600.000000
84.270833	-0.012551	661800.000000
84.375000	-0.013305	662000.000000
84.479167	-0.012963	662200.000000
84.583333	-0.012223	662400.000000
84.687500	-0.012383	662600.000000
84.791667	-0.014831	662800.000000
84.895833	-0.019354	663000.000000
85.000000	-0.024042	663200.000000
85.104167	-0.027068	663400.000000
85.208333	-0.027750	663600.000000
85.312500	-0.026011	663800.000000
85.416667	-0.022410	664000.000000
85.520833	-0.018467	664200.000000
85.625000	-0.015631	664400.000000
85.729167	-0.014363	664600.000000
85.833333	-0.015505	664800.000000
85.937500	-0.018179	665000.000000
86.041667	-0.021078	665200.000000
86.145833	-0.022350	665400.000000
86.250000	-0.022213	665600.000000
86.354167	-0.021110	665800.000000
86.458333	-0.020181	666000.000000
86.562500	-0.020452	666200.000000
86.666667	-0.021239	666400.000000
86.770833	-0.022674	666600.000000
86.875000	-0.023717	666800.000000
86.979167	-0.024120	667000.000000
87.083333	-0.024109	667200.000000
87.187500	-0.024547	667400.000000
87.291667	-0.025018	667600.000000
87.395833	-0.025564	667800.000000
87.500000	-0.025215	668000.000000
87.604167	-0.023411	668200.000000
87.708333	-0.021004	668400.000000
87.812500	-0.018549	668600.000000
87.916667	-0.016857	668800.000000
88.020833	-0.016301	669000.000000
88.125000	-0.016324	669200.000000
88.229167	-0.017124	669400.000000
88.333333	-0.018749	669600.000000
88.437500	-0.020831	669800.000000
88.541667	-0.023205	670000.000000
88.645833	-0.025692	670200.000000
88.750000	-0.027103	670400.000000
88.854167	-0.027496	670600.000000
88.958333	-0.027205	670800.000000
89.062500	-0.026551	671000.000000
89.166667	-0.025367	671200.000000
89.270833	-0.023618	671400.000000
89.375000	-0.021421	671600.000000
89.479167	-0.019200	671800.000000
89.583333	-0.017410	672000.000000
89.687500	-0.016177	672200.000000
89.791667	-0.016243	672400.000000
89.895833	-0.017659	672600.000000
90.000000	-0.019739	672800.000000
90.104167	-0.022761	673000.000000
90.208333	-0.025523	673200.000000
90.312500	-0.027685	673400.000000
90.416667	-0.028938	673600.000000
90.520833	-0.028933	673800.000000
90.625000	-0.027674	674000.000000
90.729167	-0.025553	674200.000000
90.833333	-0.023657	674400.000000
90.937500	-0.022062	674600.000000
91.041667	-0.021463	674800.000000
91.145833	-0.022082	675000.000000
91.250000	-0.023491	675200.000000
91.354167	-0.025251	675400.000000
91.458333	-0.026354	675600.000000
91.562500	-0.026125	675800.000000
91.666667	-0.024655	676000.000000
91.770833	-0.022754	676200.000000
91.875000	-0.021336	676400.000000
91.979167	-0.020895	676600.000000
92.083333	-0.022195	676800.000000
92.187500	-0.024158	677000.000000
92.291667	-0.026529	677200.000000
92.395833	-0.028038	677400.000000
92.500000	-0.027714	677600.000000
92.604167	-0.025970	677800.000000
92.708333	-0.023582	678000.000000
92.812500	-0.021714	678200.000000
92.916667	-0.020470	678400.000000
93.020833	-0.020153	678600.000000
93.125000	-0.020620	678800.000000
93.229167	-0.021166	679000.000000
93.333333	-0.021099	679200.000000
93.437500	-0.020438	679400.000000
93.541667	-0.019146	679600.000000
93.645833	-0.018704	679800.000000
93.750000	-0.019385	680000.000000
93.854167	-0.021189	680200.000000
93.958333	-0.024413	680400.000000
94.062500	-0.027876	680600.000000
94.166667	-0.031078	680800.000000
94.270833	-0.032628	681000.000000
94.375000	-0.031939	681200.000000
94.479167	-0.028900	681400.000000
94.583333	-0.024144	681600.000000
94.687500	-0.019556	681800.000000
94.791667	-0.016857	682000.000000
94.895833	-0.016662	682200.000000
95.000000	-0.018464	682400.000000
95.104167	-0.020740	682600.000000
95.208333	-0.022270	682800.000000
95.312500	-0.022850	683000.000000
95.416667	-0.022955	683200.000000
95.520833	-0.022892	683400.000000
95.625000	-0.023944	683600.000000
95.729167	-0.025572	683800.000000
95.833333	-0.026622	684000.000000
95.937500	-0.027137	684200.000000
96.041667	-0.026636	684400.000000
96.145833	-0.025243	684600.000000
96.250000	-0.023619	684800.000000
96.354167	-0.022464	685000.000000
96.458333	-0.021740	685200.000000
96.562500	-0.021394	685400.000000
96.666667	-0.021605	685600.000000
96.770833	-0.021802	685800.000000
96.875000	-0.021491	686000.000000
96.979167	-0.020252	686200.000000
97.083333	-0.019105	686400.000000
97.187500	-0.017769	686600.000000
97.291667	-0.017133	686800.000000
97.395833	-0.017393	687000.000000
97.500000	-0.018692	687200.000000
97.604167	-0.020522	687400.000000
97.708333	-0.022635	687600.000000
97.812500	-0.024232	687800.000000
97.916667	-0.025013	688000.000000
98.020833	-0.025360	688200.000000
98.125000	-0.024727	688400.000000
98.229167	-0.024005	688600.000000
98.333333	-0.023267	688800.000000
98.437500	-0.023687	689000.000000
98.541667	-0.024977	689200.000000
98.645833	-0.025589	689400.000000
98.750000	-0.024743	689600.000000
98.854167	-0.022356	689800.000000
98.958333	-0.019959	690000.000000
99.062500	-0.018792	690200.000000
99.166667	-0.020064	690400.000000
99.270833	-0.023298	690600.000000
99.375000	-0.027138	690800.000000
99.479167	-0.030088	691000.000000
99.583333	-0.030498	691200.000000
99.687500	-0.028450	691400.000000
99.791667	-0.024932	691600.000000
99.895833	-0.021167	691800.000000
100.000000	-0.018555	692000.000000
100.104167	-0.018011	692200.000000
100.208333	-0.018874	692400.000000
100.312500	-0.020708	692600.000000
100.416667	-0.022631	692800.000000
100.520833	-0.023027	693000.000000
100.625000	-0.022042	693200.000000
100.729167	-0.021050	693400.000000
100.833333	-0.020002	693600.000000
100.937500	-0.020100	693800.000000
101.041667	-0.021092	694000.000000
101.145833	-0.022794	694200.000000
101.250000	-0.024419	694400.000000
101.354167	-0.024850	694600.000000
101.458333	-0.024068	694800.000000
101.562500	-0.022359	695000.000000
101.666667	-0.021142	695200.000000
101.770833	-0.020258	695400.000000
101.875000	-0.020781	695600.000000
101.979167	-0.022343	695800.000000
102.083333	-0.024242	696000.000000
102.187500	-0.025702	696200.000000
102.291667	-0.026079	696400.000000
102.395833	-0.025109	696600.000000
102.500000	-0.023383	696800.000000
102.604167	-0.021842	697000.000000
102.708333	-0.020953	697200.000000
102.812500	-0.021570	697400.000000
102.916667	-0.023065	697600.000000
103.020833	-0.024802	697800.000000
103.125000	-0.026502	698000.000000
103.229167	-0.027957	698200.000000
103.333333	-0.028757	698400.000000
103.437500	-0.028897	698600.000000
103.541667	-0.028290	698800.000000
103.645833	-0.026490	699000.000000
103.750000	-0.024475	699200.000000
103.854167	-0.022218	699400.000000
103.958333	-0.020747	699600.000000
104.062500	-0.020613	699800.000000
104.166667	-0.021313	700000.000000
104.270833	-0.022216	700200.000000
104.375000	-0.023551	700400.000000
104.479167	-0.024132	700600.000000
104.583333	-0.024174	700800.000000
104.687500	-0.024304	701000.000000
104.791667	-0.024690	701200.000000
104.895833	-0.025714	701400.000000
105.000000	-0.026613	701600.000000
105.104167	-0.026245	701800.000000
105.208333	-0.024710	702000.000000
105.312500	-0.022129	702200.000000
105.416667	-0.019499	702400.000000
105.520833	-0.017619	702600.000000
105.625000	-0.017204	702800.000000
105.729167	-0.018050	703000.000000
105.833333	-0.019269	703200.000000
105.937500	-0.020621	703400.000000
106.041667	-0.021487	703600.000000
106.145833	-0.022205	703800.000000
106.250000	-0.022589	704000.000000
106.354167	-0.022362	704200.000000
106.458333	-0.021976	704400.000000
106.562500	-0.022475	704600.000000
106.666667	-0.023251	704800.000000
106.770833	-0.024114	705000.000000
106.875000	-0.024798	705200.000000
106.979167	-0.024215	705400.000000
107.083333	-0.022354	705600.000000
107.187500	-0.020140	705800.000000
107.291667	-0.018812	706000.000000
107.395833	-0.018705	706200.000000
107.500000	-0.019622	706400.000000
107.604167	-0.020766	706600.000000
107.708333	-0.021859	706800.000000
107.812500	-0.021648	707000.000000
107.916667	-0.020173	707200.000000
108.020833	-0.017772	707400.000000
108.125000	-0.016048	707600.000000
108.229167	-0.015705	707800.000000
108.333333	-0.017805	708000.000000
108.437500	-0.021755	708200.000000
108.541667	-0.026393	708400.000000
108.645833	-0.028613	708600.000000
108.750000	-0.027928	708800.000000
108.854167	-0.024866	709000.000000
108.958333	-0.021625	709200.000000
109.062500	-0.019673	709400.000000
109.166667	-0.019798	709600.000000
109.270833	-0.021883	709800.000000
109.375000	-0.024161	710000.000000
109.479167	-0.025584	710200.000000
109.583333	-0.025578	710400.000000
109.687500	-0.024177	710600.000000
109.791667	-0.022639	710800.000000
109.895833	-0.021998	711000.000000
110.000000	-0.021971	711200.000000
110.104167	-0.023760	711400.000000
110.208333	-0.026064	711600.000000
110.312500	-0.027623	711800.000000
110.416667	-0.028101	712000.000000
110.520833	-0.026266	712200.000000
110.625000	-0.023016	712400.000000
110.729167	-0.019927	712600.000000
110.833333	-0.017711	712800.000000
110.937500	-0.017091	713000.000000
111.041667	-0.017834	713200.000000
111.145833	-0.019545	713400.000000
111.250000	-0.021320	713600.000000
111.354167	-0.022723	713800.000000
111.458333	-0.023025	714000.000000
111.562500	-0.022591	714200.000000
111.666667	-0.021512	714400.000000
111.770833	-0.020775	714600.000000
111.875000	-0.020617	714800.000000
111.979167	-0.021703	715000.000000
112.083333	-0.023051	715200.000000
112.187500	-0.023586	715400.000000
112.291667	-0.023485	715600.000000
112.395833	-0.022715	715800.000000
112.500000	-0.021945	716000.000000
112.604167	-0.021533	716200.000000
112.708333	-0.021410	716400.000000
112.812500	-0.021659	716600.000000
112.916667	-0.021703	716800.000000
113.020833	-0.021378	717000.000000
113.125000	-0.020521	717200.000000
113.229167	-0.020276	717400.000000
113.333333	-0.019577	717600.000000
113.437500	-0.019130	717800.000000
113.541667	-0.018928	718000.000000
113.645833	-0.019126	718200.000000
113.750000	-0.020038	718400.000000
113.854167	-0.021319	718600.000000
113.958333	-0.022365	718800.000000
114.062500	-0.023214	719000.000000
114.166667	-0.023419	719200.000000
114.270833	-0.022381	719400.000000
114.375000	-0.020702	719600.000000
114.479167	-0.019038	719800.000000
114.583333	-0.017643	720000.000000
114.687500	-0.017560	720200.000000
114.791667	-0.018525	720400.000000
114.895833	-0.020083	720600.000000
115.000000	-0.021270	720800.000000
115.104167	-0.022072	721000.000000
115.208333	-0.022334	721200.000000
115.312500	-0.022707	721400.000000
115.416667	-0.023795	721600.000000
115.520833	-0.025060	721800.000000
115.625000	-0.026501	722000.000000
115.729167	-0.027398	722200.000000
115.833333	-0.026740	722400.000000
115.937500	-0.025389	722600.000000
116.041667	-0.023210	722800.000000
116.145833	-0.021422	723000.000000
116.250000	-0.020273	723200.000000
116.354167	-0.020210	723400.000000
116.458333	-0.021088	723600.000000
116.562500	-0.021908	723800.000000
116.666667	-0.022359	724000.000000
116.770833	-0.022261	724200.000000
116.875000	-0.021550	724400.000000
116.979167	-0.020086	724600.000000
117.083333	-0.018780	724800.000000
117.187500	-0.017652	725000.000000
117.291667	-0.017324	725200.000000
117.395833	-0.018287	725400.000000
117.500000	-0.019657	725600.000000
117.604167	-0.020820	725800.000000
117.708333	-0.021519	726000.000000
117.812500	-0.021442	726200.000000
117.916667	-0.021249	726400.000000
118.020833	-0.021259	726600.000000
118.125000	-0.022318	726800.000000
118.229167	-0.024204	727000.000000
118.333333	-0.027125	727200.000000
118.437500	-0.029311	727400.000000
118.541667	-0.030295	727600.000000
118.645833	-0.029624	727800.000000
118.750000	-0.028038	728000.000000
118.854167	-0.026334	728200.000000
118.958333	-0.025801	728400.000000
119.062500	-0.026194	728600.000000
119.166667	-0.027376	728800.000000
119.270833	-0.028418	729000.000000
119.375000	-0.029143	729200.000000
119.479167	-0.029191	729400.000000
119.583333	-0.028479	729600.000000
119.687500	-0.027113	729800.000000
119.791667	-0.025474	730000.000000
119.895833	-0.023937	730200.000000
120.000000	-0.022053	730400.000000
120.104167	-0.020638	730600.000000
120.208333	-0.019417	730800.000000
120.312500	-0.019178	731000.000000
120.416667	-0.020026	731200.000000
120.520833	-0.021743	731400.000000
120.625000	-0.023433	731600.000000
120.729167	-0.024616	731800.000000
120.833333	-0.024494	732000.000000
120.937500	-0.023972	732200.000000
121.041667	-0.022999	732400.000000
121.145833	-0.022369	732600.000000
121.250000	-0.022436	732800.000000
121.354167	-0.023177	733000.000000
121.458333	-0.024318	733200.000000
121.562500	-0.024730	733400.000000
121.666667	-0.025230	733600.000000
121.770833	-0.024773	733800.000000
121.875000	-0.023883	734000.000000
121.979167	-0.022890	734200.000000
122.083333	-0.022095	734400.000000
122.187500	-0.022063	734600.000000
122.291667	-0.022196	734800.000000
122.395833	-0.022201	735000.000000
122.500000	-0.021978	735200.000000
122.604167	-0.021347	735400.000000
122.708333	-0.020609	735600.000000
122.812500	-0.020778	735800.000000
122.916667	-0.021047	736000.000000
123.020833	-0.021539	736200.000000
123.125000	-0.022692	736400.000000
123.229167	-0.023198	736600.000000
123.333333	-0.023034	736800.000000
123.437500	-0.022258	737000.000000
123.541667	-0.020777	737200.000000
123.645833	-0.019382	737400.000000
123.750000	-0.018565	737600.000000
123.854167	-0.018875	737800.000000
123.958333	-0.019551	738000.000000
124.062500	-0.020522	738200.000000
124.166667	-0.021301	738400.000000
124.270833	-0.021798	738600.000000
124.375000	-0.021452	738800.000000
124.479167	-0.021131	739000.000000
124.583333	-0.021827	739200.000000
124.687500	-0.022919	739400.000000
124.791667	-0.024907	739600.000000
124.895833	-0.026353	739800.000000
125.000000	-0.026327	740000.000000
125.104167	-0.025298	740200.000000
125.208333	-0.023597	740400.000000
125.312500	-0.022195	740600.000000
125.416667	-0.021643	740800.000000
125.520833	-0.022903	741000.000000
125.625000	-0.024771	741200.000000
125.729167	-0.026584	741400.000000
125.833333	-0.028102	741600.000000
125.937500	-0.028466	741800.000000
126.041667	-0.028156	742000.000000
126.145833	-0.027037	742200.000000
126.250000	-0.025801	742400.000000
126.354167	-0.025055	742600.000000
126.458333	-0.025467	742800.000000
126.562500	-0.026064	743000.000000
126.666667	-0.026712	743200.000000
126.770833	-0.026364	743400.000000
126.875000	-0.025477	743600.000000
126.979167	-0.023618	743800.000000
127.083333	-0.021940	744000.000000
127.187500	-0.020791	744200.000000
127.291667	-0.020643	744400.000000
127.395833	-0.021424	744600.000000
127.500000	-0.022545	744800.000000
127.604167	-0.023497	745000.000000
127.708333	-0.023771	745200.000000
127.812500	-0.022941	745400.000000
127.916667	-0.021384	745600.000000
128.020833	-0.020085	745800.000000
128.125000	-0.020023	746000.000000
128.229167	-0.021275	746200.000000
128.333333	-0.022872	746400.000000
128.437500	-0.024520	746600.000000
128.541667	-0.024654	746800.000000
128.645833	-0.023877	747000.000000
128.750000	-0.022157	747200.000000
128.854167	-0.020609	747400.000000
128.958333	-0.019937	747600.000000
129.062500	-0.019654	747800.000000
129.166667	-0.020178	748000.000000
129.270833	-0.020810	748200.000000
129.375000	-0.021642	748400.000000
129.479167	-0.022831	748600.000000
129.583333	-0.024206	748800.000000
129.687500	-0.025516	749000.000000
129.791667	-0.026595	749200.000000
129.895833	-0.027627	749400.000000
130.000000	-0.028381	749600.000000
130.104167	-0.028747	749800.000000
130.208333	-0.028543	750000.000000
