0.000000	-0.022956	500000.000000
0.104167	-0.022839	500200.000000
0.208333	-0.022862	500400.000000
0.312500	-0.022961	500600.000000
0.416667	-0.022974	500800.000000
0.520833	-0.022810	501000.000000
0.625000	-0.022731	501200.000000
0.729167	-0.022731	501400.000000
0.833333	-0.022817	501600.000000
0.937500	-0.022926	501800.000000
1.041667	-0.023045	502000.000000
1.145833	-0.022925	502200.000000
1.250000	-0.022874	502400.000000
1.354167	-0.022952	502600.000000
1.458333	-0.023066	502800.000000
1.562500	-0.022887	503000.000000
1.666667	-0.023049	503200.000000
1.770833	-0.023003	503400.000000
1.875000	-0.022871	503600.000000
1.979167	-0.022952	503800.000000
2.083333	-0.022916	504000.000000
2.187500	-0.023072	504200.000000
2.291667	-0.022987	504400.000000
2.395833	-0.023163	504600.000000
2.500000	-0.023023	504800.000000
2.604167	-0.022974	505000.000000
2.708333	-0.023137	505200.000000
2.812500	-0.023129	505400.000000
2.916667	-0.023075	505600.000000
3.020833	-0.023113	505800.000000
3.125000	-0.023108	506000.000000
3.229167	-0.023066	506200.000000
3.333333	-0.022961	506400.000000
3.437500	-0.023071	506600.000000
3.541667	-0.022918	506800.000000
3.645833	-0.022966	507000.000000
3.750000	-0.023092	507200.000000
3.854167	-0.023018	507400.000000
3.958333	-0.022795	507600.000000
4.062500	-0.023030	507800.000000
4.166667	-0.022947	508000.000000
4.270833	-0.023122	508200.000000
4.375000	-0.022959	508400.000000
4.479167	-0.022888	508600.000000
4.583333	-0.022854	508800.000000
4.687500	-0.022961	509000.000000
4.791667	-0.022913	509200.000000
4.895833	-0.023128	509400.000000
5.000000	-0.023132	509600.000000
5.104167	-0.022879	509800.000000
5.208333	-0.023287	510000.000000
5.312500	-0.023256	510200.000000
5.416667	-0.023158	510400.000000
5.520833	-0.022953	510600.000000
5.625000	-0.023225	510800.000000
5.729167	-0.023218	511000.000000
5.833333	-0.023021	511200.000000
5.937500	-0.023159	511400.000000
6.041667	-0.023165	511600.000000
6.145833	-0.023037	511800.000000
6.250000	-0.023146	512000.000000
6.354167	-0.023034	512200.000000
6.458333	-0.023062	512400.000000
6.562500	-0.023089	512600.000000
6.666667	-0.023047	512800.000000
6.770833	-0.023052	513000.000000
6.875000	-0.023173	513200.000000
6.979167	-0.023007	513400.000000
7.083333	-0.023012	513600.000000
7.187500	-0.023125	513800.000000
7.291667	-0.023050	514000.000000
7.395833	-0.023039	514200.000000
7.500000	-0.023187	514400.000000
7.604167	-0.023108	514600.000000
7.708333	-0.023067	514800.000000
7.812500	-0.023017	515000.000000
7.916667	-0.023154	515200.000000
8.020833	-0.022973	515400.000000
8.125000	-0.022985	515600.000000
8.229167	-0.023091	515800.000000
8.333333	-0.023141	516000.000000
8.437500	-0.023088	516200.000000
8.541667	-0.023000	516400.000000
8.645833	-0.022977	516600.000000
8.750000	-0.023068	516800.000000
8.854167	-0.023037	517000.000000
8.958333	-0.023156	517200.000000
9.062500	-0.023133	517400.000000
9.166667	-0.023149	517600.000000
9.270833	-0.023021	517800.000000
9.375000	-0.023114	518000.000000
9.479167	-0.023189	518200.000000
9.583333	-0.023249	518400.000000
9.687500	-0.023194	518600.000000
9.791667	-0.023181	518800.000000
9.895833	-0.023200	519000.000000
10.000000	-0.023125	519200.000000
10.104167	-0.023297	519400.000000
10.208333	-0.022942	519600.000000
10.312500	-0.023160	519800.000000
10.416667	-0.023061	520000.000000
10.520833	-0.023114	520200.000000
10.625000	-0.023091	520400.000000
10.729167	-0.023322	520600.000000
10.833333	-0.023054	520800.000000
10.937500	-0.023009	521000.000000
11.041667	-0.023051	521200.000000
11.145833	-0.023156	521400.000000
11.250000	-0.023071	521600.000000
11.354167	-0.022875	521800.000000
11.458333	-0.023103	522000.000000
11.562500	-0.023151	522200.000000
11.666667	-0.023013	522400.000000
11.770833	-0.022990	522600.000000
11.875000	-0.023079	522800.000000
11.979167	-0.023111	523000.000000
12.083333	-0.022892	523200.000000
12.187500	-0.022977	523400.000000
12.291667	-0.023224	523600.000000
12.395833	-0.023145	523800.000000
12.500000	-0.023272	524000.000000
12.604167	-0.023218	524200.000000
12.708333	-0.023201	524400.000000
12.812500	-0.023088	524600.000000
12.916667	-0.023324	524800.000000
13.020833	-0.023204	525000.000000
13.125000	-0.023206	525200.000000
13.229167	-0.023143	525400.000000
13.333333	-0.023260	525600.000000
13.437500	-0.023111	525800.000000
13.541667	-0.023208	526000.000000
13.645833	-0.023273	526200.000000
13.750000	-0.023219	526400.000000
13.854167	-0.023136	526600.000000
13.958333	-0.023392	526800.000000
14.062500	-0.023300	527000.000000
14.166667	-0.023118	527200.000000
14.270833	-0.023474	527400.000000
14.375000	-0.023433	527600.000000
14.479167	-0.023223	527800.000000
14.583333	-0.023566	528000.000000
14.687500	-0.023307	528200.000000
14.791667	-0.023374	528400.000000
14.895833	-0.023456	528600.000000
15.000000	-0.023297	528800.000000
15.104167	-0.023446	529000.000000
15.208333	-0.023249	529200.000000
15.312500	-0.023131	529400.000000
15.416667	-0.023235	529600.000000
15.520833	-0.023193	529800.000000
15.625000	-0.023102	530000.000000
15.729167	-0.023245	530200.000000
15.833333	-0.023354	530400.000000
15.937500	-0.023439	530600.000000
16.041667	-0.023283	530800.000000
16.145833	-0.023433	531000.000000
16.250000	-0.023615	531200.000000
16.354167	-0.023570	531400.000000
16.458333	-0.023331	531600.000000
16.562500	-0.023678	531800.000000
16.666667	-0.023692	532000.000000
16.770833	-0.023598	532200.000000
16.875000	-0.023570	532400.000000
16.979167	-0.023704	532600.000000
17.083333	-0.023560	532800.000000
17.187500	-0.023653	533000.000000
17.291667	-0.023839	533200.000000
17.395833	-0.023761	533400.000000
17.500000	-0.023752	533600.000000
17.604167	-0.024086	533800.000000
17.708333	-0.023924	534000.000000
17.812500	-0.024304	534200.000000
17.916667	-0.024194	534400.000000
18.020833	-0.024311	534600.000000
18.125000	-0.024580	534800.000000
18.229167	-0.024566	535000.000000
18.333333	-0.024635	535200.000000
18.437500	-0.024740	535400.000000
18.541667	-0.024875	535600.000000
18.645833	-0.025299	535800.000000
18.750000	-0.025497	536000.000000
18.854167	-0.025606	536200.000000
18.958333	-0.025914	536400.000000
19.062500	-0.026182	536600.000000
19.166667	-0.026495	536800.000000
19.270833	-0.026791	537000.000000
19.375000	-0.027394	537200.000000
19.479167	-0.027687	537400.000000
19.583333	-0.028258	537600.000000
19.687500	-0.028833	537800.000000
19.791667	-0.029458	538000.000000
19.895833	-0.030135	538200.000000
20.000000	-0.030904	538400.000000
20.104167	-0.031783	538600.000000
20.208333	-0.032764	538800.000000
20.312500	-0.034022	539000.000000
20.416667	-0.035421	539200.000000
20.520833	-0.036485	539400.000000
20.625000	-0.038072	539600.000000
20.729167	-0.039586	539800.000000
20.833333	-0.041272	540000.000000
20.937500	-0.043028	540200.000000
21.041667	-0.044875	540400.000000
21.145833	-0.046722	540600.000000
21.250000	-0.048487	540800.000000
21.354167	-0.050125	541000.000000
21.458333	-0.051049	541200.000000
21.562500	-0.051556	541400.000000
21.666667	-0.050990	541600.000000
21.770833	-0.048958	541800.000000
21.875000	-0.044289	542000.000000
21.979167	-0.033609	542200.000000
22.083333	-0.009426	542400.000000
22.187500	0.038719	542600.000000
22.291667	0.125730	542800.000000
22.395833	0.254122	543000.000000
22.500000	0.397579	543200.000000
22.604167	0.506811	543400.000000
22.708333	0.517852	543600.000000
22.812500	0.402172	543800.000000
22.916667	0.188940	544000.000000
23.020833	-0.043731	544200.000000
23.125000	-0.227183	544400.000000
23.229167	-0.329235	544600.000000
23.333333	-0.354515	544800.000000
23.437500	-0.329761	545000.000000
23.541667	-0.285395	545200.000000
23.645833	-0.241044	545400.000000
23.750000	-0.205107	545600.000000
23.854167	-0.176712	545800.000000
23.958333	-0.152940	546000.000000
24.062500	-0.136585	546200.000000
24.166667	-0.129967	546400.000000
24.270833	-0.131330	546600.000000
24.375000	-0.132518	546800.000000
24.479167	-0.121681	547000.000000
24.583333	-0.093805	547200.000000
24.687500	-0.056462	547400.000000
24.791667	-0.024939	547600.000000
24.895833	-0.009608	547800.000000
25.000000	-0.008725	548000.000000
25.104167	-0.014391	548200.000000
25.208333	-0.018461	548400.000000
25.312500	-0.018289	548600.000000
25.416667	-0.014031	548800.000000
25.520833	-0.006749	549000.000000
25.625000	0.002461	549200.000000
25.729167	0.011645	549400.000000
25.833333	0.017453	549600.000000
25.937500	0.015054	549800.000000
26.041667	0.003133	550000.000000
26.145833	-0.012201	550200.000000
26.250000	-0.021098	550400.000000
26.354167	-0.017228	550600.000000
26.458333	-0.003078	550800.000000
26.562500	0.011537	551000.000000
26.666667	0.016076	551200.000000
26.770833	0.009203	551400.000000
26.875000	-0.000947	551600.000000
26.979167	-0.005438	551800.000000
27.083333	-0.001918	552000.000000
27.187500	0.004364	552200.000000
27.291667	0.007395	552400.000000
27.395833	0.004425	552600.000000
27.500000	-0.003093	552800.000000
27.604167	-0.012467	553000.000000
27.708333	-0.020910	553200.000000
27.812500	-0.027391	553400.000000
27.916667	-0.032411	553600.000000
28.020833	-0.035048	553800.000000
28.125000	-0.033227	554000.000000
28.229167	-0.027243	554200.000000
28.333333	-0.020254	554400.000000
28.437500	-0.014793	554600.000000
28.541667	-0.011541	554800.000000
28.645833	-0.010371	555000.000000
28.750000	-0.011710	555200.000000
28.854167	-0.015681	555400.000000
28.958333	-0.021101	555600.000000
29.062500	-0.025389	555800.000000
29.166667	-0.026202	556000.000000
29.270833	-0.023644	556200.000000
29.375000	-0.020063	556400.000000
29.479167	-0.019131	556600.000000
29.583333	-0.021737	556800.000000
29.687500	-0.025874	557000.000000
29.791667	-0.029370	557200.000000
29.895833	-0.030217	557400.000000
30.000000	-0.026770	557600.000000
30.104167	-0.020357	557800.000000
30.208333	-0.014761	558000.000000
30.312500	-0.012046	558200.000000
30.416667	-0.012446	558400.000000
30.520833	-0.013945	558600.000000
30.625000	-0.015434	558800.000000
30.729167	-0.016088	559000.000000
30.833333	-0.016800	559200.000000
30.937500	-0.018831	559400.000000
31.041667	-0.021205	559600.000000
31.145833	-0.021656	559800.000000
31.250000	-0.020630	560000.000000
31.354167	-0.020096	560200.000000
31.458333	-0.022883	560400.000000
31.562500	-0.030135	560600.000000
31.666667	-0.039162	560800.000000
31.770833	-0.046967	561000.000000
31.875000	-0.049370	561200.000000
31.979167	-0.044191	561400.000000
32.083333	-0.033752	561600.000000
32.187500	-0.022293	561800.000000
32.291667	-0.015075	562000.000000
32.395833	-0.013924	562200.000000
32.500000	-0.016671	562400.000000
32.604167	-0.021034	562600.000000
32.708333	-0.025207	562800.000000
32.812500	-0.027341	563000.000000
32.916667	-0.026603	563200.000000
33.020833	-0.024300	563400.000000
33.125000	-0.022614	563600.000000
33.229167	-0.022464	563800.000000
33.333333	-0.023068	564000.000000
33.437500	-0.024186	564200.000000
33.541667	-0.024988	564400.000000
33.645833	-0.024309	564600.000000
33.750000	-0.022153	564800.000000
33.854167	-0.018651	565000.000000
33.958333	-0.014761	565200.000000
34.062500	-0.010336	565400.000000
34.166667	-0.006704	565600.000000
34.270833	-0.005541	565800.000000
34.375000	-0.008821	566000.000000
34.479167	-0.016759	566200.000000
34.583333	-0.027104	566400.000000
34.687500	-0.034233	566600.000000
34.791667	-0.034235	566800.000000
34.895833	-0.026942	567000.000000
35.000000	-0.016900	567200.000000
35.104167	-0.010435	567400.000000
35.208333	-0.012195	567600.000000
35.312500	-0.020497	567800.000000
35.416667	-0.028828	568000.000000
35.520833	-0.031760	568200.000000
35.625000	-0.027419	568400.000000
35.729167	-0.019217	568600.000000
35.833333	-0.011921	568800.000000
35.937500	-0.009442	569000.000000
36.041667	-0.010604	569200.000000
36.145833	-0.013929	569400.000000
36.250000	-0.018061	569600.000000
36.354167	-0.022942	569800.000000
36.458333	-0.026809	570000.000000
36.562500	-0.027215	570200.000000
36.666667	-0.023128	570400.000000
36.770833	-0.017802	570600.000000
36.875000	-0.016575	570800.000000
36.979167	-0.021984	571000.000000
37.083333	-0.031121	571200.000000
37.187500	-0.038195	571400.000000
37.291667	-0.038237	571600.000000
37.395833	-0.031037	571800.000000
37.500000	-0.021513	572000.000000
37.604167	-0.013677	572200.000000
37.708333	-0.008946	572400.000000
37.812500	-0.007383	572600.000000
37.916667	-0.010724	572800.000000
38.020833	-0.019518	573000.000000
38.125000	-0.031555	573200.000000
38.229167	-0.040855	573400.000000
38.333333	-0.042429	573600.000000
38.437500	-0.036398	573800.000000
38.541667	-0.028598	574000.000000
38.645833	-0.024875	574200.000000
38.750000	-0.029201	574400.000000
38.854167	-0.037251	574600.000000
38.958333	-0.041752	574800.000000
39.062500	-0.037284	575000.000000
39.166667	-0.025426	575200.000000
39.270833	-0.012783	575400.000000
39.375000	-0.004158	575600.000000
39.479167	-0.002945	575800.000000
39.583333	-0.008089	576000.000000
39.687500	-0.018170	576200.000000
39.791667	-0.028524	576400.000000
39.895833	-0.034786	576600.000000
40.000000	-0.035388	576800.000000
40.104167	-0.031131	577000.000000
40.208333	-0.024855	577200.000000
40.312500	-0.019229	577400.000000
40.416667	-0.017281	577600.000000
40.520833	-0.020921	577800.000000
40.625000	-0.028140	578000.000000
40.729167	-0.035427	578200.000000
40.833333	-0.038008	578400.000000
40.937500	-0.034388	578600.000000
41.041667	-0.026643	578800.000000
41.145833	-0.019326	579000.000000
41.250000	-0.015243	579200.000000
41.354167	-0.015108	579400.000000
41.458333	-0.018183	579600.000000
41.562500	-0.021933	579800.000000
41.666667	-0.025853	580000.000000
41.770833	-0.028172	580200.000000
41.875000	-0.027295	580400.000000
41.979167	-0.023743	580600.000000
42.083333	-0.019918	580800.000000
42.187500	-0.019736	581000.000000
42.291667	-0.024999	581200.000000
42.395833	-0.033301	581400.000000
42.500000	-0.039221	581600.000000
42.604167	-0.038824	581800.000000
42.708333	-0.032040	582000.000000
42.812500	-0.023053	582200.000000
42.916667	-0.017107	582400.000000
43.020833	-0.015111	582600.000000
43.125000	-0.015499	582800.000000
43.229167	-0.017210	583000.000000
43.333333	-0.018833	583200.000000
43.437500	-0.020691	583400.000000
43.541667	-0.021622	583600.000000
43.645833	-0.023292	583800.000000
43.750000	-0.025507	584000.000000
43.854167	-0.028983	584200.000000
43.958333	-0.032122	584400.000000
44.062500	-0.033682	584600.000000
44.166667	-0.031978	584800.000000
44.270833	-0.028254	585000.000000
44.375000	-0.024076	585200.000000
44.479167	-0.021017	585400.000000
44.583333	-0.019381	585600.000000
44.687500	-0.018716	585800.000000
44.791667	-0.017908	586000.000000
44.895833	-0.017531	586200.000000
45.000000	-0.018501	586400.000000
45.104167	-0.020776	586600.000000
45.208333	-0.023257	586800.000000
45.312500	-0.024493	587000.000000
45.416667	-0.023903	587200.000000
45.520833	-0.022447	587400.000000
45.625000	-0.021828	587600.000000
45.729167	-0.022746	587800.000000
45.833333	-0.025125	588000.000000
45.937500	-0.027294	588200.000000
46.041667	-0.027489	588400.000000
46.145833	-0.025460	588600.000000
46.250000	-0.022648	588800.000000
46.354167	-0.020882	589000.000000
46.458333	-0.021139	589200.000000
46.562500	-0.022435	589400.000000
46.666667	-0.023166	589600.000000
46.770833	-0.022058	589800.000000
46.875000	-0.019835	590000.000000
46.979167	-0.017230	590200.000000
47.083333	-0.016008	590400.000000
47.187500	-0.016418	590600.000000
47.291667	-0.018529	590800.000000
47.395833	-0.022532	591000.000000
47.500000	-0.027048	591200.000000
47.604167	-0.030555	591400.000000
47.708333	-0.031097	591600.000000
47.812500	-0.028349	591800.000000
47.916667	-0.024669	592000.000000
48.020833	-0.023124	592200.000000
48.125000	-0.024706	592400.000000
48.229167	-0.026044	592600.000000
48.333333	-0.024296	592800.000000
48.437500	-0.019164	593000.000000
48.541667	-0.014006	593200.000000
48.645833	-0.012421	593400.000000
48.750000	-0.014558	593600.000000
48.854167	-0.018502	593800.000000
48.958333	-0.022875	594000.000000
49.062500	-0.026928	594200.000000
49.166667	-0.029752	594400.000000
49.270833	-0.031117	594600.000000
49.375000	-0.031067	594800.000000
49.479167	-0.028394	595000.000000
49.583333	-0.024165	595200.000000
49.687500	-0.020132	595400.000000
49.791667	-0.018480	595600.000000
49.895833	-0.019996	595800.000000
50.000000	-0.023065	596000.000000
50.104167	-0.025084	596200.000000
50.208333	-0.024524	596400.000000
50.312500	-0.021546	596600.000000
50.416667	-0.017911	596800.000000
50.520833	-0.015014	597000.000000
50.625000	-0.014686	597200.000000
50.729167	-0.017747	597400.000000
50.833333	-0.023219	597600.000000
50.937500	-0.028652	597800.000000
51.041667	-0.031109	598000.000000
51.145833	-0.028551	598200.000000
51.250000	-0.023258	598400.000000
51.354167	-0.018683	598600.000000
51.458333	-0.017307	598800.000000
51.562500	-0.019743	599000.000000
51.666667	-0.024518	599200.000000
51.770833	-0.028436	599400.000000
51.875000	-0.029142	599600.000000
51.979167	-0.026180	599800.000000
52.083333	-0.020996	600000.000000
52.187500	-0.016130	600200.000000
52.291667	-0.013344	600400.000000
52.395833	-0.013299	600600.000000
52.500000	-0.016317	600800.000000
52.604167	-0.020757	601000.000000
52.708333	-0.025218	601200.000000
52.812500	-0.028041	601400.000000
52.916667	-0.028854	601600.000000
53.020833	-0.028629	601800.000000
53.125000	-0.028262	602000.000000
53.229167	-0.027205	602200.000000
53.333333	-0.025724	602400.000000
53.437500	-0.024261	602600.000000
53.541667	-0.023341	602800.000000
53.645833	-0.022840	603000.000000
53.750000	-0.021573	603200.000000
53.854167	-0.019665	603400.000000
53.958333	-0.017523	603600.000000
54.062500	-0.016212	603800.000000
54.166667	-0.016769	604000.000000
54.270833	-0.019769	604200.000000
54.375000	-0.024249	604400.000000
54.479167	-0.027999	604600.000000
54.583333	-0.029881	604800.000000
54.687500	-0.029208	605000.000000
54.791667	-0.027411	605200.000000
54.895833	-0.025697	605400.000000
55.000000	-0.024799	605600.000000
55.104167	-0.024926	605800.000000
55.208333	-0.025453	606000.000000
55.312500	-0.025691	606200.000000
55.416667	-0.024770	606400.000000
55.520833	-0.022806	606600.000000
55.625000	-0.020757	606800.000000
55.729167	-0.020647	607000.000000
55.833333	-0.022623	607200.000000
55.937500	-0.025011	607400.000000
56.041667	-0.025510	607600.000000
56.145833	-0.024451	607800.000000
56.250000	-0.023357	608000.000000
56.354167	-0.023871	608200.000000
56.458333	-0.025865	608400.000000
56.562500	-0.027096	608600.000000
56.666667	-0.027404	608800.000000
56.770833	-0.027243	609000.000000
56.875000	-0.026596	609200.000000
56.979167	-0.026171	609400.000000
57.083333	-0.026289	609600.000000
57.187500	-0.026309	609800.000000
57.291667	-0.025711	610000.000000
57.395833	-0.024346	610200.000000
57.500000	-0.022297	610400.000000
57.604167	-0.019653	610600.000000
57.708333	-0.018423	610800.000000
57.812500	-0.018247	611000.000000
57.916667	-0.019751	611200.000000
58.020833	-0.022765	611400.000000
58.125000	-0.027044	611600.000000
58.229167	-0.030201	611800.000000
58.333333	-0.031333	612000.000000
58.437500	-0.030194	612200.000000
58.541667	-0.027701	612400.000000
58.645833	-0.025555	612600.000000
58.750000	-0.024482	612800.000000
58.854167	-0.024345	613000.000000
58.958333	-0.024396	613200.000000
59.062500	-0.023234	613400.000000
59.166667	-0.021183	613600.000000
59.270833	-0.019541	613800.000000
59.375000	-0.019585	614000.000000
59.479167	-0.020191	614200.000000
59.583333	-0.021126	614400.000000
59.687500	-0.021690	614600.000000
59.791667	-0.022654	614800.000000
59.895833	-0.024841	615000.000000
60.000000	-0.027934	615200.000000
60.104167	-0.030283	615400.000000
60.208333	-0.029555	615600.000000
60.312500	-0.026498	615800.000000
60.416667	-0.022485	616000.000000
60.520833	-0.019849	616200.000000
60.625000	-0.019633	616400.000000
60.729167	-0.021144	616600.000000
60.833333	-0.022933	616800.000000
60.937500	-0.023710	617000.000000
61.041667	-0.023463	617200.000000
61.145833	-0.022301	617400.000000
61.250000	-0.021251	617600.000000
61.354167	-0.020298	617800.000000
61.458333	-0.019532	618000.000000
61.562500	-0.019271	618200.000000
61.666667	-0.019720	618400.000000
61.770833	-0.020404	618600.000000
61.875000	-0.021886	618800.000000
61.979167	-0.023596	619000.000000
62.083333	-0.025010	619200.000000
62.187500	-0.025999	619400.000000
62.291667	-0.026040	619600.000000
62.395833	-0.024459	619800.000000
62.500000	-0.022500	620000.000000
62.604167	-0.020935	620200.000000
62.708333	-0.020021	620400.000000
62.812500	-0.019916	620600.000000
62.916667	-0.019903	620800.000000
63.020833	-0.020514	621000.000000
63.125000	-0.021435	621200.000000
63.229167	-0.021394	621400.000000
63.333333	-0.020244	621600.000000
63.437500	-0.019064	621800.000000
63.541667	-0.019959	622000.000000
63.645833	-0.023132	622200.000000
63.750000	-0.027207	622400.000000
63.854167	-0.029416	622600.000000
63.958333	-0.027921	622800.000000
64.062500	-0.024126	623000.000000
64.166667	-0.019645	623200.000000
64.270833	-0.016767	623400.000000
64.375000	-0.015805	623600.000000
64.479167	-0.016415	623800.000000
64.583333	-0.017588	624000.000000
64.687500	-0.019330	624200.000000
64.791667	-0.021727	624400.000000
64.895833	-0.023802	624600.000000
65.000000	-0.024810	624800.000000
65.104167	-0.024940	625000.000000
65.208333	-0.024541	625200.000000
65.312500	-0.025213	625400.000000
65.416667	-0.027399	625600.000000
65.520833	-0.029685	625800.000000
65.625000	-0.030698	626000.000000
65.729167	-0.030367	626200.000000
65.833333	-0.028142	626400.000000
65.937500	-0.024837	626600.000000
66.041667	-0.022215	626800.000000
66.145833	-0.021471	627000.000000
66.250000	-0.023101	627200.000000
66.354167	-0.025542	627400.000000
66.458333	-0.027761	627600.000000
66.562500	-0.027325	627800.000000
66.666667	-0.024255	628000.000000
66.770833	-0.020218	628200.000000
66.875000	-0.017049	628400.000000
66.979167	-0.017106	628600.000000
67.083333	-0.020328	628800.000000
67.187500	-0.025263	629000.000000
67.291667	-0.029583	629200.000000
67.395833	-0.031438	629400.000000
67.500000	-0.029320	629600.000000
67.604167	-0.025571	629800.000000
67.708333	-0.022105	630000.000000
67.812500	-0.020496	630200.000000
67.916667	-0.021609	630400.000000
68.020833	-0.023966	630600.000000
68.125000	-0.025686	630800.000000
68.229167	-0.025520	631000.000000
68.333333	-0.023094	631200.000000
68.437500	-0.019442	631400.000000
68.541667	-0.017174	631600.000000
68.645833	-0.016933	631800.000000
68.750000	-0.019115	632000.000000
68.854167	-0.022822	632200.000000
68.958333	-0.026601	632400.000000
69.062500	-0.029132	632600.000000
69.166667	-0.029456	632800.000000
69.270833	-0.027435	633000.000000
69.375000	-0.024244	633200.000000
69.479167	-0.020651	633400.000000
69.583333	-0.018068	633600.000000
69.687500	-0.016836	633800.000000
69.791667	-0.016965	634000.000000
69.895833	-0.017930	634200.000000
70.000000	-0.019062	634400.000000
70.104167	-0.019586	634600.000000
70.208333	-0.019240	634800.000000
70.312500	-0.018848	635000.000000
70.416667	-0.018867	635200.000000
70.520833	-0.019602	635400.000000
70.625000	-0.021506	635600.000000
70.729167	-0.023776	635800.000000
70.833333	-0.025525	636000.000000
70.937500	-0.026161	636200.000000
71.041667	-0.026022	636400.000000
71.145833	-0.025773	636600.000000
71.250000	-0.026275	636800.000000
71.354167	-0.027194	637000.000000
71.458333	-0.027901	637200.000000
71.562500	-0.028246	637400.000000
71.666667	-0.028093	637600.000000
71.770833	-0.027659	637800.000000
71.875000	-0.027495	638000.000000
71.979167	-0.027900	638200.000000
72.083333	-0.028833	638400.000000
72.187500	-0.029229	638600.000000
72.291667	-0.028653	638800.000000
72.395833	-0.027234	639000.000000
72.500000	-0.025863	639200.000000
72.604167	-0.025231	639400.000000
72.708333	-0.025182	639600.000000
72.812500	-0.026017	639800.000000
72.916667	-0.026697	640000.000000
73.020833	-0.027011	640200.000000
73.125000	-0.025853	640400.000000
73.229167	-0.023404	640600.000000
73.333333	-0.020312	640800.000000
73.437500	-0.018119	641000.000000
73.541667	-0.017007	641200.000000
73.645833	-0.016895	641400.000000
73.750000	-0.018587	641600.000000
73.854167	-0.019321	641800.000000
73.958333	-0.019810	642000.000000
74.062500	-0.019812	642200.000000
74.166667	-0.020150	642400.000000
74.270833	-0.021049	642600.000000
74.375000	-0.022901	642800.000000
74.479167	-0.024943	643000.000000
74.583333	-0.026746	643200.000000
74.687500	-0.027314	643400.000000
74.791667	-0.026446	643600.000000
74.895833	-0.024205	643800.000000
75.000000	-0.022259	644000.000000
75.104167	-0.020965	644200.000000
75.208333	-0.020638	644400.000000
75.312500	-0.021423	644600.000000
75.416667	-0.022979	644800.000000
75.520833	-0.024994	645000.000000
75.625000	-0.026293	645200.000000
75.729167	-0.026257	645400.000000
75.833333	-0.024563	645600.000000
75.937500	-0.022351	645800.000000
76.041667	-0.021256	646000.000000
76.145833	-0.021332	646200.000000
76.250000	-0.023125	646400.000000
76.354167	-0.025228	646600.000000
76.458333	-0.025877	646800.000000
76.562500	-0.024529	647000.000000
76.666667	-0.022043	647200.000000
76.770833	-0.019208	647400.000000
76.875000	-0.018751	647600.000000
76.979167	-0.020212	647800.000000
77.083333	-0.022958	648000.000000
77.187500	-0.025319	648200.000000
77.291667	-0.026208	648400.000000
77.395833	-0.025650	648600.000000
77.500000	-0.024018	648800.000000
77.604167	-0.022613	649000.000000
77.708333	-0.021773	649200.000000
77.812500	-0.021877	649400.000000
77.916667	-0.023367	649600.000000
78.020833	-0.026178	649800.000000
78.125000	-0.029188	650000.000000
78.229167	-0.030850	650200.000000
78.333333	-0.030741	650400.000000
78.437500	-0.028864	650600.000000
78.541667	-0.026305	650800.000000
78.645833	-0.023902	651000.000000
78.750000	-0.022508	651200.000000
78.854167	-0.021927	651400.000000
78.958333	-0.021623	651600.000000
79.062500	-0.021602	651800.000000
79.166667	-0.022600	652000.000000
79.270833	-0.024184	652200.000000
79.375000	-0.025298	652400.000000
79.479167	-0.025421	652600.000000
79.583333	-0.024663	652800.000000
79.687500	-0.024142	653000.000000
79.791667	-0.025030	653200.000000
79.895833	-0.026840	653400.000000
80.000000	-0.028339	653600.000000
80.104167	-0.028716	653800.000000
80.208333	-0.027464	654000.000000
80.312500	-0.025865	654200.000000
80.416667	-0.023779	654400.000000
80.520833	-0.022660	654600.000000
80.625000	-0.021772	654800.000000
80.729167	-0.021660	655000.000000
80.833333	-0.022061	655200.000000
80.937500	-0.023166	655400.000000
81.041667	-0.024174	655600.000000
81.145833	-0.024245	655800.000000
81.250000	-0.023809	656000.000000
81.354167	-0.022918	656200.000000
81.458333	-0.022460	656400.000000
81.562500	-0.022094	656600.000000
81.666667	-0.022110	656800.000000
81.770833	-0.022686	657000.000000
81.875000	-0.023763	657200.000000
81.979167	-0.024237	657400.000000
82.083333	-0.024166	657600.000000
82.187500	-0.023237	657800.000000
82.291667	-0.021575	658000.000000
82.395833	-0.020323	658200.000000
82.500000	-0.020218	658400.000000
82.604167	-0.020586	658600.000000
82.708333	-0.021308	658800.000000
82.812500	-0.021514	659000.000000
82.916667	-0.020984	659200.000000
83.020833	-0.019840	659400.000000
83.125000	-0.019342	659600.000000
83.229167	-0.019378	659800.000000
83.333333	-0.020786	660000.000000
83.437500	-0.023185	660200.000000
83.541667	-0.025093	660400.000000
83.645833	-0.026077	660600.000000
83.750000	-0.025760	660800.000000
83.854167	-0.023823	661000.000000
83.958333	-0.021465	661200.000000
84.062500	-0.019361	661400.000000
84.166667	-0.018535	661600.000000
84.270833	-0.019229	661800.000000
84.375000	-0.020865	662000.000000
84.479167	-0.022176	662200.000000
84.583333	-0.022721	662400.000000
84.687500	-0.022381	662600.000000
84.791667	-0.021695	662800.000000
84.895833	-0.021281	663000.000000
85.000000	-0.022203	663200.000000
85.104167	-0.023805	663400.000000
85.208333	-0.025566	663600.000000
85.312500	-0.026484	663800.000000
85.416667	-0.026605	664000.000000
85.520833	-0.025832	664200.000000
85.625000	-0.024388	664400.000000
85.729167	-0.022356	664600.000000
85.833333	-0.020792	664800.000000
85.937500	-0.020079	665000.000000
86.041667	-0.020897	665200.000000
86.145833	-0.022836	665400.000000
86.250000	-0.024747	665600.000000
86.354167	-0.025670	665800.000000
86.458333	-0.025241	666000.000000
86.562500	-0.024235	666200.000000
86.666667	-0.022824	666400.000000
86.770833	-0.022383	666600.000000
86.875000	-0.023182	666800.000000
86.979167	-0.024307	667000.000000
87.083333	-0.025542	667200.000000
87.187500	-0.026142	667400.000000
87.291667	-0.026093	667600.000000
87.395833	-0.025657	667800.000000
87.500000	-0.024938	668000.000000
87.604167	-0.024092	668200.000000
87.708333	-0.023822	668400.000000
87.812500	-0.023288	668600.000000
87.916667	-0.022729	668800.000000
88.020833	-0.022092	669000.000000
88.125000	-0.022005	669200.000000
88.229167	-0.022060	669400.000000
88.333333	-0.022179	669600.000000
88.437500	-0.022637	669800.000000
88.541667	-0.023301	670000.000000
88.645833	-0.024368	670200.000000
88.750000	-0.025313	670400.000000
88.854167	-0.025849	670600.000000
88.958333	-0.025922	670800.000000
89.062500	-0.025770	671000.000000
89.166667	-0.025803	671200.000000
89.270833	-0.025677	671400.000000
89.375000	-0.024581	671600.000000
89.479167	-0.023349	671800.000000
89.583333	-0.021753	672000.000000
89.687500	-0.020880	672200.000000
89.791667	-0.020903	672400.000000
89.895833	-0.021443	672600.000000
90.000000	-0.022217	672800.000000
90.104167	-0.023144	673000.000000
90.208333	-0.023828	673200.000000
90.312500	-0.024464	673400.000000
90.416667	-0.025350	673600.000000
90.520833	-0.025817	673800.000000
90.625000	-0.025890	674000.000000
90.729167	-0.025451	674200.000000
90.833333	-0.024743	674400.000000
90.937500	-0.024332	674600.000000
91.041667	-0.023989	674800.000000
91.145833	-0.023948	675000.000000
91.250000	-0.023754	675200.000000
91.354167	-0.023796	675400.000000
91.458333	-0.023794	675600.000000
91.562500	-0.023716	675800.000000
91.666667	-0.023907	676000.000000
91.770833	-0.023960	676200.000000
91.875000	-0.023822	676400.000000
91.979167	-0.023892	676600.000000
92.083333	-0.023942	676800.000000
92.187500	-0.023734	677000.000000
92.291667	-0.023559	677200.000000
92.395833	-0.023513	677400.000000
92.500000	-0.023533	677600.000000
92.604167	-0.024191	677800.000000
92.708333	-0.024671	678000.000000
92.812500	-0.024472	678200.000000
92.916667	-0.023851	678400.000000
93.020833	-0.022528	678600.000000
93.125000	-0.021430	678800.000000
93.229167	-0.020993	679000.000000
93.333333	-0.021131	679200.000000
93.437500	-0.021403	679400.000000
93.541667	-0.021912	679600.000000
93.645833	-0.022368	679800.000000
93.750000	-0.022679	680000.000000
93.854167	-0.023229	680200.000000
93.958333	-0.023464	680400.000000
94.062500	-0.023873	680600.000000
94.166667	-0.024302	680800.000000
94.270833	-0.025412	681000.000000
94.375000	-0.026316	681200.000000
94.479167	-0.026910	681400.000000
94.583333	-0.026736	681600.000000
94.687500	-0.025246	681800.000000
94.791667	-0.023392	682000.000000
94.895833	-0.021707	682200.000000
95.000000	-0.020848	682400.000000
95.104167	-0.020487	682600.000000
95.208333	-0.021424	682800.000000
95.312500	-0.022383	683000.000000
95.416667	-0.023888	683200.000000
95.520833	-0.025208	683400.000000
95.625000	-0.025863	683600.000000
95.729167	-0.025567	683800.000000
95.833333	-0.024822	684000.000000
95.937500	-0.024034	684200.000000
96.041667	-0.023859	684400.000000
96.145833	-0.024281	684600.000000
96.250000	-0.025262	684800.000000
96.354167	-0.025545	685000.000000
96.458333	-0.025268	685200.000000
96.562500	-0.024145	685400.000000
96.666667	-0.022648	685600.000000
96.770833	-0.021923	685800.000000
96.875000	-0.021849	686000.000000
96.979167	-0.022081	686200.000000
97.083333	-0.022350	686400.000000
97.187500	-0.022582	686600.000000
97.291667	-0.022513	686800.000000
97.395833	-0.022398	687000.000000
97.500000	-0.022336	687200.000000
97.604167	-0.022129	687400.000000
97.708333	-0.021841	687600.000000
97.812500	-0.022356	687800.000000
97.916667	-0.023432	688000.000000
98.020833	-0.024838	688200.000000
98.125000	-0.025825	688400.000000
98.229167	-0.025755	688600.000000
98.333333	-0.025053	688800.000000
98.437500	-0.024156	689000.000000
98.541667	-0.023520	689200.000000
98.645833	-0.023003	689400.000000
98.750000	-0.023110	689600.000000
98.854167	-0.023280	689800.000000
98.958333	-0.023368	690000.000000
99.062500	-0.023470	690200.000000
99.166667	-0.023464	690400.000000
99.270833	-0.023556	690600.000000
99.375000	-0.023992	690800.000000
99.479167	-0.024670	691000.000000
99.583333	-0.025589	691200.000000
99.687500	-0.026475	691400.000000
99.791667	-0.026715	691600.000000
99.895833	-0.026157	691800.000000
100.000000	-0.024894	692000.000000
100.104167	-0.023282	692200.000000
100.208333	-0.022117	692400.000000
100.312500	-0.021770	692600.000000
100.416667	-0.022104	692800.000000
100.520833	-0.023012	693000.000000
100.625000	-0.023871	693200.000000
100.729167	-0.023928	693400.000000
100.833333	-0.023665	693600.000000
100.937500	-0.022947	693800.000000
101.041667	-0.022470	694000.000000
101.145833	-0.022413	694200.000000
101.250000	-0.022988	694400.000000
101.354167	-0.023406	694600.000000
101.458333	-0.023721	694800.000000
101.562500	-0.023423	695000.000000
101.666667	-0.023299	695200.000000
101.770833	-0.023072	695400.000000
101.875000	-0.022829	695600.000000
101.979167	-0.022955	695800.000000
102.083333	-0.023038	696000.000000
102.187500	-0.023035	696200.000000
102.291667	-0.023752	696400.000000
102.395833	-0.023974	696600.000000
102.500000	-0.024101	696800.000000
102.604167	-0.024253	697000.000000
102.708333	-0.023909	697200.000000
102.812500	-0.023612	697400.000000
102.916667	-0.023522	697600.000000
103.020833	-0.023945	697800.000000
103.125000	-0.024601	698000.000000
103.229167	-0.025551	698200.000000
103.333333	-0.026041	698400.000000
103.437500	-0.026363	698600.000000
103.541667	-0.026539	698800.000000
103.645833	-0.026401	699000.000000
103.750000	-0.025655	699200.000000
103.854167	-0.024610	699400.000000
103.958333	-0.023584	699600.000000
104.062500	-0.022814	699800.000000
104.166667	-0.022547	700000.000000
104.270833	-0.022630	700200.000000
104.375000	-0.022873	700400.000000
104.479167	-0.023346	700600.000000
104.583333	-0.023839	700800.000000
104.687500	-0.023905	701000.000000
104.791667	-0.024394	701200.000000
104.895833	-0.024758	701400.000000
105.000000	-0.024840	701600.000000
105.104167	-0.024406	701800.000000
105.208333	-0.024283	702000.000000
105.312500	-0.023764	702200.000000
105.416667	-0.023650	702400.000000
105.520833	-0.023226	702600.000000
105.625000	-0.022581	702800.000000
105.729167	-0.021934	703000.000000
105.833333	-0.021787	703200.000000
105.937500	-0.022031	703400.000000
106.041667	-0.022854	703600.000000
106.145833	-0.023392	703800.000000
106.250000	-0.023868	704000.000000
106.354167	-0.024424	704200.000000
106.458333	-0.024354	704400.000000
106.562500	-0.024348	704600.000000
106.666667	-0.024505	704800.000000
106.770833	-0.024655	705000.000000
106.875000	-0.024750	705200.000000
106.979167	-0.024429	705400.000000
107.083333	-0.024421	705600.000000
107.187500	-0.023548	705800.000000
107.291667	-0.022962	706000.000000
107.395833	-0.022458	706200.000000
107.500000	-0.022212	706400.000000
107.604167	-0.022527	706600.000000
107.708333	-0.022971	706800.000000
107.812500	-0.023208	707000.000000
107.916667	-0.023000	707200.000000
108.020833	-0.022602	707400.000000
108.125000	-0.021898	707600.000000
108.229167	-0.021458	707800.000000
108.333333	-0.021957	708000.000000
108.437500	-0.022760	708200.000000
108.541667	-0.023946	708400.000000
108.645833	-0.025112	708600.000000
108.750000	-0.025897	708800.000000
108.854167	-0.026121	709000.000000
108.958333	-0.025785	709200.000000
109.062500	-0.024647	709400.000000
109.166667	-0.023602	709600.000000
109.270833	-0.023563	709800.000000
109.375000	-0.023649	710000.000000
109.479167	-0.024103	710200.000000
109.583333	-0.024606	710400.000000
109.687500	-0.024843	710600.000000
109.791667	-0.024476	710800.000000
109.895833	-0.023979	711000.000000
110.000000	-0.023967	711200.000000
110.104167	-0.024395	711400.000000
110.208333	-0.024851	711600.000000
110.312500	-0.025683	711800.000000
110.416667	-0.025828	712000.000000
110.520833	-0.025367	712200.000000
110.625000	-0.024472	712400.000000
110.729167	-0.023505	712600.000000
110.833333	-0.022555	712800.000000
110.937500	-0.021801	713000.000000
111.041667	-0.021651	713200.000000
111.145833	-0.022223	713400.000000
111.250000	-0.022631	713600.000000
111.354167	-0.022699	713800.000000
111.458333	-0.022796	714000.000000
111.562500	-0.022628	714200.000000
111.666667	-0.022321	714400.000000
111.770833	-0.022702	714600.000000
111.875000	-0.023137	714800.000000
111.979167	-0.023285	715000.000000
112.083333	-0.023417	715200.000000
112.187500	-0.023184	715400.000000
112.291667	-0.023055	715600.000000
112.395833	-0.022754	715800.000000
112.500000	-0.023093	716000.000000
112.604167	-0.023574	716200.000000
112.708333	-0.023704	716400.000000
112.812500	-0.023953	716600.000000
112.916667	-0.023632	716800.000000
113.020833	-0.022985	717000.000000
113.125000	-0.022770	717200.000000
113.229167	-0.022369	717400.000000
113.333333	-0.022187	717600.000000
113.437500	-0.021943	717800.000000
113.541667	-0.022096	718000.000000
113.645833	-0.022149	718200.000000
113.750000	-0.022866	718400.000000
113.854167	-0.023080	718600.000000
113.958333	-0.022932	718800.000000
114.062500	-0.022667	719000.000000
114.166667	-0.022881	719200.000000
114.270833	-0.023278	719400.000000
114.375000	-0.023347	719600.000000
114.479167	-0.023123	719800.000000
114.583333	-0.022533	720000.000000
114.687500	-0.021805	720200.000000
114.791667	-0.021715	720400.000000
114.895833	-0.021628	720600.000000
115.000000	-0.022027	720800.000000
115.104167	-0.022695	721000.000000
115.208333	-0.023185	721200.000000
115.312500	-0.024188	721400.000000
115.416667	-0.024854	721600.000000
115.520833	-0.025402	721800.000000
115.625000	-0.025736	722000.000000
115.729167	-0.025668	722200.000000
115.833333	-0.025296	722400.000000
115.937500	-0.025071	722600.000000
116.041667	-0.024914	722800.000000
116.145833	-0.024681	723000.000000
116.250000	-0.023865	723200.000000
116.354167	-0.023069	723400.000000
116.458333	-0.022359	723600.000000
116.562500	-0.021984	723800.000000
116.666667	-0.022652	724000.000000
116.770833	-0.023229	724200.000000
116.875000	-0.023650	724400.000000
116.979167	-0.023284	724600.000000
117.083333	-0.023040	724800.000000
117.187500	-0.022197	725000.000000
117.291667	-0.021716	725200.000000
117.395833	-0.021772	725400.000000
117.500000	-0.022027	725600.000000
117.604167	-0.022729	725800.000000
117.708333	-0.023525	726000.000000
117.812500	-0.024367	726200.000000
117.916667	-0.024558	726400.000000
118.020833	-0.024554	726600.000000
118.125000	-0.024074	726800.000000
118.229167	-0.024166	727000.000000
118.333333	-0.024548	727200.000000
118.437500	-0.025237	727400.000000
118.541667	-0.025869	727600.000000
118.645833	-0.025883	727800.000000
118.750000	-0.025535	728000.000000
118.854167	-0.025015	728200.000000
118.958333	-0.024433	728400.000000
119.062500	-0.024170	728600.000000
119.166667	-0.024679	728800.000000
119.270833	-0.025298	729000.000000
119.375000	-0.026330	729200.000000
119.479167	-0.027101	729400.000000
119.583333	-0.027359	729600.000000
119.687500	-0.026748	729800.000000
119.791667	-0.026165	730000.000000
119.895833	-0.025099	730200.000000
120.000000	-0.024207	730400.000000
120.104167	-0.023510	730600.000000
120.208333	-0.022972	730800.000000
120.312500	-0.022873	731000.000000
120.416667	-0.022585	731200.000000
120.520833	-0.022845	731400.000000
120.625000	-0.023044	731600.000000
120.729167	-0.023247	731800.000000
120.833333	-0.023754	732000.000000
120.937500	-0.024064	732200.000000
121.041667	-0.024417	732400.000000
121.145833	-0.024694	732600.000000
121.250000	-0.024411	732800.000000
121.354167	-0.024133	733000.000000
121.458333	-0.023687	733200.000000
121.562500	-0.023726	733400.000000
121.666667	-0.023938	733600.000000
121.770833	-0.024215	733800.000000
121.875000	-0.024474	734000.000000
121.979167	-0.024386	734200.000000
122.083333	-0.023666	734400.000000
122.187500	-0.023252	734600.000000
122.291667	-0.023002	734800.000000
122.395833	-0.022974	735000.000000
122.500000	-0.022731	735200.000000
122.604167	-0.022735	735400.000000
122.708333	-0.022680	735600.000000
122.812500	-0.022907	735800.000000
122.916667	-0.023063	736000.000000
123.020833	-0.023389	736200.000000
123.125000	-0.023836	736400.000000
123.229167	-0.023808	736600.000000
123.333333	-0.024089	736800.000000
123.437500	-0.023857	737000.000000
123.541667	-0.023627	737200.000000
123.645833	-0.023203	737400.000000
123.750000	-0.022446	737600.000000
123.854167	-0.022013	737800.000000
123.958333	-0.021696	738000.000000
124.062500	-0.021831	738200.000000
124.166667	-0.022136	738400.000000
124.270833	-0.022516	738600.000000
124.375000	-0.022925	738800.000000
124.479167	-0.023267	739000.000000
124.583333	-0.023443	739200.000000
124.687500	-0.023705	739400.000000
124.791667	-0.024444	739600.000000
124.895833	-0.024714	739800.000000
125.000000	-0.025237	740000.000000
125.104167	-0.025154	740200.000000
125.208333	-0.024554	740400.000000
125.312500	-0.023901	740600.000000
125.416667	-0.023040	740800.000000
125.520833	-0.022570	741000.000000
125.625000	-0.022808	741200.000000
125.729167	-0.023661	741400.000000
125.833333	-0.024540	741600.000000
125.937500	-0.025288	741800.000000
126.041667	-0.025264	742000.000000
126.145833	-0.025137	742200.000000
126.250000	-0.024813	742400.000000
126.354167	-0.024704	742600.000000
126.458333	-0.024633	742800.000000
126.562500	-0.024593	743000.000000
126.666667	-0.025181	743200.000000
126.770833	-0.025125	743400.000000
126.875000	-0.025008	743600.000000
126.979167	-0.024422	743800.000000
127.083333	-0.023527	744000.000000
127.187500	-0.022787	744200.000000
127.291667	-0.022412	744400.000000
127.395833	-0.022818	744600.000000
127.500000	-0.023551	744800.000000
127.604167	-0.024261	745000.000000
127.708333	-0.024158	745200.000000
127.812500	-0.024057	745400.000000
127.916667	-0.023293	745600.000000
128.020833	-0.023023	745800.000000
128.125000	-0.022626	746000.000000
128.229167	-0.022825	746200.000000
128.333333	-0.023043	746400.000000
128.437500	-0.023624	746600.000000
128.541667	-0.023851	746800.000000
128.645833	-0.023735	747000.000000
128.750000	-0.023413	747200.000000
128.854167	-0.023010	747400.000000
128.958333	-0.022248	747600.000000
129.062500	-0.021889	747800.000000
129.166667	-0.022106	748000.000000
129.270833	-0.022214	748200.000000
129.375000	-0.022621	748400.000000
129.479167	-0.022952	748600.000000
129.583333	-0.023483	748800.000000
129.687500	-0.023611	749000.000000
129.791667	-0.024452	749200.000000
129.895833	-0.025219	749400.000000
130.000000	-0.025973	749600.000000
130.104167	-0.026504	749800.000000
130.208333	-0.026605	750000.000000
