0.000000	-0.021942	500000.000000
0.104167	-0.021736	500200.000000
0.208333	-0.021942	500400.000000
0.312500	-0.021999	500600.000000
0.416667	-0.021830	500800.000000
0.520833	-0.022216	501000.000000
0.625000	-0.022205	501200.000000
0.729167	-0.022135	501400.000000
0.833333	-0.022116	501600.000000
0.937500	-0.022217	501800.000000
1.041667	-0.022011	502000.000000
1.145833	-0.022292	502200.000000
1.250000	-0.022095	502400.000000
1.354167	-0.022135	502600.000000
1.458333	-0.021948	502800.000000
1.562500	-0.022136	503000.000000
1.666667	-0.022176	503200.000000
1.770833	-0.021885	503400.000000
1.875000	-0.022038	503600.000000
1.979167	-0.021957	503800.000000
2.083333	-0.022162	504000.000000
2.187500	-0.021990	504200.000000
2.291667	-0.022040	504400.000000
2.395833	-0.022090	504600.000000
2.500000	-0.021982	504800.000000
2.604167	-0.022058	505000.000000
2.708333	-0.021899	505200.000000
2.812500	-0.021808	505400.000000
2.916667	-0.021898	505600.000000
3.020833	-0.021661	505800.000000
3.125000	-0.021869	506000.000000
3.229167	-0.021788	506200.000000
3.333333	-0.021778	506400.000000
3.437500	-0.021715	506600.000000
3.541667	-0.021832	506800.000000
3.645833	-0.021909	507000.000000
3.750000	-0.021933	507200.000000
3.854167	-0.021642	507400.000000
3.958333	-0.021859	507600.000000
4.062500	-0.021831	507800.000000
4.166667	-0.021718	508000.000000
4.270833	-0.021952	508200.000000
4.375000	-0.021960	508400.000000
4.479167	-0.021799	508600.000000
4.583333	-0.021868	508800.000000
4.687500	-0.021787	509000.000000
4.791667	-0.021792	509200.000000
4.895833	-0.021876	509400.000000
5.000000	-0.021778	509600.000000
5.104167	-0.021674	509800.000000
5.208333	-0.021724	510000.000000
5.312500	-0.021866	510200.000000
5.416667	-0.021869	510400.000000
5.520833	-0.021883	510600.000000
5.625000	-0.021851	510800.000000
5.729167	-0.021897	511000.000000
5.833333	-0.021905	511200.000000
5.937500	-0.021892	511400.000000
6.041667	-0.021900	511600.000000
6.145833	-0.022029	511800.000000
6.250000	-0.021930	512000.000000
6.354167	-0.022001	512200.000000
6.458333	-0.021995	512400.000000
6.562500	-0.022064	512600.000000
6.666667	-0.021784	512800.000000
6.770833	-0.022002	513000.000000
6.875000	-0.021981	513200.000000
6.979167	-0.021825	513400.000000
7.083333	-0.021817	513600.000000
7.187500	-0.022050	513800.000000
7.291667	-0.021974	514000.000000
7.395833	-0.021997	514200.000000
7.500000	-0.021808	514400.000000
7.604167	-0.021758	514600.000000
7.708333	-0.021817	514800.000000
7.812500	-0.021850	515000.000000
7.916667	-0.022088	515200.000000
8.020833	-0.021957	515400.000000
8.125000	-0.021728	515600.000000
8.229167	-0.021730	515800.000000
8.333333	-0.021951	516000.000000
8.437500	-0.021935	516200.000000
8.541667	-0.021971	516400.000000
8.645833	-0.021928	516600.000000
8.750000	-0.021752	516800.000000
8.854167	-0.022109	517000.000000
8.958333	-0.021815	517200.000000
9.062500	-0.021920	517400.000000
9.166667	-0.022040	517600.000000
9.270833	-0.022037	517800.000000
9.375000	-0.021941	518000.000000
9.479167	-0.022188	518200.000000
9.583333	-0.022085	518400.000000
9.687500	-0.021939	518600.000000
9.791667	-0.021768	518800.000000
9.895833	-0.021871	519000.000000
10.000000	-0.021741	519200.000000
10.104167	-0.021903	519400.000000
10.208333	-0.021922	519600.000000
10.312500	-0.022016	519800.000000
10.416667	-0.021966	520000.000000
10.520833	-0.022035	520200.000000
10.625000	-0.022022	520400.000000
10.729167	-0.022178	520600.000000
10.833333	-0.022087	520800.000000
10.937500	-0.022120	521000.000000
11.041667	-0.022036	521200.000000
11.145833	-0.022063	521400.000000
11.250000	-0.021972	521600.000000
11.354167	-0.021913	521800.000000
11.458333	-0.022067	522000.000000
11.562500	-0.022044	522200.000000
11.666667	-0.022114	522400.000000
11.770833	-0.021879	522600.000000
11.875000	-0.022035	522800.000000
11.979167	-0.022160	523000.000000
12.083333	-0.021753	523200.000000
12.187500	-0.021889	523400.000000
12.291667	-0.022148	523600.000000
12.395833	-0.022039	523800.000000
12.500000	-0.022150	524000.000000
12.604167	-0.021925	524200.000000
12.708333	-0.021895	524400.000000
12.812500	-0.022047	524600.000000
12.916667	-0.022045	524800.000000
13.020833	-0.021893	525000.000000
13.125000	-0.022092	525200.000000
13.229167	-0.022043	525400.000000
13.333333	-0.022075	525600.000000
13.437500	-0.022147	525800.000000
13.541667	-0.022081	526000.000000
13.645833	-0.022107	526200.000000
13.750000	-0.022148	526400.000000
13.854167	-0.022248	526600.000000
13.958333	-0.022229	526800.000000
14.062500	-0.022118	527000.000000
14.166667	-0.022340	527200.000000
14.270833	-0.022144	527400.000000
14.375000	-0.022092	527600.000000
14.479167	-0.022072	527800.000000
14.583333	-0.022039	528000.000000
14.687500	-0.022138	528200.000000
14.791667	-0.022131	528400.000000
14.895833	-0.022072	528600.000000
15.000000	-0.022025	528800.000000
15.104167	-0.022148	529000.000000
15.208333	-0.022131	529200.000000
15.312500	-0.022179	529400.000000
15.416667	-0.022098	529600.000000
15.520833	-0.022273	529800.000000
15.625000	-0.022333	530000.000000
15.729167	-0.022379	530200.000000
15.833333	-0.022134	530400.000000
15.937500	-0.022098	530600.000000
16.041667	-0.022103	530800.000000
16.145833	-0.022344	531000.000000
16.250000	-0.022273	531200.000000
16.354167	-0.022430	531400.000000
16.458333	-0.022444	531600.000000
16.562500	-0.022203	531800.000000
16.666667	-0.022187	532000.000000
16.770833	-0.022359	532200.000000
16.875000	-0.022412	532400.000000
16.979167	-0.022268	532600.000000
17.083333	-0.022570	532800.000000
17.187500	-0.022693	533000.000000
17.291667	-0.022391	533200.000000
17.395833	-0.022679	533400.000000
17.500000	-0.022731	533600.000000
17.604167	-0.022794	533800.000000
17.708333	-0.022725	534000.000000
17.812500	-0.022931	534200.000000
17.916667	-0.023003	534400.000000
18.020833	-0.023023	534600.000000
18.125000	-0.023010	534800.000000
18.229167	-0.023303	535000.000000
18.333333	-0.023389	535200.000000
18.437500	-0.023385	535400.000000
18.541667	-0.023454	535600.000000
18.645833	-0.023750	535800.000000
18.750000	-0.023966	536000.000000
18.854167	-0.024256	536200.000000
18.958333	-0.024176	536400.000000
19.062500	-0.024492	536600.000000
19.166667	-0.024654	536800.000000
19.270833	-0.024993	537000.000000
19.375000	-0.025263	537200.000000
19.479167	-0.025649	537400.000000
19.583333	-0.026179	537600.000000
19.687500	-0.026464	537800.000000
19.791667	-0.026912	538000.000000
19.895833	-0.027467	538200.000000
20.000000	-0.028081	538400.000000
20.104167	-0.028892	538600.000000
20.208333	-0.029588	538800.000000
20.312500	-0.030516	539000.000000
20.416667	-0.031719	539200.000000
20.520833	-0.032874	539400.000000
20.625000	-0.034241	539600.000000
20.729167	-0.035839	539800.000000
20.833333	-0.037182	540000.000000
20.937500	-0.039013	540200.000000
21.041667	-0.041211	540400.000000
21.145833	-0.043080	540600.000000
21.250000	-0.045267	540800.000000
21.354167	-0.047636	541000.000000
21.458333	-0.049826	541200.000000
21.562500	-0.051977	541400.000000
21.666667	-0.053380	541600.000000
21.770833	-0.054002	541800.000000
21.875000	-0.053503	542000.000000
21.979167	-0.049697	542200.000000
22.083333	-0.039491	542400.000000
22.187500	-0.016043	542600.000000
22.291667	0.030680	542800.000000
22.395833	0.108095	543000.000000
22.500000	0.209124	543200.000000
22.604167	0.314309	543400.000000
22.708333	0.381779	543600.000000
22.812500	0.379260	543800.000000
22.916667	0.297336	544000.000000
23.020833	0.158209	544200.000000
23.125000	0.005017	544400.000000
23.229167	-0.122992	544600.000000
23.333333	-0.199190	544800.000000
23.437500	-0.225188	545000.000000
23.541667	-0.218216	545200.000000
23.645833	-0.197432	545400.000000
23.750000	-0.175247	545600.000000
23.854167	-0.155840	545800.000000
23.958333	-0.138065	546000.000000
24.062500	-0.123939	546200.000000
24.166667	-0.117091	546400.000000
24.270833	-0.120472	546600.000000
24.375000	-0.129853	546800.000000
24.479167	-0.134954	547000.000000
24.583333	-0.125175	547200.000000
24.687500	-0.098498	547400.000000
24.791667	-0.062278	547600.000000
24.895833	-0.031914	547800.000000
25.000000	-0.016912	548000.000000
25.104167	-0.018627	548200.000000
25.208333	-0.029110	548400.000000
25.312500	-0.038889	548600.000000
25.416667	-0.040934	548800.000000
25.520833	-0.035103	549000.000000
25.625000	-0.024247	549200.000000
25.729167	-0.011990	549400.000000
25.833333	-0.001884	549600.000000
25.937500	0.002201	549800.000000
26.041667	-0.002591	550000.000000
26.145833	-0.014590	550200.000000
26.250000	-0.026976	550400.000000
26.354167	-0.032307	550600.000000
26.458333	-0.026184	550800.000000
26.562500	-0.011780	551000.000000
26.666667	0.002332	551200.000000
26.770833	0.007813	551400.000000
26.875000	0.004737	551600.000000
26.979167	-0.001161	551800.000000
27.083333	-0.003483	552000.000000
27.187500	0.000434	552200.000000
27.291667	0.007727	552400.000000
27.395833	0.012101	552600.000000
27.500000	0.009212	552800.000000
27.604167	-0.000483	553000.000000
27.708333	-0.012335	553200.000000
27.812500	-0.021947	553400.000000
27.916667	-0.028290	553600.000000
28.020833	-0.031110	553800.000000
28.125000	-0.031453	554000.000000
28.229167	-0.030281	554200.000000
28.333333	-0.027014	554400.000000
28.437500	-0.021053	554600.000000
28.541667	-0.012982	554800.000000
28.645833	-0.006019	555000.000000
28.750000	-0.002145	555200.000000
28.854167	-0.003884	555400.000000
28.958333	-0.010394	555600.000000
29.062500	-0.018874	555800.000000
29.166667	-0.024481	556000.000000
29.270833	-0.025951	556200.000000
29.375000	-0.023918	556400.000000
29.479167	-0.021102	556600.000000
29.583333	-0.020325	556800.000000
29.687500	-0.022473	557000.000000
29.791667	-0.026351	557200.000000
29.895833	-0.029354	557400.000000
30.000000	-0.029819	557600.000000
30.104167	-0.027183	557800.000000
30.208333	-0.022075	558000.000000
30.312500	-0.016420	558200.000000
30.416667	-0.012512	558400.000000
30.520833	-0.010727	558600.000000
30.625000	-0.010929	558800.000000
30.729167	-0.012103	559000.000000
30.833333	-0.013039	559200.000000
30.937500	-0.013990	559400.000000
31.041667	-0.015019	559600.000000
31.145833	-0.015884	559800.000000
31.250000	-0.016414	560000.000000
31.354167	-0.016212	560200.000000
31.458333	-0.016992	560400.000000
31.562500	-0.020863	560600.000000
31.666667	-0.029026	560800.000000
31.770833	-0.040018	561000.000000
31.875000	-0.049328	561200.000000
31.979167	-0.052121	561400.000000
32.083333	-0.046162	561600.000000
32.187500	-0.034322	561800.000000
32.291667	-0.021317	562000.000000
32.395833	-0.012449	562200.000000
32.500000	-0.009793	562400.000000
32.604167	-0.013311	562600.000000
32.708333	-0.019265	562800.000000
32.812500	-0.024558	563000.000000
32.916667	-0.027243	563200.000000
33.020833	-0.027831	563400.000000
33.125000	-0.027331	563600.000000
33.229167	-0.026592	563800.000000
33.333333	-0.026227	564000.000000
33.437500	-0.026298	564200.000000
33.541667	-0.026244	564400.000000
33.645833	-0.026116	564600.000000
33.750000	-0.025749	564800.000000
33.854167	-0.023482	565000.000000
33.958333	-0.019724	565200.000000
34.062500	-0.014668	565400.000000
34.166667	-0.008095	565600.000000
34.270833	-0.003248	565800.000000
34.375000	-0.002032	566000.000000
34.479167	-0.006449	566200.000000
34.583333	-0.016251	566400.000000
34.687500	-0.027157	566600.000000
34.791667	-0.033966	566800.000000
34.895833	-0.033167	567000.000000
35.000000	-0.025652	567200.000000
35.104167	-0.015283	567400.000000
35.208333	-0.009226	567600.000000
35.312500	-0.010930	567800.000000
35.416667	-0.018575	568000.000000
35.520833	-0.027159	568200.000000
35.625000	-0.030622	568400.000000
35.729167	-0.026845	568600.000000
35.833333	-0.018674	568800.000000
35.937500	-0.010490	569000.000000
36.041667	-0.006470	569200.000000
36.145833	-0.006914	569400.000000
36.250000	-0.010599	569600.000000
36.354167	-0.015569	569800.000000
36.458333	-0.019792	570000.000000
36.562500	-0.022608	570200.000000
36.666667	-0.022182	570400.000000
36.770833	-0.019719	570600.000000
36.875000	-0.017555	570800.000000
36.979167	-0.018467	571000.000000
37.083333	-0.024257	571200.000000
37.187500	-0.031598	571400.000000
37.291667	-0.036863	571600.000000
37.395833	-0.036288	571800.000000
37.500000	-0.030351	572000.000000
37.604167	-0.020678	572200.000000
37.708333	-0.011360	572400.000000
37.812500	-0.005201	572600.000000
37.916667	-0.004326	572800.000000
38.020833	-0.009348	573000.000000
38.125000	-0.018708	573200.000000
38.229167	-0.028704	573400.000000
38.333333	-0.035586	573600.000000
38.437500	-0.036393	573800.000000
38.541667	-0.032414	574000.000000
38.645833	-0.027772	574200.000000
38.750000	-0.027241	574400.000000
38.854167	-0.031861	574600.000000
38.958333	-0.038002	574800.000000
39.062500	-0.040833	575000.000000
39.166667	-0.036938	575200.000000
39.270833	-0.026572	575400.000000
39.375000	-0.013688	575600.000000
39.479167	-0.004579	575800.000000
39.583333	-0.002889	576000.000000
39.687500	-0.008845	576200.000000
39.791667	-0.019051	576400.000000
39.895833	-0.028425	576600.000000
40.000000	-0.032801	576800.000000
40.104167	-0.031632	577000.000000
40.208333	-0.027019	577200.000000
40.312500	-0.022112	577400.000000
40.416667	-0.019350	577600.000000
40.520833	-0.019947	577800.000000
40.625000	-0.023065	578000.000000
40.729167	-0.027800	578200.000000
40.833333	-0.032318	578400.000000
40.937500	-0.034327	578600.000000
41.041667	-0.032667	578800.000000
41.145833	-0.027353	579000.000000
41.250000	-0.020636	579200.000000
41.354167	-0.016149	579400.000000
41.458333	-0.014717	579600.000000
41.562500	-0.016593	579800.000000
41.666667	-0.020196	580000.000000
41.770833	-0.022499	580200.000000
41.875000	-0.023437	580400.000000
41.979167	-0.022653	580600.000000
42.083333	-0.021145	580800.000000
42.187500	-0.021407	581000.000000
42.291667	-0.023916	581200.000000
42.395833	-0.028381	581400.000000
42.500000	-0.033095	581600.000000
42.604167	-0.035628	581800.000000
42.708333	-0.034410	582000.000000
42.812500	-0.030595	582200.000000
42.916667	-0.024691	582400.000000
43.020833	-0.019306	582600.000000
43.125000	-0.015830	582800.000000
43.229167	-0.015217	583000.000000
43.333333	-0.015855	583200.000000
43.437500	-0.017064	583400.000000
43.541667	-0.017769	583600.000000
43.645833	-0.018888	583800.000000
43.750000	-0.021238	584000.000000
43.854167	-0.025367	584200.000000
43.958333	-0.030719	584400.000000
44.062500	-0.034641	584600.000000
44.166667	-0.034845	584800.000000
44.270833	-0.031251	585000.000000
44.375000	-0.026017	585200.000000
44.479167	-0.021702	585400.000000
44.583333	-0.019805	585600.000000
44.687500	-0.019681	585800.000000
44.791667	-0.019805	586000.000000
44.895833	-0.018800	586200.000000
45.000000	-0.018026	586400.000000
45.104167	-0.018091	586600.000000
45.208333	-0.019204	586800.000000
45.312500	-0.020890	587000.000000
45.416667	-0.021834	587200.000000
45.520833	-0.021565	587400.000000
45.625000	-0.021242	587600.000000
45.729167	-0.022141	587800.000000
45.833333	-0.024276	588000.000000
45.937500	-0.026882	588200.000000
46.041667	-0.027678	588400.000000
46.145833	-0.026765	588600.000000
46.250000	-0.024150	588800.000000
46.354167	-0.021853	589000.000000
46.458333	-0.020963	589200.000000
46.562500	-0.021444	589400.000000
46.666667	-0.022388	589600.000000
46.770833	-0.022543	589800.000000
46.875000	-0.021285	590000.000000
46.979167	-0.019269	590200.000000
47.083333	-0.016967	590400.000000
47.187500	-0.015271	590600.000000
47.291667	-0.015853	590800.000000
47.395833	-0.018133	591000.000000
47.500000	-0.022236	591200.000000
47.604167	-0.026871	591400.000000
47.708333	-0.030174	591600.000000
47.812500	-0.030477	591800.000000
47.916667	-0.028327	592000.000000
48.020833	-0.025892	592200.000000
48.125000	-0.024517	592400.000000
48.229167	-0.024294	592600.000000
48.333333	-0.023726	592800.000000
48.437500	-0.021215	593000.000000
48.541667	-0.017066	593200.000000
48.645833	-0.013194	593400.000000
48.750000	-0.011728	593600.000000
48.854167	-0.013408	593800.000000
48.958333	-0.017606	594000.000000
49.062500	-0.022186	594200.000000
49.166667	-0.026139	594400.000000
49.270833	-0.029034	594600.000000
49.375000	-0.030158	594800.000000
49.479167	-0.029496	595000.000000
49.583333	-0.027328	595200.000000
49.687500	-0.024149	595400.000000
49.791667	-0.021048	595600.000000
49.895833	-0.019552	595800.000000
50.000000	-0.020040	596000.000000
50.104167	-0.021643	596200.000000
50.208333	-0.022921	596400.000000
50.312500	-0.022332	596600.000000
50.416667	-0.020031	596800.000000
50.520833	-0.017280	597000.000000
50.625000	-0.015410	597200.000000
50.729167	-0.015808	597400.000000
50.833333	-0.019139	597600.000000
50.937500	-0.023348	597800.000000
51.041667	-0.026606	598000.000000
51.145833	-0.027547	598200.000000
51.250000	-0.025883	598400.000000
51.354167	-0.023290	598600.000000
51.458333	-0.021187	598800.000000
51.562500	-0.020915	599000.000000
51.666667	-0.022322	599200.000000
51.770833	-0.024269	599400.000000
51.875000	-0.025910	599600.000000
51.979167	-0.025656	599800.000000
52.083333	-0.023648	600000.000000
52.187500	-0.020118	600200.000000
52.291667	-0.016376	600400.000000
52.395833	-0.014022	600600.000000
52.500000	-0.013856	600800.000000
52.604167	-0.015561	601000.000000
52.708333	-0.018227	601200.000000
52.812500	-0.021524	601400.000000
52.916667	-0.024097	601600.000000
53.020833	-0.026999	601800.000000
53.125000	-0.029376	602000.000000
53.229167	-0.030801	602200.000000
53.333333	-0.029746	602400.000000
53.437500	-0.027265	602600.000000
53.541667	-0.023578	602800.000000
53.645833	-0.020391	603000.000000
53.750000	-0.018818	603200.000000
53.854167	-0.018042	603400.000000
53.958333	-0.017833	603600.000000
54.062500	-0.017730	603800.000000
54.166667	-0.018061	604000.000000
54.270833	-0.018952	604200.000000
54.375000	-0.020298	604400.000000
54.479167	-0.022000	604600.000000
54.583333	-0.023673	604800.000000
54.687500	-0.024892	605000.000000
54.791667	-0.026495	605200.000000
54.895833	-0.027737	605400.000000
55.000000	-0.028157	605600.000000
55.104167	-0.027474	605800.000000
55.208333	-0.025319	606000.000000
55.312500	-0.022990	606200.000000
55.416667	-0.020979	606400.000000
55.520833	-0.019888	606600.000000
55.625000	-0.019822	606800.000000
55.729167	-0.020764	607000.000000
55.833333	-0.022735	607200.000000
55.937500	-0.024777	607400.000000
56.041667	-0.025352	607600.000000
56.145833	-0.024010	607800.000000
56.250000	-0.021825	608000.000000
56.354167	-0.020430	608200.000000
56.458333	-0.021319	608400.000000
56.562500	-0.024093	608600.000000
56.666667	-0.027333	608800.000000
56.770833	-0.029241	609000.000000
56.875000	-0.028619	609200.000000
56.979167	-0.026549	609400.000000
57.083333	-0.024623	609600.000000
57.187500	-0.024065	609800.000000
57.291667	-0.024321	610000.000000
57.395833	-0.024587	610200.000000
57.500000	-0.024072	610400.000000
57.604167	-0.022388	610600.000000
57.708333	-0.020319	610800.000000
57.812500	-0.018145	611000.000000
57.916667	-0.016771	611200.000000
58.020833	-0.017639	611400.000000
58.125000	-0.020544	611600.000000
58.229167	-0.024846	611800.000000
58.333333	-0.029526	612000.000000
58.437500	-0.031917	612200.000000
58.541667	-0.031564	612400.000000
58.645833	-0.028738	612600.000000
58.750000	-0.025268	612800.000000
58.854167	-0.022986	613000.000000
58.958333	-0.022435	613200.000000
59.062500	-0.022483	613400.000000
59.166667	-0.022514	613600.000000
59.270833	-0.021869	613800.000000
59.375000	-0.020490	614000.000000
59.479167	-0.019538	614200.000000
59.583333	-0.019196	614400.000000
59.687500	-0.019477	614600.000000
59.791667	-0.020680	614800.000000
59.895833	-0.022371	615000.000000
60.000000	-0.025351	615200.000000
60.104167	-0.028082	615400.000000
60.208333	-0.029415	615600.000000
60.312500	-0.028213	615800.000000
60.416667	-0.025279	616000.000000
60.520833	-0.021986	616200.000000
60.625000	-0.019632	616400.000000
60.729167	-0.019282	616600.000000
60.833333	-0.020716	616800.000000
60.937500	-0.022060	617000.000000
61.041667	-0.023219	617200.000000
61.145833	-0.023221	617400.000000
61.250000	-0.022112	617600.000000
61.354167	-0.020985	617800.000000
61.458333	-0.019907	618000.000000
61.562500	-0.019038	618200.000000
61.666667	-0.018786	618400.000000
61.770833	-0.019158	618600.000000
61.875000	-0.020111	618800.000000
61.979167	-0.021495	619000.000000
62.083333	-0.023412	619200.000000
62.187500	-0.025012	619400.000000
62.291667	-0.025880	619600.000000
62.395833	-0.025816	619800.000000
62.500000	-0.024729	620000.000000
62.604167	-0.023005	620200.000000
62.708333	-0.021022	620400.000000
62.812500	-0.019539	620600.000000
62.916667	-0.019078	620800.000000
63.020833	-0.019023	621000.000000
63.125000	-0.019660	621200.000000
63.229167	-0.020236	621400.000000
63.333333	-0.020195	621600.000000
63.437500	-0.019830	621800.000000
63.541667	-0.019825	622000.000000
63.645833	-0.020685	622200.000000
63.750000	-0.022679	622400.000000
63.854167	-0.024994	622600.000000
63.958333	-0.026602	622800.000000
64.062500	-0.026760	623000.000000
64.166667	-0.024912	623200.000000
64.270833	-0.021973	623400.000000
64.375000	-0.019103	623600.000000
64.479167	-0.016841	623800.000000
64.583333	-0.015973	624000.000000
64.687500	-0.017173	624200.000000
64.791667	-0.019146	624400.000000
64.895833	-0.021217	624600.000000
65.000000	-0.023045	624800.000000
65.104167	-0.023945	625000.000000
65.208333	-0.024232	625200.000000
65.312500	-0.024805	625400.000000
65.416667	-0.025260	625600.000000
65.520833	-0.026205	625800.000000
65.625000	-0.027288	626000.000000
65.729167	-0.027980	626200.000000
65.833333	-0.027717	626400.000000
65.937500	-0.026474	626600.000000
66.041667	-0.024945	626800.000000
66.145833	-0.023503	627000.000000
66.250000	-0.022924	627200.000000
66.354167	-0.023736	627400.000000
66.458333	-0.025287	627600.000000
66.562500	-0.025978	627800.000000
66.666667	-0.024932	628000.000000
66.770833	-0.022497	628200.000000
66.875000	-0.019954	628400.000000
66.979167	-0.018652	628600.000000
67.083333	-0.019267	628800.000000
67.187500	-0.022037	629000.000000
67.291667	-0.025031	629200.000000
67.395833	-0.027178	629400.000000
67.500000	-0.027636	629600.000000
67.604167	-0.026593	629800.000000
67.708333	-0.025327	630000.000000
67.812500	-0.023881	630200.000000
67.916667	-0.023075	630400.000000
68.020833	-0.023058	630600.000000
68.125000	-0.023279	630800.000000
68.229167	-0.023550	631000.000000
68.333333	-0.022836	631200.000000
68.437500	-0.020999	631400.000000
68.541667	-0.018752	631600.000000
68.645833	-0.017454	631800.000000
68.750000	-0.017866	632000.000000
68.854167	-0.020276	632200.000000
68.958333	-0.023294	632400.000000
69.062500	-0.025808	632600.000000
69.166667	-0.026958	632800.000000
69.270833	-0.026702	633000.000000
69.375000	-0.025428	633200.000000
69.479167	-0.023968	633400.000000
69.583333	-0.022558	633600.000000
69.687500	-0.020614	633800.000000
69.791667	-0.018676	634000.000000
69.895833	-0.017087	634200.000000
70.000000	-0.016397	634400.000000
70.104167	-0.016425	634600.000000
70.208333	-0.017168	634800.000000
70.312500	-0.018522	635000.000000
70.416667	-0.019752	635200.000000
70.520833	-0.020654	635400.000000
70.625000	-0.021253	635600.000000
70.729167	-0.021624	635800.000000
70.833333	-0.021686	636000.000000
70.937500	-0.021789	636200.000000
71.041667	-0.022227	636400.000000
71.145833	-0.023694	636600.000000
71.250000	-0.025540	636800.000000
71.354167	-0.027282	637000.000000
71.458333	-0.027976	637200.000000
71.562500	-0.027619	637400.000000
71.666667	-0.026175	637600.000000
71.770833	-0.025105	637800.000000
71.875000	-0.024892	638000.000000
71.979167	-0.026156	638200.000000
72.083333	-0.027635	638400.000000
72.187500	-0.028866	638600.000000
72.291667	-0.028999	638800.000000
72.395833	-0.028082	639000.000000
72.500000	-0.026206	639200.000000
72.604167	-0.024882	639400.000000
72.708333	-0.024318	639600.000000
72.812500	-0.024630	639800.000000
72.916667	-0.026157	640000.000000
73.020833	-0.027785	640200.000000
73.125000	-0.028415	640400.000000
73.229167	-0.027347	640600.000000
73.333333	-0.024597	640800.000000
73.437500	-0.021457	641000.000000
73.541667	-0.018264	641200.000000
73.645833	-0.017044	641400.000000
73.750000	-0.017067	641600.000000
73.854167	-0.017829	641800.000000
73.958333	-0.018844	642000.000000
74.062500	-0.019426	642200.000000
74.166667	-0.019563	642400.000000
74.270833	-0.019686	642600.000000
74.375000	-0.020497	642800.000000
74.479167	-0.021819	643000.000000
74.583333	-0.023822	643200.000000
74.687500	-0.025573	643400.000000
74.791667	-0.025886	643600.000000
74.895833	-0.024874	643800.000000
75.000000	-0.022977	644000.000000
75.104167	-0.020898	644200.000000
75.208333	-0.019789	644400.000000
75.312500	-0.020152	644600.000000
75.416667	-0.021738	644800.000000
75.520833	-0.024026	645000.000000
75.625000	-0.025036	645200.000000
75.729167	-0.025384	645400.000000
75.833333	-0.024424	645600.000000
75.937500	-0.022973	645800.000000
76.041667	-0.022154	646000.000000
76.145833	-0.022417	646200.000000
76.250000	-0.023582	646400.000000
76.354167	-0.024580	646600.000000
76.458333	-0.025434	646800.000000
76.562500	-0.024728	647000.000000
76.666667	-0.022926	647200.000000
76.770833	-0.020632	647400.000000
76.875000	-0.019114	647600.000000
76.979167	-0.019032	647800.000000
77.083333	-0.020618	648000.000000
77.187500	-0.022792	648200.000000
77.291667	-0.024195	648400.000000
77.395833	-0.024695	648600.000000
77.500000	-0.023756	648800.000000
77.604167	-0.022486	649000.000000
77.708333	-0.021320	649200.000000
77.812500	-0.021163	649400.000000
77.916667	-0.022080	649600.000000
78.020833	-0.024268	649800.000000
78.125000	-0.026435	650000.000000
78.229167	-0.028354	650200.000000
78.333333	-0.029144	650400.000000
78.437500	-0.028700	650600.000000
78.541667	-0.027426	650800.000000
78.645833	-0.025784	651000.000000
78.750000	-0.024311	651200.000000
78.854167	-0.023283	651400.000000
78.958333	-0.022765	651600.000000
79.062500	-0.022192	651800.000000
79.166667	-0.021906	652000.000000
79.270833	-0.021716	652200.000000
79.375000	-0.021963	652400.000000
79.479167	-0.022485	652600.000000
79.583333	-0.023679	652800.000000
79.687500	-0.024599	653000.000000
79.791667	-0.025193	653200.000000
79.895833	-0.025517	653400.000000
80.000000	-0.025474	653600.000000
80.104167	-0.025386	653800.000000
80.208333	-0.025141	654000.000000
80.312500	-0.024971	654200.000000
80.416667	-0.024490	654400.000000
80.520833	-0.024362	654600.000000
80.625000	-0.023474	654800.000000
80.729167	-0.023080	655000.000000
80.833333	-0.022576	655200.000000
80.937500	-0.022410	655400.000000
81.041667	-0.022826	655600.000000
81.145833	-0.023092	655800.000000
81.250000	-0.023470	656000.000000
81.354167	-0.024133	656200.000000
81.458333	-0.024223	656400.000000
81.562500	-0.023832	656600.000000
81.666667	-0.023499	656800.000000
81.770833	-0.023082	657000.000000
81.875000	-0.022663	657200.000000
81.979167	-0.022776	657400.000000
82.083333	-0.022972	657600.000000
82.187500	-0.023346	657800.000000
82.291667	-0.023729	658000.000000
82.395833	-0.023275	658200.000000
82.500000	-0.022905	658400.000000
82.604167	-0.022426	658600.000000
82.708333	-0.021782	658800.000000
82.812500	-0.020812	659000.000000
82.916667	-0.019672	659200.000000
83.020833	-0.018841	659400.000000
83.125000	-0.018595	659600.000000
83.229167	-0.019574	659800.000000
83.333333	-0.020763	660000.000000
83.437500	-0.022363	660200.000000
83.541667	-0.023326	660400.000000
83.645833	-0.023568	660600.000000
83.750000	-0.023583	660800.000000
83.854167	-0.023318	661000.000000
83.958333	-0.022354	661200.000000
84.062500	-0.021195	661400.000000
84.166667	-0.020156	661600.000000
84.270833	-0.019763	661800.000000
84.375000	-0.019893	662000.000000
84.479167	-0.020567	662200.000000
84.583333	-0.020820	662400.000000
84.687500	-0.020806	662600.000000
84.791667	-0.020362	662800.000000
84.895833	-0.020336	663000.000000
85.000000	-0.020955	663200.000000
85.104167	-0.022243	663400.000000
85.208333	-0.023590	663600.000000
85.312500	-0.024855	663800.000000
85.416667	-0.025105	664000.000000
85.520833	-0.024420	664200.000000
85.625000	-0.023232	664400.000000
85.729167	-0.022009	664600.000000
85.833333	-0.020945	664800.000000
85.937500	-0.020338	665000.000000
86.041667	-0.020703	665200.000000
86.145833	-0.021612	665400.000000
86.250000	-0.022445	665600.000000
86.354167	-0.022785	665800.000000
86.458333	-0.023219	666000.000000
86.562500	-0.022872	666200.000000
86.666667	-0.022450	666400.000000
86.770833	-0.022627	666600.000000
86.875000	-0.022740	666800.000000
86.979167	-0.023087	667000.000000
87.083333	-0.023509	667200.000000
87.187500	-0.023983	667400.000000
87.291667	-0.023736	667600.000000
87.395833	-0.024136	667800.000000
87.500000	-0.024329	668000.000000
87.604167	-0.024445	668200.000000
87.708333	-0.024278	668400.000000
87.812500	-0.023779	668600.000000
87.916667	-0.022785	668800.000000
88.020833	-0.022069	669000.000000
88.125000	-0.021599	669200.000000
88.229167	-0.021012	669400.000000
88.333333	-0.021384	669600.000000
88.437500	-0.021577	669800.000000
88.541667	-0.021935	670000.000000
88.645833	-0.022669	670200.000000
88.750000	-0.023577	670400.000000
88.854167	-0.024308	670600.000000
88.958333	-0.024980	670800.000000
89.062500	-0.024948	671000.000000
89.166667	-0.024998	671200.000000
89.270833	-0.024700	671400.000000
89.375000	-0.024257	671600.000000
89.479167	-0.023580	671800.000000
89.583333	-0.023193	672000.000000
89.687500	-0.022126	672200.000000
89.791667	-0.021496	672400.000000
89.895833	-0.021133	672600.000000
90.000000	-0.021050	672800.000000
90.104167	-0.021577	673000.000000
90.208333	-0.022214	673200.000000
90.312500	-0.023017	673400.000000
90.416667	-0.024037	673600.000000
90.520833	-0.024709	673800.000000
90.625000	-0.025218	674000.000000
90.729167	-0.025385	674200.000000
90.833333	-0.024793	674400.000000
90.937500	-0.023959	674600.000000
91.041667	-0.023140	674800.000000
91.145833	-0.022560	675000.000000
91.250000	-0.022287	675200.000000
91.354167	-0.022485	675400.000000
91.458333	-0.023043	675600.000000
91.562500	-0.023470	675800.000000
91.666667	-0.023950	676000.000000
91.770833	-0.024180	676200.000000
91.875000	-0.023766	676400.000000
91.979167	-0.023315	676600.000000
92.083333	-0.022748	676800.000000
92.187500	-0.022519	677000.000000
92.291667	-0.022902	677200.000000
92.395833	-0.023602	677400.000000
92.500000	-0.024602	677600.000000
92.604167	-0.025076	677800.000000
92.708333	-0.024781	678000.000000
92.812500	-0.024390	678200.000000
92.916667	-0.023558	678400.000000
93.020833	-0.022876	678600.000000
93.125000	-0.022149	678800.000000
93.229167	-0.021892	679000.000000
93.333333	-0.022042	679200.000000
93.437500	-0.022088	679400.000000
93.541667	-0.022145	679600.000000
93.645833	-0.021551	679800.000000
93.750000	-0.021467	680000.000000
93.854167	-0.021131	680200.000000
93.958333	-0.021387	680400.000000
94.062500	-0.022060	680600.000000
94.166667	-0.023165	680800.000000
94.270833	-0.024446	681000.000000
94.375000	-0.025644	681200.000000
94.479167	-0.026272	681400.000000
94.583333	-0.026093	681600.000000
94.687500	-0.025254	681800.000000
94.791667	-0.023980	682000.000000
94.895833	-0.022339	682200.000000
95.000000	-0.021560	682400.000000
95.104167	-0.021445	682600.000000
95.208333	-0.021709	682800.000000
95.312500	-0.022660	683000.000000
95.416667	-0.023284	683200.000000
95.520833	-0.023580	683400.000000
95.625000	-0.023603	683600.000000
95.729167	-0.023548	683800.000000
95.833333	-0.023869	684000.000000
95.937500	-0.024416	684200.000000
96.041667	-0.024741	684400.000000
96.145833	-0.024874	684600.000000
96.250000	-0.024856	684800.000000
96.354167	-0.024484	685000.000000
96.458333	-0.024016	685200.000000
96.562500	-0.023493	685400.000000
96.666667	-0.023168	685600.000000
96.770833	-0.022967	685800.000000
96.875000	-0.023294	686000.000000
96.979167	-0.023365	686200.000000
97.083333	-0.023160	686400.000000
97.187500	-0.023047	686600.000000
97.291667	-0.022623	686800.000000
97.395833	-0.021991	687000.000000
97.500000	-0.021709	687200.000000
97.604167	-0.021525	687400.000000
97.708333	-0.021773	687600.000000
97.812500	-0.022290	687800.000000
97.916667	-0.022753	688000.000000
98.020833	-0.023495	688200.000000
98.125000	-0.023721	688400.000000
98.229167	-0.023852	688600.000000
98.333333	-0.023728	688800.000000
98.437500	-0.023395	689000.000000
98.541667	-0.023352	689200.000000
98.645833	-0.023491	689400.000000
98.750000	-0.023614	689600.000000
98.854167	-0.023823	689800.000000
98.958333	-0.023829	690000.000000
99.062500	-0.023058	690200.000000
99.166667	-0.022121	690400.000000
99.270833	-0.021592	690600.000000
99.375000	-0.022041	690800.000000
99.479167	-0.023042	691000.000000
99.583333	-0.024485	691200.000000
99.687500	-0.025363	691400.000000
99.791667	-0.025735	691600.000000
99.895833	-0.025227	691800.000000
100.000000	-0.024007	692000.000000
100.104167	-0.022805	692200.000000
100.208333	-0.021902	692400.000000
100.312500	-0.021612	692600.000000
100.416667	-0.022080	692800.000000
100.520833	-0.022680	693000.000000
100.625000	-0.023429	693200.000000
100.729167	-0.023668	693400.000000
100.833333	-0.023512	693600.000000
100.937500	-0.022990	693800.000000
101.041667	-0.022349	694000.000000
101.145833	-0.022217	694200.000000
101.250000	-0.022562	694400.000000
101.354167	-0.022950	694600.000000
101.458333	-0.023360	694800.000000
101.562500	-0.023605	695000.000000
101.666667	-0.023630	695200.000000
101.770833	-0.022853	695400.000000
101.875000	-0.022533	695600.000000
101.979167	-0.022169	695800.000000
102.083333	-0.022285	696000.000000
102.187500	-0.022740	696200.000000
102.291667	-0.023548	696400.000000
102.395833	-0.024035	696600.000000
102.500000	-0.024115	696800.000000
102.604167	-0.023886	697000.000000
102.708333	-0.023200	697200.000000
102.812500	-0.022836	697400.000000
102.916667	-0.022513	697600.000000
103.020833	-0.022730	697800.000000
103.125000	-0.023151	698000.000000
103.229167	-0.024029	698200.000000
103.333333	-0.024641	698400.000000
103.437500	-0.024973	698600.000000
103.541667	-0.025326	698800.000000
103.645833	-0.025305	699000.000000
103.750000	-0.025207	699200.000000
103.854167	-0.024587	699400.000000
103.958333	-0.023907	699600.000000
104.062500	-0.023064	699800.000000
104.166667	-0.022488	700000.000000
104.270833	-0.022341	700200.000000
104.375000	-0.022807	700400.000000
104.479167	-0.023051	700600.000000
104.583333	-0.023232	700800.000000
104.687500	-0.023401	701000.000000
104.791667	-0.023665	701200.000000
104.895833	-0.023514	701400.000000
105.000000	-0.023843	701600.000000
105.104167	-0.024061	701800.000000
105.208333	-0.024314	702000.000000
105.312500	-0.024451	702200.000000
105.416667	-0.023814	702400.000000
105.520833	-0.023448	702600.000000
105.625000	-0.022561	702800.000000
105.729167	-0.021990	703000.000000
105.833333	-0.021545	703200.000000
105.937500	-0.022012	703400.000000
106.041667	-0.022357	703600.000000
106.145833	-0.022786	703800.000000
106.250000	-0.023210	704000.000000
106.354167	-0.023580	704200.000000
106.458333	-0.023646	704400.000000
106.562500	-0.023501	704600.000000
106.666667	-0.023430	704800.000000
106.770833	-0.023389	705000.000000
106.875000	-0.023596	705200.000000
106.979167	-0.023916	705400.000000
107.083333	-0.024237	705600.000000
107.187500	-0.024080	705800.000000
107.291667	-0.023529	706000.000000
107.395833	-0.022772	706200.000000
107.500000	-0.022445	706400.000000
107.604167	-0.022280	706600.000000
107.708333	-0.022513	706800.000000
107.812500	-0.023019	707000.000000
107.916667	-0.023220	707200.000000
108.020833	-0.023292	707400.000000
108.125000	-0.022914	707600.000000
108.229167	-0.022009	707800.000000
108.333333	-0.021326	708000.000000
108.437500	-0.021161	708200.000000
108.541667	-0.021745	708400.000000
108.645833	-0.023167	708600.000000
108.750000	-0.024567	708800.000000
108.854167	-0.025234	709000.000000
108.958333	-0.025229	709200.000000
109.062500	-0.024245	709400.000000
109.166667	-0.023247	709600.000000
109.270833	-0.022581	709800.000000
109.375000	-0.022374	710000.000000
109.479167	-0.022920	710200.000000
109.583333	-0.024029	710400.000000
109.687500	-0.024363	710600.000000
109.791667	-0.024596	710800.000000
109.895833	-0.024217	711000.000000
110.000000	-0.023783	711200.000000
110.104167	-0.023619	711400.000000
110.208333	-0.023631	711600.000000
110.312500	-0.023995	711800.000000
110.416667	-0.024586	712000.000000
110.520833	-0.025273	712200.000000
110.625000	-0.025209	712400.000000
110.729167	-0.024822	712600.000000
110.833333	-0.023863	712800.000000
110.937500	-0.022750	713000.000000
111.041667	-0.021795	713200.000000
111.145833	-0.021306	713400.000000
111.250000	-0.021297	713600.000000
111.354167	-0.021926	713800.000000
111.458333	-0.022299	714000.000000
111.562500	-0.022560	714200.000000
111.666667	-0.022564	714400.000000
111.770833	-0.022272	714600.000000
111.875000	-0.021623	714800.000000
111.979167	-0.021461	715000.000000
112.083333	-0.021397	715200.000000
112.187500	-0.021589	715400.000000
112.291667	-0.021686	715600.000000
112.395833	-0.022035	715800.000000
112.500000	-0.022112	716000.000000
112.604167	-0.021687	716200.000000
112.708333	-0.021381	716400.000000
112.812500	-0.021322	716600.000000
112.916667	-0.021542	716800.000000
113.020833	-0.021671	717000.000000
113.125000	-0.021367	717200.000000
113.229167	-0.021082	717400.000000
113.333333	-0.020618	717600.000000
113.437500	-0.020467	717800.000000
113.541667	-0.019863	718000.000000
113.645833	-0.019247	718200.000000
113.750000	-0.018624	718400.000000
113.854167	-0.018440	718600.000000
113.958333	-0.019078	718800.000000
114.062500	-0.020538	719000.000000
114.166667	-0.022802	719200.000000
114.270833	-0.025398	719400.000000
114.375000	-0.027778	719600.000000
114.479167	-0.029581	719800.000000
114.583333	-0.030845	720000.000000
114.687500	-0.031805	720200.000000
114.791667	-0.031636	720400.000000
114.895833	-0.031176	720600.000000
115.000000	-0.031005	720800.000000
115.104167	-0.030087	721000.000000
115.208333	-0.028976	721200.000000
115.312500	-0.027104	721400.000000
115.416667	-0.024918	721600.000000
115.520833	-0.022743	721800.000000
115.625000	-0.021262	722000.000000
115.729167	-0.020403	722200.000000
115.833333	-0.019817	722400.000000
115.937500	-0.019800	722600.000000
116.041667	-0.019738	722800.000000
116.145833	-0.019648	723000.000000
116.250000	-0.019390	723200.000000
116.354167	-0.019340	723400.000000
116.458333	-0.019549	723600.000000
116.562500	-0.019793	723800.000000
116.666667	-0.020333	724000.000000
116.770833	-0.020903	724200.000000
116.875000	-0.021295	724400.000000
116.979167	-0.021629	724600.000000
117.083333	-0.021815	724800.000000
117.187500	-0.021904	725000.000000
117.291667	-0.021902	725200.000000
117.395833	-0.021962	725400.000000
117.500000	-0.022091	725600.000000
117.604167	-0.022610	725800.000000
117.708333	-0.022958	726000.000000
117.812500	-0.023097	726200.000000
117.916667	-0.023203	726400.000000
118.020833	-0.023118	726600.000000
118.125000	-0.022756	726800.000000
118.229167	-0.022879	727000.000000
118.333333	-0.023506	727200.000000
118.437500	-0.023951	727400.000000
118.541667	-0.024626	727600.000000
118.645833	-0.025620	727800.000000
118.750000	-0.025946	728000.000000
118.854167	-0.025781	728200.000000
118.958333	-0.025464	728400.000000
119.062500	-0.025134	728600.000000
119.166667	-0.025065	728800.000000
119.270833	-0.025101	729000.000000
119.375000	-0.025543	729200.000000
119.479167	-0.025942	729400.000000
119.583333	-0.026169	729600.000000
119.687500	-0.026161	729800.000000
119.791667	-0.025591	730000.000000
119.895833	-0.024996	730200.000000
120.000000	-0.024388	730400.000000
120.104167	-0.023809	730600.000000
120.208333	-0.023088	730800.000000
120.312500	-0.022572	731000.000000
120.416667	-0.022345	731200.000000
120.520833	-0.022180	731400.000000
120.625000	-0.022532	731600.000000
120.729167	-0.023199	731800.000000
120.833333	-0.023932	732000.000000
120.937500	-0.024288	732200.000000
121.041667	-0.024150	732400.000000
121.145833	-0.024017	732600.000000
121.250000	-0.023500	732800.000000
121.354167	-0.023124	733000.000000
121.458333	-0.023075	733200.000000
121.562500	-0.022953	733400.000000
121.666667	-0.023089	733600.000000
121.770833	-0.023314	733800.000000
121.875000	-0.023815	734000.000000
121.979167	-0.023716	734200.000000
122.083333	-0.023599	734400.000000
122.187500	-0.023336	734600.000000
122.291667	-0.023352	734800.000000
122.395833	-0.023399	735000.000000
122.500000	-0.023522	735200.000000
122.604167	-0.023683	735400.000000
122.708333	-0.023472	735600.000000
122.812500	-0.023535	735800.000000
122.916667	-0.023145	736000.000000
123.020833	-0.023122	736200.000000
123.125000	-0.023114	736400.000000
123.229167	-0.023383	736600.000000
123.333333	-0.023484	736800.000000
123.437500	-0.023401	737000.000000
123.541667	-0.023298	737200.000000
123.645833	-0.022792	737400.000000
123.750000	-0.022281	737600.000000
123.854167	-0.021776	737800.000000
123.958333	-0.021721	738000.000000
124.062500	-0.021911	738200.000000
124.166667	-0.022005	738400.000000
124.270833	-0.022367	738600.000000
124.375000	-0.022751	738800.000000
124.479167	-0.022899	739000.000000
124.583333	-0.022828	739200.000000
124.687500	-0.022719	739400.000000
124.791667	-0.023008	739600.000000
124.895833	-0.023284	739800.000000
125.000000	-0.024005	740000.000000
125.104167	-0.024100	740200.000000
125.208333	-0.023915	740400.000000
125.312500	-0.023471	740600.000000
125.416667	-0.022827	740800.000000
125.520833	-0.022050	741000.000000
125.625000	-0.021910	741200.000000
125.729167	-0.022164	741400.000000
125.833333	-0.022925	741600.000000
125.937500	-0.023619	741800.000000
126.041667	-0.024270	742000.000000
126.145833	-0.024550	742200.000000
126.250000	-0.024449	742400.000000
126.354167	-0.024285	742600.000000
126.458333	-0.023821	742800.000000
126.562500	-0.023516	743000.000000
126.666667	-0.023818	743200.000000
126.770833	-0.024252	743400.000000
126.875000	-0.024538	743600.000000
126.979167	-0.024391	743800.000000
127.083333	-0.024055	744000.000000
127.187500	-0.023537	744200.000000
127.291667	-0.023195	744400.000000
127.395833	-0.022729	744600.000000
127.500000	-0.022629	744800.000000
127.604167	-0.023062	745000.000000
127.708333	-0.023648	745200.000000
127.812500	-0.024048	745400.000000
127.916667	-0.023914	745600.000000
128.020833	-0.023734	745800.000000
128.125000	-0.023449	746000.000000
128.229167	-0.023090	746200.000000
128.333333	-0.022904	746400.000000
128.437500	-0.023267	746600.000000
128.541667	-0.023824	746800.000000
128.645833	-0.024250	747000.000000
128.750000	-0.024176	747200.000000
128.854167	-0.023784	747400.000000
128.958333	-0.023151	747600.000000
129.062500	-0.022466	747800.000000
129.166667	-0.021831	748000.000000
129.270833	-0.021805	748200.000000
129.375000	-0.021705	748400.000000
129.479167	-0.022011	748600.000000
129.583333	-0.022492	748800.000000
129.687500	-0.022497	749000.000000
129.791667	-0.023061	749200.000000
129.895833	-0.023545	749400.000000
130.000000	-0.024043	749600.000000
130.104167	-0.024230	749800.000000
130.208333	-0.024570	750000.000000
