0.000000	-0.022002	500000.000000
0.104167	-0.021850	500200.000000
0.208333	-0.021865	500400.000000
0.312500	-0.022076	500600.000000
0.416667	-0.021976	500800.000000
0.520833	-0.022034	501000.000000
0.625000	-0.021900	501200.000000
0.729167	-0.021895	501400.000000
0.833333	-0.021846	501600.000000
0.937500	-0.021828	501800.000000
1.041667	-0.021746	502000.000000
1.145833	-0.021859	502200.000000
1.250000	-0.021937	502400.000000
1.354167	-0.021785	502600.000000
1.458333	-0.021863	502800.000000
1.562500	-0.021820	503000.000000
1.666667	-0.021917	503200.000000
1.770833	-0.021945	503400.000000
1.875000	-0.021918	503600.000000
1.979167	-0.021815	503800.000000
2.083333	-0.021923	504000.000000
2.187500	-0.021674	504200.000000
2.291667	-0.021755	504400.000000
2.395833	-0.021787	504600.000000
2.500000	-0.021961	504800.000000
2.604167	-0.021896	505000.000000
2.708333	-0.021792	505200.000000
2.812500	-0.021975	505400.000000
2.916667	-0.021901	505600.000000
3.020833	-0.022025	505800.000000
3.125000	-0.021815	506000.000000
3.229167	-0.021723	506200.000000
3.333333	-0.021988	506400.000000
3.437500	-0.021861	506600.000000
3.541667	-0.021849	506800.000000
3.645833	-0.021798	507000.000000
3.750000	-0.021630	507200.000000
3.854167	-0.021763	507400.000000
3.958333	-0.021907	507600.000000
4.062500	-0.021808	507800.000000
4.166667	-0.021979	508000.000000
4.270833	-0.021837	508200.000000
4.375000	-0.021877	508400.000000
4.479167	-0.021920	508600.000000
4.583333	-0.021985	508800.000000
4.687500	-0.022026	509000.000000
4.791667	-0.022116	509200.000000
4.895833	-0.021915	509400.000000
5.000000	-0.022078	509600.000000
5.104167	-0.022006	509800.000000
5.208333	-0.022021	510000.000000
5.312500	-0.021888	510200.000000
5.416667	-0.022191	510400.000000
5.520833	-0.021977	510600.000000
5.625000	-0.021829	510800.000000
5.729167	-0.021875	511000.000000
5.833333	-0.021882	511200.000000
5.937500	-0.021936	511400.000000
6.041667	-0.022095	511600.000000
6.145833	-0.022097	511800.000000
6.250000	-0.022085	512000.000000
6.354167	-0.022243	512200.000000
6.458333	-0.022036	512400.000000
6.562500	-0.022026	512600.000000
6.666667	-0.021870	512800.000000
6.770833	-0.022021	513000.000000
6.875000	-0.022089	513200.000000
6.979167	-0.022061	513400.000000
7.083333	-0.021875	513600.000000
7.187500	-0.021931	513800.000000
7.291667	-0.022191	514000.000000
7.395833	-0.021843	514200.000000
7.500000	-0.021881	514400.000000
7.604167	-0.021871	514600.000000
7.708333	-0.021970	514800.000000
7.812500	-0.021906	515000.000000
7.916667	-0.021960	515200.000000
8.020833	-0.021900	515400.000000
8.125000	-0.022064	515600.000000
8.229167	-0.021953	515800.000000
8.333333	-0.022066	516000.000000
8.437500	-0.022019	516200.000000
8.541667	-0.021985	516400.000000
8.645833	-0.021919	516600.000000
8.750000	-0.022106	516800.000000
8.854167	-0.022015	517000.000000
8.958333	-0.021949	517200.000000
9.062500	-0.021943	517400.000000
9.166667	-0.021860	517600.000000
9.270833	-0.021884	517800.000000
9.375000	-0.022053	518000.000000
9.479167	-0.022046	518200.000000
9.583333	-0.022005	518400.000000
9.687500	-0.021914	518600.000000
9.791667	-0.021911	518800.000000
9.895833	-0.021998	519000.000000
10.000000	-0.022020	519200.000000
10.104167	-0.022015	519400.000000
10.208333	-0.022064	519600.000000
10.312500	-0.022218	519800.000000
10.416667	-0.022029	520000.000000
10.520833	-0.021905	520200.000000
10.625000	-0.022138	520400.000000
10.729167	-0.022108	520600.000000
10.833333	-0.022083	520800.000000
10.937500	-0.021990	521000.000000
11.041667	-0.021947	521200.000000
11.145833	-0.022149	521400.000000
11.250000	-0.021973	521600.000000
11.354167	-0.022013	521800.000000
11.458333	-0.022204	522000.000000
11.562500	-0.021947	522200.000000
11.666667	-0.022151	522400.000000
11.770833	-0.022005	522600.000000
11.875000	-0.021899	522800.000000
11.979167	-0.022005	523000.000000
12.083333	-0.022123	523200.000000
12.187500	-0.022007	523400.000000
12.291667	-0.022046	523600.000000
12.395833	-0.022168	523800.000000
12.500000	-0.022026	524000.000000
12.604167	-0.021869	524200.000000
12.708333	-0.021848	524400.000000
12.812500	-0.021991	524600.000000
12.916667	-0.021998	524800.000000
13.020833	-0.022014	525000.000000
13.125000	-0.021979	525200.000000
13.229167	-0.022150	525400.000000
13.333333	-0.022259	525600.000000
13.437500	-0.022070	525800.000000
13.541667	-0.022160	526000.000000
13.645833	-0.022174	526200.000000
13.750000	-0.022127	526400.000000
13.854167	-0.022140	526600.000000
13.958333	-0.022179	526800.000000
14.062500	-0.022214	527000.000000
14.166667	-0.022250	527200.000000
14.270833	-0.021985	527400.000000
14.375000	-0.022157	527600.000000
14.479167	-0.022255	527800.000000
14.583333	-0.022171	528000.000000
14.687500	-0.022033	528200.000000
14.791667	-0.022121	528400.000000
14.895833	-0.022151	528600.000000
15.000000	-0.022087	528800.000000
15.104167	-0.022233	529000.000000
15.208333	-0.022276	529200.000000
15.312500	-0.022145	529400.000000
15.416667	-0.022175	529600.000000
15.520833	-0.022204	529800.000000
15.625000	-0.022256	530000.000000
15.729167	-0.022118	530200.000000
15.833333	-0.022060	530400.000000
15.937500	-0.022343	530600.000000
16.041667	-0.022141	530800.000000
16.145833	-0.022178	531000.000000
16.250000	-0.022300	531200.000000
16.354167	-0.022348	531400.000000
16.458333	-0.022177	531600.000000
16.562500	-0.022225	531800.000000
16.666667	-0.022264	532000.000000
16.770833	-0.022198	532200.000000
16.875000	-0.022514	532400.000000
16.979167	-0.022350	532600.000000
17.083333	-0.022106	532800.000000
17.187500	-0.022261	533000.000000
17.291667	-0.022269	533200.000000
17.395833	-0.022282	533400.000000
17.500000	-0.022337	533600.000000
17.604167	-0.022386	533800.000000
17.708333	-0.022218	534000.000000
17.812500	-0.022363	534200.000000
17.916667	-0.022293	534400.000000
18.020833	-0.022308	534600.000000
18.125000	-0.022516	534800.000000
18.229167	-0.022403	535000.000000
18.333333	-0.022554	535200.000000
18.437500	-0.022537	535400.000000
18.541667	-0.022551	535600.000000
18.645833	-0.022723	535800.000000
18.750000	-0.022633	536000.000000
18.854167	-0.022648	536200.000000
18.958333	-0.022842	536400.000000
19.062500	-0.022913	536600.000000
19.166667	-0.022878	536800.000000
19.270833	-0.022927	537000.000000
19.375000	-0.022953	537200.000000
19.479167	-0.023081	537400.000000
19.583333	-0.023262	537600.000000
19.687500	-0.023345	537800.000000
19.791667	-0.023197	538000.000000
19.895833	-0.023492	538200.000000
20.000000	-0.023768	538400.000000
20.104167	-0.024151	538600.000000
20.208333	-0.024368	538800.000000
20.312500	-0.024775	539000.000000
20.416667	-0.024572	539200.000000
20.520833	-0.025035	539400.000000
20.625000	-0.025578	539600.000000
20.729167	-0.026048	539800.000000
20.833333	-0.026325	540000.000000
20.937500	-0.026728	540200.000000
21.041667	-0.027277	540400.000000
21.145833	-0.027683	540600.000000
21.250000	-0.028518	540800.000000
21.354167	-0.029021	541000.000000
21.458333	-0.029810	541200.000000
21.562500	-0.030152	541400.000000
21.666667	-0.030333	541600.000000
21.770833	-0.030434	541800.000000
21.875000	-0.030308	542000.000000
21.979167	-0.028982	542200.000000
22.083333	-0.025829	542400.000000
22.187500	-0.018727	542600.000000
22.291667	-0.004879	542800.000000
22.395833	0.016447	543000.000000
22.500000	0.043037	543200.000000
22.604167	0.069153	543400.000000
22.708333	0.084110	543600.000000
22.812500	0.080162	543800.000000
22.916667	0.056009	544000.000000
23.020833	0.019809	544200.000000
23.125000	-0.019801	544400.000000
23.229167	-0.051498	544600.000000
23.333333	-0.069812	544800.000000
23.437500	-0.075452	545000.000000
23.541667	-0.073158	545200.000000
23.645833	-0.067746	545400.000000
23.750000	-0.062138	545600.000000
23.854167	-0.056931	545800.000000
23.958333	-0.052366	546000.000000
24.062500	-0.048784	546200.000000
24.166667	-0.047682	546400.000000
24.270833	-0.048853	546600.000000
24.375000	-0.051173	546800.000000
24.479167	-0.051889	547000.000000
24.583333	-0.048530	547200.000000
24.687500	-0.040982	547400.000000
24.791667	-0.031645	547600.000000
24.895833	-0.024068	547800.000000
25.000000	-0.020736	548000.000000
25.104167	-0.021818	548200.000000
25.208333	-0.024602	548400.000000
25.312500	-0.026543	548600.000000
25.416667	-0.026975	548800.000000
25.520833	-0.025241	549000.000000
25.625000	-0.022182	549200.000000
25.729167	-0.019025	549400.000000
25.833333	-0.016660	549600.000000
25.937500	-0.015953	549800.000000
26.041667	-0.017370	550000.000000
26.145833	-0.020601	550200.000000
26.250000	-0.023683	550400.000000
26.354167	-0.024572	550600.000000
26.458333	-0.022615	550800.000000
26.562500	-0.019234	551000.000000
26.666667	-0.015848	551200.000000
26.770833	-0.014402	551400.000000
26.875000	-0.015381	551600.000000
26.979167	-0.017129	551800.000000
27.083333	-0.017433	552000.000000
27.187500	-0.016209	552200.000000
27.291667	-0.014262	552400.000000
27.395833	-0.013343	552600.000000
27.500000	-0.014487	552800.000000
27.604167	-0.017182	553000.000000
27.708333	-0.020162	553200.000000
27.812500	-0.022676	553400.000000
27.916667	-0.024095	553600.000000
28.020833	-0.024628	553800.000000
28.125000	-0.024861	554000.000000
28.229167	-0.024451	554200.000000
28.333333	-0.023476	554400.000000
28.437500	-0.021941	554600.000000
28.541667	-0.019874	554800.000000
28.645833	-0.017900	555000.000000
28.750000	-0.017150	555200.000000
28.854167	-0.017772	555400.000000
28.958333	-0.019634	555600.000000
29.062500	-0.021695	555800.000000
29.166667	-0.023120	556000.000000
29.270833	-0.023169	556200.000000
29.375000	-0.022805	556400.000000
29.479167	-0.022110	556600.000000
29.583333	-0.021767	556800.000000
29.687500	-0.022610	557000.000000
29.791667	-0.023659	557200.000000
29.895833	-0.024380	557400.000000
30.000000	-0.024242	557600.000000
30.104167	-0.023553	557800.000000
30.208333	-0.022225	558000.000000
30.312500	-0.020791	558200.000000
30.416667	-0.019690	558400.000000
30.520833	-0.019326	558600.000000
30.625000	-0.019402	558800.000000
30.729167	-0.019461	559000.000000
30.833333	-0.019943	559200.000000
30.937500	-0.020252	559400.000000
31.041667	-0.020535	559600.000000
31.145833	-0.020759	559800.000000
31.250000	-0.021036	560000.000000
31.354167	-0.020874	560200.000000
31.458333	-0.021206	560400.000000
31.562500	-0.022328	560600.000000
31.666667	-0.024575	560800.000000
31.770833	-0.027376	561000.000000
31.875000	-0.029806	561200.000000
31.979167	-0.030063	561400.000000
32.083333	-0.028552	561600.000000
32.187500	-0.025034	561800.000000
32.291667	-0.021735	562000.000000
32.395833	-0.019821	562200.000000
32.500000	-0.019244	562400.000000
32.604167	-0.020292	562600.000000
32.708333	-0.022004	562800.000000
32.812500	-0.023458	563000.000000
32.916667	-0.023877	563200.000000
33.020833	-0.024051	563400.000000
33.125000	-0.023632	563600.000000
33.229167	-0.023462	563800.000000
33.333333	-0.023389	564000.000000
33.437500	-0.023514	564200.000000
33.541667	-0.023500	564400.000000
33.645833	-0.023400	564600.000000
33.750000	-0.023168	564800.000000
33.854167	-0.022461	565000.000000
33.958333	-0.021575	565200.000000
34.062500	-0.019910	565400.000000
34.166667	-0.018252	565600.000000
34.270833	-0.017077	565800.000000
34.375000	-0.017142	566000.000000
34.479167	-0.018489	566200.000000
34.583333	-0.021063	566400.000000
34.687500	-0.023920	566600.000000
34.791667	-0.025658	566800.000000
34.895833	-0.025146	567000.000000
35.000000	-0.022886	567200.000000
35.104167	-0.020561	567400.000000
35.208333	-0.019151	567600.000000
35.312500	-0.019868	567800.000000
35.416667	-0.022025	568000.000000
35.520833	-0.023949	568200.000000
35.625000	-0.024534	568400.000000
35.729167	-0.023281	568600.000000
35.833333	-0.021259	568800.000000
35.937500	-0.019182	569000.000000
36.041667	-0.018290	569200.000000
36.145833	-0.018613	569400.000000
36.250000	-0.019770	569600.000000
36.354167	-0.020917	569800.000000
36.458333	-0.022193	570000.000000
36.562500	-0.022601	570200.000000
36.666667	-0.022458	570400.000000
36.770833	-0.021545	570600.000000
36.875000	-0.021391	570800.000000
36.979167	-0.021846	571000.000000
37.083333	-0.023216	571200.000000
37.187500	-0.025436	571400.000000
37.291667	-0.026480	571600.000000
37.395833	-0.026104	571800.000000
37.500000	-0.024160	572000.000000
37.604167	-0.021974	572200.000000
37.708333	-0.019475	572400.000000
37.812500	-0.018147	572600.000000
37.916667	-0.018000	572800.000000
38.020833	-0.019421	573000.000000
38.125000	-0.022006	573200.000000
38.229167	-0.024662	573400.000000
38.333333	-0.025846	573600.000000
38.437500	-0.026010	573800.000000
38.541667	-0.024944	574000.000000
38.645833	-0.024010	574200.000000
38.750000	-0.024013	574400.000000
38.854167	-0.025366	574600.000000
38.958333	-0.026824	574800.000000
39.062500	-0.027349	575000.000000
39.166667	-0.025875	575200.000000
39.270833	-0.023191	575400.000000
39.375000	-0.019942	575600.000000
39.479167	-0.017515	575800.000000
39.583333	-0.017704	576000.000000
39.687500	-0.019558	576200.000000
39.791667	-0.022030	576400.000000
39.895833	-0.024164	576600.000000
40.000000	-0.025412	576800.000000
40.104167	-0.024796	577000.000000
40.208333	-0.023514	577200.000000
40.312500	-0.022454	577400.000000
40.416667	-0.021765	577600.000000
40.520833	-0.022030	577800.000000
40.625000	-0.022776	578000.000000
40.729167	-0.024229	578200.000000
40.833333	-0.025173	578400.000000
40.937500	-0.025490	578600.000000
41.041667	-0.024874	578800.000000
41.145833	-0.023578	579000.000000
41.250000	-0.021784	579200.000000
41.354167	-0.020453	579400.000000
41.458333	-0.020460	579600.000000
41.562500	-0.021051	579800.000000
41.666667	-0.021859	580000.000000
41.770833	-0.022560	580200.000000
41.875000	-0.022712	580400.000000
41.979167	-0.022263	580600.000000
42.083333	-0.022148	580800.000000
42.187500	-0.022168	581000.000000
42.291667	-0.022962	581200.000000
42.395833	-0.024057	581400.000000
42.500000	-0.025310	581600.000000
42.604167	-0.025918	581800.000000
42.708333	-0.025424	582000.000000
42.812500	-0.024435	582200.000000
42.916667	-0.022903	582400.000000
43.020833	-0.021662	582600.000000
43.125000	-0.020870	582800.000000
43.229167	-0.020652	583000.000000
43.333333	-0.020848	583200.000000
43.437500	-0.021174	583400.000000
43.541667	-0.021389	583600.000000
43.645833	-0.021909	583800.000000
43.750000	-0.022246	584000.000000
43.854167	-0.023553	584200.000000
43.958333	-0.025143	584400.000000
44.062500	-0.025723	584600.000000
44.166667	-0.025632	584800.000000
44.270833	-0.024812	585000.000000
44.375000	-0.023423	585200.000000
44.479167	-0.022249	585400.000000
44.583333	-0.022025	585600.000000
44.687500	-0.021832	585800.000000
44.791667	-0.021953	586000.000000
44.895833	-0.021531	586200.000000
45.000000	-0.021057	586400.000000
45.104167	-0.021283	586600.000000
45.208333	-0.021853	586800.000000
45.312500	-0.022258	587000.000000
45.416667	-0.022424	587200.000000
45.520833	-0.022222	587400.000000
45.625000	-0.022220	587600.000000
45.729167	-0.022658	587800.000000
45.833333	-0.023275	588000.000000
45.937500	-0.023490	588200.000000
46.041667	-0.023840	588400.000000
46.145833	-0.023207	588600.000000
46.250000	-0.022622	588800.000000
46.354167	-0.022045	589000.000000
46.458333	-0.022186	589200.000000
46.562500	-0.022248	589400.000000
46.666667	-0.022586	589600.000000
46.770833	-0.022452	589800.000000
46.875000	-0.022169	590000.000000
46.979167	-0.021646	590200.000000
47.083333	-0.021228	590400.000000
47.187500	-0.020660	590600.000000
47.291667	-0.020990	590800.000000
47.395833	-0.021599	591000.000000
47.500000	-0.022502	591200.000000
47.604167	-0.023878	591400.000000
47.708333	-0.024606	591600.000000
47.812500	-0.024531	591800.000000
47.916667	-0.024101	592000.000000
48.020833	-0.023373	592200.000000
48.125000	-0.023037	592400.000000
48.229167	-0.023083	592600.000000
48.333333	-0.022690	592800.000000
48.437500	-0.021996	593000.000000
48.541667	-0.020889	593200.000000
48.645833	-0.019885	593400.000000
48.750000	-0.019789	593600.000000
48.854167	-0.020240	593800.000000
48.958333	-0.021428	594000.000000
49.062500	-0.022721	594200.000000
49.166667	-0.023895	594400.000000
49.270833	-0.024373	594600.000000
49.375000	-0.024657	594800.000000
49.479167	-0.024537	595000.000000
49.583333	-0.023769	595200.000000
49.687500	-0.023055	595400.000000
49.791667	-0.022381	595600.000000
49.895833	-0.022119	595800.000000
50.000000	-0.022084	596000.000000
50.104167	-0.022470	596200.000000
50.208333	-0.022529	596400.000000
50.312500	-0.022548	596600.000000
50.416667	-0.021978	596800.000000
50.520833	-0.021216	597000.000000
50.625000	-0.020917	597200.000000
50.729167	-0.020933	597400.000000
50.833333	-0.021687	597600.000000
50.937500	-0.022830	597800.000000
51.041667	-0.023606	598000.000000
51.145833	-0.023819	598200.000000
51.250000	-0.023488	598400.000000
51.354167	-0.022780	598600.000000
51.458333	-0.022296	598800.000000
51.562500	-0.022054	599000.000000
51.666667	-0.022523	599200.000000
51.770833	-0.023154	599400.000000
51.875000	-0.023402	599600.000000
51.979167	-0.023118	599800.000000
52.083333	-0.022926	600000.000000
52.187500	-0.021771	600200.000000
52.291667	-0.020845	600400.000000
52.395833	-0.020391	600600.000000
52.500000	-0.020201	600800.000000
52.604167	-0.020629	601000.000000
52.708333	-0.021381	601200.000000
52.812500	-0.022118	601400.000000
52.916667	-0.022857	601600.000000
53.020833	-0.023703	601800.000000
53.125000	-0.024408	602000.000000
53.229167	-0.024956	602200.000000
53.333333	-0.024317	602400.000000
53.437500	-0.023510	602600.000000
53.541667	-0.022887	602800.000000
53.645833	-0.022068	603000.000000
53.750000	-0.021683	603200.000000
53.854167	-0.021340	603400.000000
53.958333	-0.021394	603600.000000
54.062500	-0.021399	603800.000000
54.166667	-0.021461	604000.000000
54.270833	-0.021830	604200.000000
54.375000	-0.022165	604400.000000
54.479167	-0.022459	604600.000000
54.583333	-0.022879	604800.000000
54.687500	-0.023321	605000.000000
54.791667	-0.023522	605200.000000
54.895833	-0.024135	605400.000000
55.000000	-0.024167	605600.000000
55.104167	-0.024096	605800.000000
55.208333	-0.023324	606000.000000
55.312500	-0.022611	606200.000000
55.416667	-0.022189	606400.000000
55.520833	-0.021857	606600.000000
55.625000	-0.021928	606800.000000
55.729167	-0.022277	607000.000000
55.833333	-0.022913	607200.000000
55.937500	-0.023343	607400.000000
56.041667	-0.023466	607600.000000
56.145833	-0.023093	607800.000000
56.250000	-0.022450	608000.000000
56.354167	-0.022204	608200.000000
56.458333	-0.022352	608400.000000
56.562500	-0.023171	608600.000000
56.666667	-0.023907	608800.000000
56.770833	-0.024428	609000.000000
56.875000	-0.024305	609200.000000
56.979167	-0.023613	609400.000000
57.083333	-0.023116	609600.000000
57.187500	-0.022978	609800.000000
57.291667	-0.023180	610000.000000
57.395833	-0.023227	610200.000000
57.500000	-0.023102	610400.000000
57.604167	-0.022709	610600.000000
57.708333	-0.022046	610800.000000
57.812500	-0.021337	611000.000000
57.916667	-0.021328	611200.000000
58.020833	-0.021469	611400.000000
58.125000	-0.022404	611600.000000
58.229167	-0.023470	611800.000000
58.333333	-0.024739	612000.000000
58.437500	-0.025289	612200.000000
58.541667	-0.025170	612400.000000
58.645833	-0.024120	612600.000000
58.750000	-0.023275	612800.000000
58.854167	-0.022892	613000.000000
58.958333	-0.022590	613200.000000
59.062500	-0.022582	613400.000000
59.166667	-0.022690	613600.000000
59.270833	-0.022244	613800.000000
59.375000	-0.022042	614000.000000
59.479167	-0.021807	614200.000000
59.583333	-0.021720	614400.000000
59.687500	-0.021982	614600.000000
59.791667	-0.022278	614800.000000
59.895833	-0.022755	615000.000000
60.000000	-0.023527	615200.000000
60.104167	-0.024188	615400.000000
60.208333	-0.024541	615600.000000
60.312500	-0.024110	615800.000000
60.416667	-0.023168	616000.000000
60.520833	-0.022514	616200.000000
60.625000	-0.022064	616400.000000
60.729167	-0.021865	616600.000000
60.833333	-0.022194	616800.000000
60.937500	-0.022891	617000.000000
61.041667	-0.022806	617200.000000
61.145833	-0.022917	617400.000000
61.250000	-0.022668	617600.000000
61.354167	-0.022340	617800.000000
61.458333	-0.021990	618000.000000
61.562500	-0.021920	618200.000000
61.666667	-0.021832	618400.000000
61.770833	-0.021939	618600.000000
61.875000	-0.022434	618800.000000
61.979167	-0.022596	619000.000000
62.083333	-0.023086	619200.000000
62.187500	-0.023542	619400.000000
62.291667	-0.023709	619600.000000
62.395833	-0.023706	619800.000000
62.500000	-0.023627	620000.000000
62.604167	-0.022825	620200.000000
62.708333	-0.022412	620400.000000
62.812500	-0.022066	620600.000000
62.916667	-0.021931	620800.000000
63.020833	-0.021896	621000.000000
63.125000	-0.022066	621200.000000
63.229167	-0.022056	621400.000000
63.333333	-0.022313	621600.000000
63.437500	-0.022045	621800.000000
63.541667	-0.022167	622000.000000
63.645833	-0.022437	622200.000000
63.750000	-0.022865	622400.000000
63.854167	-0.023426	622600.000000
63.958333	-0.023806	622800.000000
64.062500	-0.023960	623000.000000
64.166667	-0.023139	623200.000000
64.270833	-0.022572	623400.000000
64.375000	-0.021898	623600.000000
64.479167	-0.021312	623800.000000
64.583333	-0.021224	624000.000000
64.687500	-0.021528	624200.000000
64.791667	-0.021979	624400.000000
64.895833	-0.022388	624600.000000
65.000000	-0.023011	624800.000000
65.104167	-0.023003	625000.000000
65.208333	-0.023164	625200.000000
65.312500	-0.023442	625400.000000
65.416667	-0.023534	625600.000000
65.520833	-0.023816	625800.000000
65.625000	-0.024267	626000.000000
65.729167	-0.024226	626200.000000
65.833333	-0.024185	626400.000000
65.937500	-0.023859	626600.000000
66.041667	-0.023615	626800.000000
66.145833	-0.023002	627000.000000
66.250000	-0.023086	627200.000000
66.354167	-0.023324	627400.000000
66.458333	-0.023630	627600.000000
66.562500	-0.023649	627800.000000
66.666667	-0.023426	628000.000000
66.770833	-0.022723	628200.000000
66.875000	-0.021991	628400.000000
66.979167	-0.021800	628600.000000
67.083333	-0.022088	628800.000000
67.187500	-0.022875	629000.000000
67.291667	-0.023824	629200.000000
67.395833	-0.024045	629400.000000
67.500000	-0.024041	629600.000000
67.604167	-0.023968	629800.000000
67.708333	-0.023384	630000.000000
67.812500	-0.023165	630200.000000
67.916667	-0.023061	630400.000000
68.020833	-0.022898	630600.000000
68.125000	-0.023114	630800.000000
68.229167	-0.023148	631000.000000
68.333333	-0.022797	631200.000000
68.437500	-0.022278	631400.000000
68.541667	-0.021667	631600.000000
68.645833	-0.021407	631800.000000
68.750000	-0.021743	632000.000000
68.854167	-0.022543	632200.000000
68.958333	-0.023329	632400.000000
69.062500	-0.023809	632600.000000
69.166667	-0.024031	632800.000000
69.270833	-0.024016	633000.000000
69.375000	-0.023505	633200.000000
69.479167	-0.023073	633400.000000
69.583333	-0.022568	633600.000000
69.687500	-0.022089	633800.000000
69.791667	-0.021711	634000.000000
69.895833	-0.021100	634200.000000
70.000000	-0.021028	634400.000000
70.104167	-0.021220	634600.000000
70.208333	-0.021409	634800.000000
70.312500	-0.021880	635000.000000
70.416667	-0.021964	635200.000000
70.520833	-0.022346	635400.000000
70.625000	-0.022597	635600.000000
70.729167	-0.022717	635800.000000
70.833333	-0.022691	636000.000000
70.937500	-0.022623	636200.000000
71.041667	-0.022797	636400.000000
71.145833	-0.023123	636600.000000
71.250000	-0.023828	636800.000000
71.354167	-0.024168	637000.000000
71.458333	-0.024348	637200.000000
71.562500	-0.024055	637400.000000
71.666667	-0.023795	637600.000000
71.770833	-0.023589	637800.000000
71.875000	-0.023417	638000.000000
71.979167	-0.023869	638200.000000
72.083333	-0.024211	638400.000000
72.187500	-0.024701	638600.000000
72.291667	-0.024512	638800.000000
72.395833	-0.024089	639000.000000
72.500000	-0.023857	639200.000000
72.604167	-0.023366	639400.000000
72.708333	-0.023338	639600.000000
72.812500	-0.023643	639800.000000
72.916667	-0.023902	640000.000000
73.020833	-0.024037	640200.000000
73.125000	-0.024286	640400.000000
73.229167	-0.024114	640600.000000
73.333333	-0.023297	640800.000000
73.437500	-0.022552	641000.000000
73.541667	-0.021782	641200.000000
73.645833	-0.021359	641400.000000
73.750000	-0.021554	641600.000000
73.854167	-0.021683	641800.000000
73.958333	-0.022068	642000.000000
74.062500	-0.022312	642200.000000
74.166667	-0.022125	642400.000000
74.270833	-0.022359	642600.000000
74.375000	-0.022499	642800.000000
74.479167	-0.022894	643000.000000
74.583333	-0.023437	643200.000000
74.687500	-0.023697	643400.000000
74.791667	-0.023811	643600.000000
74.895833	-0.023478	643800.000000
75.000000	-0.022872	644000.000000
75.104167	-0.022537	644200.000000
75.208333	-0.022124	644400.000000
75.312500	-0.022462	644600.000000
75.416667	-0.022842	644800.000000
75.520833	-0.023451	645000.000000
75.625000	-0.023763	645200.000000
75.729167	-0.023521	645400.000000
75.833333	-0.023571	645600.000000
75.937500	-0.023116	645800.000000
76.041667	-0.022938	646000.000000
76.145833	-0.022989	646200.000000
76.250000	-0.023162	646400.000000
76.354167	-0.023447	646600.000000
76.458333	-0.023720	646800.000000
76.562500	-0.023393	647000.000000
76.666667	-0.023038	647200.000000
76.770833	-0.022419	647400.000000
76.875000	-0.021895	647600.000000
76.979167	-0.022022	647800.000000
77.083333	-0.022441	648000.000000
77.187500	-0.022823	648200.000000
77.291667	-0.023412	648400.000000
77.395833	-0.023424	648600.000000
77.500000	-0.023229	648800.000000
77.604167	-0.022972	649000.000000
77.708333	-0.022676	649200.000000
77.812500	-0.022456	649400.000000
77.916667	-0.022759	649600.000000
78.020833	-0.023213	649800.000000
78.125000	-0.024248	650000.000000
78.229167	-0.024504	650200.000000
78.333333	-0.024529	650400.000000
78.437500	-0.024483	650600.000000
78.541667	-0.024293	650800.000000
78.645833	-0.023705	651000.000000
78.750000	-0.023399	651200.000000
78.854167	-0.023259	651400.000000
78.958333	-0.022980	651600.000000
79.062500	-0.022868	651800.000000
79.166667	-0.022858	652000.000000
79.270833	-0.022731	652200.000000
79.375000	-0.022698	652400.000000
79.479167	-0.023001	652600.000000
79.583333	-0.023216	652800.000000
79.687500	-0.023281	653000.000000
79.791667	-0.023679	653200.000000
79.895833	-0.023669	653400.000000
80.000000	-0.023645	653600.000000
80.104167	-0.023642	653800.000000
80.208333	-0.023423	654000.000000
80.312500	-0.023605	654200.000000
80.416667	-0.023398	654400.000000
80.520833	-0.023236	654600.000000
80.625000	-0.023282	654800.000000
80.729167	-0.023048	655000.000000
80.833333	-0.022971	655200.000000
80.937500	-0.023013	655400.000000
81.041667	-0.022961	655600.000000
81.145833	-0.023126	655800.000000
81.250000	-0.023293	656000.000000
81.354167	-0.023238	656200.000000
81.458333	-0.023394	656400.000000
81.562500	-0.023299	656600.000000
81.666667	-0.023072	656800.000000
81.770833	-0.023050	657000.000000
81.875000	-0.023101	657200.000000
81.979167	-0.023099	657400.000000
82.083333	-0.023167	657600.000000
82.187500	-0.023173	657800.000000
82.291667	-0.023258	658000.000000
82.395833	-0.022955	658200.000000
82.500000	-0.023005	658400.000000
82.604167	-0.022936	658600.000000
82.708333	-0.022703	658800.000000
82.812500	-0.022557	659000.000000
82.916667	-0.022192	659200.000000
83.020833	-0.021918	659400.000000
83.125000	-0.021982	659600.000000
83.229167	-0.022175	659800.000000
83.333333	-0.022458	660000.000000
83.437500	-0.023062	660200.000000
83.541667	-0.023042	660400.000000
83.645833	-0.023155	660600.000000
83.750000	-0.023258	660800.000000
83.854167	-0.023139	661000.000000
83.958333	-0.022919	661200.000000
84.062500	-0.022617	661400.000000
84.166667	-0.022423	661600.000000
84.270833	-0.022143	661800.000000
84.375000	-0.022244	662000.000000
84.479167	-0.022285	662200.000000
84.583333	-0.022358	662400.000000
84.687500	-0.022366	662600.000000
84.791667	-0.022103	662800.000000
84.895833	-0.022407	663000.000000
85.000000	-0.022528	663200.000000
85.104167	-0.022875	663400.000000
85.208333	-0.023461	663600.000000
85.312500	-0.023385	663800.000000
85.416667	-0.023343	664000.000000
85.520833	-0.023407	664200.000000
85.625000	-0.023309	664400.000000
85.729167	-0.022774	664600.000000
85.833333	-0.022433	664800.000000
85.937500	-0.022343	665000.000000
86.041667	-0.022533	665200.000000
86.145833	-0.022895	665400.000000
86.250000	-0.022822	665600.000000
86.354167	-0.023119	665800.000000
86.458333	-0.023018	666000.000000
86.562500	-0.023046	666200.000000
86.666667	-0.022928	666400.000000
86.770833	-0.022891	666600.000000
86.875000	-0.022910	666800.000000
86.979167	-0.023160	667000.000000
87.083333	-0.023206	667200.000000
87.187500	-0.023111	667400.000000
87.291667	-0.023393	667600.000000
87.395833	-0.023474	667800.000000
87.500000	-0.023264	668000.000000
87.604167	-0.023355	668200.000000
87.708333	-0.023366	668400.000000
87.812500	-0.023409	668600.000000
87.916667	-0.023017	668800.000000
88.020833	-0.022643	669000.000000
88.125000	-0.022612	669200.000000
88.229167	-0.022576	669400.000000
88.333333	-0.022605	669600.000000
88.437500	-0.022545	669800.000000
88.541667	-0.022886	670000.000000
88.645833	-0.022948	670200.000000
88.750000	-0.023171	670400.000000
88.854167	-0.023542	670600.000000
88.958333	-0.023634	670800.000000
89.062500	-0.023541	671000.000000
89.166667	-0.023558	671200.000000
89.270833	-0.023551	671400.000000
89.375000	-0.023431	671600.000000
89.479167	-0.023261	671800.000000
89.583333	-0.023172	672000.000000
89.687500	-0.022983	672200.000000
89.791667	-0.022698	672400.000000
89.895833	-0.022396	672600.000000
90.000000	-0.022485	672800.000000
90.104167	-0.022828	673000.000000
90.208333	-0.022761	673200.000000
90.312500	-0.023179	673400.000000
90.416667	-0.023422	673600.000000
90.520833	-0.023521	673800.000000
90.625000	-0.023831	674000.000000
90.729167	-0.023768	674200.000000
90.833333	-0.023594	674400.000000
90.937500	-0.023382	674600.000000
91.041667	-0.023213	674800.000000
91.145833	-0.023025	675000.000000
91.250000	-0.022874	675200.000000
91.354167	-0.023052	675400.000000
91.458333	-0.023269	675600.000000
91.562500	-0.023237	675800.000000
91.666667	-0.023488	676000.000000
91.770833	-0.023415	676200.000000
91.875000	-0.023381	676400.000000
91.979167	-0.023102	676600.000000
92.083333	-0.023023	676800.000000
92.187500	-0.022987	677000.000000
92.291667	-0.023043	677200.000000
92.395833	-0.023194	677400.000000
92.500000	-0.023369	677600.000000
92.604167	-0.023444	677800.000000
92.708333	-0.023670	678000.000000
92.812500	-0.023621	678200.000000
92.916667	-0.023197	678400.000000
93.020833	-0.023042	678600.000000
93.125000	-0.022868	678800.000000
93.229167	-0.022816	679000.000000
93.333333	-0.022758	679200.000000
93.437500	-0.022887	679400.000000
93.541667	-0.022653	679600.000000
93.645833	-0.022724	679800.000000
93.750000	-0.022550	680000.000000
93.854167	-0.022634	680200.000000
93.958333	-0.022602	680400.000000
94.062500	-0.022798	680600.000000
94.166667	-0.023068	680800.000000
94.270833	-0.023484	681000.000000
94.375000	-0.024091	681200.000000
94.479167	-0.023986	681400.000000
94.583333	-0.023838	681600.000000
94.687500	-0.023583	681800.000000
94.791667	-0.023206	682000.000000
94.895833	-0.022979	682200.000000
95.000000	-0.022586	682400.000000
95.104167	-0.022644	682600.000000
95.208333	-0.022780	682800.000000
95.312500	-0.022987	683000.000000
95.416667	-0.023298	683200.000000
95.520833	-0.023109	683400.000000
95.625000	-0.023247	683600.000000
95.729167	-0.023244	683800.000000
95.833333	-0.023335	684000.000000
95.937500	-0.023483	684200.000000
96.041667	-0.023601	684400.000000
96.145833	-0.023760	684600.000000
96.250000	-0.023641	684800.000000
96.354167	-0.023524	685000.000000
96.458333	-0.023476	685200.000000
96.562500	-0.023306	685400.000000
96.666667	-0.023251	685600.000000
96.770833	-0.023276	685800.000000
96.875000	-0.023232	686000.000000
96.979167	-0.023300	686200.000000
97.083333	-0.023333	686400.000000
97.187500	-0.023093	686600.000000
97.291667	-0.022732	686800.000000
97.395833	-0.022767	687000.000000
97.500000	-0.022675	687200.000000
97.604167	-0.022715	687400.000000
97.708333	-0.022721	687600.000000
97.812500	-0.022934	687800.000000
97.916667	-0.023099	688000.000000
98.020833	-0.023183	688200.000000
98.125000	-0.023189	688400.000000
98.229167	-0.023229	688600.000000
98.333333	-0.023179	688800.000000
98.437500	-0.023035	689000.000000
98.541667	-0.023255	689200.000000
98.645833	-0.023250	689400.000000
98.750000	-0.023269	689600.000000
98.854167	-0.023320	689800.000000
98.958333	-0.023109	690000.000000
99.062500	-0.022929	690200.000000
99.166667	-0.022662	690400.000000
99.270833	-0.022671	690600.000000
99.375000	-0.022633	690800.000000
99.479167	-0.023136	691000.000000
99.583333	-0.023670	691200.000000
99.687500	-0.023715	691400.000000
99.791667	-0.023781	691600.000000
99.895833	-0.023768	691800.000000
100.000000	-0.023395	692000.000000
100.104167	-0.023013	692200.000000
100.208333	-0.022822	692400.000000
100.312500	-0.022663	692600.000000
100.416667	-0.023016	692800.000000
100.520833	-0.022810	693000.000000
100.625000	-0.023000	693200.000000
100.729167	-0.023133	693400.000000
100.833333	-0.022993	693600.000000
100.937500	-0.022959	693800.000000
101.041667	-0.022771	694000.000000
101.145833	-0.022668	694200.000000
101.250000	-0.022986	694400.000000
101.354167	-0.023024	694600.000000
101.458333	-0.023089	694800.000000
101.562500	-0.023137	695000.000000
101.666667	-0.023058	695200.000000
101.770833	-0.022951	695400.000000
101.875000	-0.022939	695600.000000
101.979167	-0.022876	695800.000000
102.083333	-0.022948	696000.000000
102.187500	-0.023040	696200.000000
102.291667	-0.023220	696400.000000
102.395833	-0.023264	696600.000000
102.500000	-0.023479	696800.000000
102.604167	-0.023275	697000.000000
102.708333	-0.023115	697200.000000
102.812500	-0.023045	697400.000000
102.916667	-0.022763	697600.000000
103.020833	-0.022965	697800.000000
103.125000	-0.023157	698000.000000
103.229167	-0.023359	698200.000000
103.333333	-0.023382	698400.000000
103.437500	-0.023544	698600.000000
103.541667	-0.023740	698800.000000
103.645833	-0.023682	699000.000000
103.750000	-0.023869	699200.000000
103.854167	-0.023681	699400.000000
103.958333	-0.023336	699600.000000
104.062500	-0.023194	699800.000000
104.166667	-0.023174	700000.000000
104.270833	-0.023163	700200.000000
104.375000	-0.023304	700400.000000
104.479167	-0.023432	700600.000000
104.583333	-0.023364	700800.000000
104.687500	-0.023412	701000.000000
104.791667	-0.023370	701200.000000
104.895833	-0.023423	701400.000000
105.000000	-0.023227	701600.000000
105.104167	-0.023452	701800.000000
105.208333	-0.023407	702000.000000
105.312500	-0.023578	702200.000000
105.416667	-0.023247	702400.000000
105.520833	-0.023258	702600.000000
105.625000	-0.022901	702800.000000
105.729167	-0.022618	703000.000000
105.833333	-0.022660	703200.000000
105.937500	-0.022813	703400.000000
106.041667	-0.023178	703600.000000
106.145833	-0.023160	703800.000000
106.250000	-0.023316	704000.000000
106.354167	-0.023291	704200.000000
106.458333	-0.023299	704400.000000
106.562500	-0.023382	704600.000000
106.666667	-0.023230	704800.000000
106.770833	-0.023323	705000.000000
106.875000	-0.023189	705200.000000
106.979167	-0.023379	705400.000000
107.083333	-0.023438	705600.000000
107.187500	-0.023483	705800.000000
107.291667	-0.023199	706000.000000
107.395833	-0.023098	706200.000000
107.500000	-0.023051	706400.000000
107.604167	-0.023048	706600.000000
107.708333	-0.023220	706800.000000
107.812500	-0.023053	707000.000000
107.916667	-0.023195	707200.000000
108.020833	-0.023320	707400.000000
108.125000	-0.023152	707600.000000
108.229167	-0.023041	707800.000000
108.333333	-0.022659	708000.000000
108.437500	-0.022691	708200.000000
108.541667	-0.022879	708400.000000
108.645833	-0.023258	708600.000000
108.750000	-0.023601	708800.000000
108.854167	-0.023870	709000.000000
108.958333	-0.023734	709200.000000
109.062500	-0.023311	709400.000000
109.166667	-0.023201	709600.000000
109.270833	-0.023104	709800.000000
109.375000	-0.022954	710000.000000
109.479167	-0.023257	710200.000000
109.583333	-0.023633	710400.000000
109.687500	-0.023492	710600.000000
109.791667	-0.023590	710800.000000
109.895833	-0.023475	711000.000000
110.000000	-0.023425	711200.000000
110.104167	-0.023297	711400.000000
110.208333	-0.023285	711600.000000
110.312500	-0.023339	711800.000000
110.416667	-0.023723	712000.000000
110.520833	-0.023945	712200.000000
110.625000	-0.023666	712400.000000
110.729167	-0.023602	712600.000000
110.833333	-0.023370	712800.000000
110.937500	-0.023093	713000.000000
111.041667	-0.022910	713200.000000
111.145833	-0.022554	713400.000000
111.250000	-0.022619	713600.000000
111.354167	-0.022809	713800.000000
111.458333	-0.022880	714000.000000
111.562500	-0.023144	714200.000000
111.666667	-0.023069	714400.000000
111.770833	-0.022798	714600.000000
111.875000	-0.022685	714800.000000
111.979167	-0.022606	715000.000000
112.083333	-0.022691	715200.000000
112.187500	-0.022908	715400.000000
112.291667	-0.022840	715600.000000
112.395833	-0.022916	715800.000000
112.500000	-0.022819	716000.000000
112.604167	-0.022919	716200.000000
112.708333	-0.022844	716400.000000
112.812500	-0.022868	716600.000000
112.916667	-0.022681	716800.000000
113.020833	-0.022824	717000.000000
113.125000	-0.022960	717200.000000
113.229167	-0.022753	717400.000000
113.333333	-0.022416	717600.000000
113.437500	-0.022282	717800.000000
113.541667	-0.022339	718000.000000
113.645833	-0.022012	718200.000000
113.750000	-0.022006	718400.000000
113.854167	-0.022050	718600.000000
113.958333	-0.022218	718800.000000
114.062500	-0.022549	719000.000000
114.166667	-0.023418	719200.000000
114.270833	-0.023874	719400.000000
114.375000	-0.024575	719600.000000
114.479167	-0.025135	719800.000000
114.583333	-0.025500	720000.000000
114.687500	-0.025705	720200.000000
114.791667	-0.025569	720400.000000
114.895833	-0.025319	720600.000000
115.000000	-0.025397	720800.000000
115.104167	-0.024901	721000.000000
115.208333	-0.024629	721200.000000
115.312500	-0.024282	721400.000000
115.416667	-0.023795	721600.000000
115.520833	-0.022898	721800.000000
115.625000	-0.022527	722000.000000
115.729167	-0.022434	722200.000000
115.833333	-0.022285	722400.000000
115.937500	-0.022470	722600.000000
116.041667	-0.022273	722800.000000
116.145833	-0.022380	723000.000000
116.250000	-0.022249	723200.000000
116.354167	-0.022297	723400.000000
116.458333	-0.022243	723600.000000
116.562500	-0.022403	723800.000000
116.666667	-0.022554	724000.000000
116.770833	-0.022937	724200.000000
116.875000	-0.023087	724400.000000
116.979167	-0.023054	724600.000000
117.083333	-0.023083	724800.000000
117.187500	-0.022934	725000.000000
117.291667	-0.022862	725200.000000
117.395833	-0.023031	725400.000000
117.500000	-0.023015	725600.000000
117.604167	-0.023253	725800.000000
117.708333	-0.023355	726000.000000
117.812500	-0.023202	726200.000000
117.916667	-0.023314	726400.000000
118.020833	-0.023477	726600.000000
118.125000	-0.023314	726800.000000
118.229167	-0.023257	727000.000000
118.333333	-0.023424	727200.000000
118.437500	-0.023409	727400.000000
118.541667	-0.023821	727600.000000
118.645833	-0.024027	727800.000000
118.750000	-0.024080	728000.000000
118.854167	-0.023851	728200.000000
118.958333	-0.023774	728400.000000
119.062500	-0.023662	728600.000000
119.166667	-0.023728	728800.000000
119.270833	-0.023844	729000.000000
119.375000	-0.023976	729200.000000
119.479167	-0.024144	729400.000000
119.583333	-0.023914	729600.000000
119.687500	-0.023920	729800.000000
119.791667	-0.023984	730000.000000
119.895833	-0.023763	730200.000000
120.000000	-0.023758	730400.000000
120.104167	-0.023482	730600.000000
120.208333	-0.023307	730800.000000
120.312500	-0.023111	731000.000000
120.416667	-0.023088	731200.000000
120.520833	-0.023217	731400.000000
120.625000	-0.023052	731600.000000
120.729167	-0.023427	731800.000000
120.833333	-0.023627	732000.000000
120.937500	-0.023443	732200.000000
121.041667	-0.023598	732400.000000
121.145833	-0.023643	732600.000000
121.250000	-0.023219	732800.000000
121.354167	-0.023477	733000.000000
121.458333	-0.023256	733200.000000
121.562500	-0.023223	733400.000000
121.666667	-0.023339	733600.000000
121.770833	-0.023374	733800.000000
121.875000	-0.023429	734000.000000
121.979167	-0.023580	734200.000000
122.083333	-0.023225	734400.000000
122.187500	-0.023513	734600.000000
122.291667	-0.023444	734800.000000
122.395833	-0.023302	735000.000000
122.500000	-0.023248	735200.000000
122.604167	-0.023491	735400.000000
122.708333	-0.023385	735600.000000
122.812500	-0.023388	735800.000000
122.916667	-0.023214	736000.000000
123.020833	-0.023045	736200.000000
123.125000	-0.023316	736400.000000
123.229167	-0.023517	736600.000000
123.333333	-0.023497	736800.000000
123.437500	-0.023325	737000.000000
123.541667	-0.023275	737200.000000
123.645833	-0.023091	737400.000000
123.750000	-0.023038	737600.000000
123.854167	-0.022867	737800.000000
123.958333	-0.022862	738000.000000
124.062500	-0.023147	738200.000000
124.166667	-0.023196	738400.000000
124.270833	-0.023279	738600.000000
124.375000	-0.023217	738800.000000
124.479167	-0.023353	739000.000000
124.583333	-0.023129	739200.000000
124.687500	-0.023202	739400.000000
124.791667	-0.023283	739600.000000
124.895833	-0.023348	739800.000000
125.000000	-0.023503	740000.000000
125.104167	-0.023572	740200.000000
125.208333	-0.023541	740400.000000
125.312500	-0.023366	740600.000000
125.416667	-0.023119	740800.000000
125.520833	-0.022941	741000.000000
125.625000	-0.023023	741200.000000
125.729167	-0.022984	741400.000000
125.833333	-0.023260	741600.000000
125.937500	-0.023575	741800.000000
126.041667	-0.023684	742000.000000
126.145833	-0.023728	742200.000000
126.250000	-0.023693	742400.000000
126.354167	-0.023602	742600.000000
126.458333	-0.023508	742800.000000
126.562500	-0.023563	743000.000000
126.666667	-0.023435	743200.000000
126.770833	-0.023610	743400.000000
126.875000	-0.023804	743600.000000
126.979167	-0.023695	743800.000000
127.083333	-0.023515	744000.000000
127.187500	-0.023449	744200.000000
127.291667	-0.023185	744400.000000
127.395833	-0.023063	744600.000000
127.500000	-0.023202	744800.000000
127.604167	-0.023174	745000.000000
127.708333	-0.023310	745200.000000
127.812500	-0.023415	745400.000000
127.916667	-0.023391	745600.000000
128.020833	-0.023494	745800.000000
128.125000	-0.023316	746000.000000
128.229167	-0.023174	746200.000000
128.333333	-0.023211	746400.000000
128.437500	-0.023319	746600.000000
128.541667	-0.023394	746800.000000
128.645833	-0.023586	747000.000000
128.750000	-0.023535	747200.000000
128.854167	-0.023392	747400.000000
128.958333	-0.023117	747600.000000
129.062500	-0.023149	747800.000000
129.166667	-0.023022	748000.000000
129.270833	-0.023075	748200.000000
129.375000	-0.022854	748400.000000
129.479167	-0.023111	748600.000000
129.583333	-0.023171	748800.000000
129.687500	-0.023218	749000.000000
129.791667	-0.023312	749200.000000
129.895833	-0.023577	749400.000000
130.000000	-0.023716	749600.000000
130.104167	-0.023675	749800.000000
130.208333	-0.023731	750000.000000
