0.000000	-0.023168	500000.000000
0.104167	-0.022847	500200.000000
0.208333	-0.022885	500400.000000
0.312500	-0.022991	500600.000000
0.416667	-0.022829	500800.000000
0.520833	-0.022893	501000.000000
0.625000	-0.022890	501200.000000
0.729167	-0.022884	501400.000000
0.833333	-0.022697	501600.000000
0.937500	-0.022883	501800.000000
1.041667	-0.022864	502000.000000
1.145833	-0.022926	502200.000000
1.250000	-0.022968	502400.000000
1.354167	-0.022867	502600.000000
1.458333	-0.022698	502800.000000
1.562500	-0.022989	503000.000000
1.666667	-0.022927	503200.000000
1.770833	-0.022827	503400.000000
1.875000	-0.022867	503600.000000
1.979167	-0.022867	503800.000000
2.083333	-0.022770	504000.000000
2.187500	-0.022933	504200.000000
2.291667	-0.022727	504400.000000
2.395833	-0.022761	504600.000000
2.500000	-0.022976	504800.000000
2.604167	-0.022966	505000.000000
2.708333	-0.022874	505200.000000
2.812500	-0.022936	505400.000000
2.916667	-0.022989	505600.000000
3.020833	-0.022872	505800.000000
3.125000	-0.022856	506000.000000
3.229167	-0.023082	506200.000000
3.333333	-0.022731	506400.000000
3.437500	-0.022724	506600.000000
3.541667	-0.022679	506800.000000
3.645833	-0.022534	507000.000000
3.750000	-0.022594	507200.000000
3.854167	-0.022671	507400.000000
3.958333	-0.022441	507600.000000
4.062500	-0.022701	507800.000000
4.166667	-0.022963	508000.000000
4.270833	-0.022711	508200.000000
4.375000	-0.022827	508400.000000
4.479167	-0.022813	508600.000000
4.583333	-0.022740	508800.000000
4.687500	-0.022640	509000.000000
4.791667	-0.022533	509200.000000
4.895833	-0.022622	509400.000000
5.000000	-0.022631	509600.000000
5.104167	-0.022652	509800.000000
5.208333	-0.022636	510000.000000
5.312500	-0.022509	510200.000000
5.416667	-0.022680	510400.000000
5.520833	-0.022856	510600.000000
5.625000	-0.022781	510800.000000
5.729167	-0.022543	511000.000000
5.833333	-0.022911	511200.000000
5.937500	-0.022869	511400.000000
6.041667	-0.022927	511600.000000
6.145833	-0.023049	511800.000000
6.250000	-0.022865	512000.000000
6.354167	-0.022857	512200.000000
6.458333	-0.022645	512400.000000
6.562500	-0.022770	512600.000000
6.666667	-0.022797	512800.000000
6.770833	-0.022874	513000.000000
6.875000	-0.022749	513200.000000
6.979167	-0.022712	513400.000000
7.083333	-0.022827	513600.000000
7.187500	-0.022893	513800.000000
7.291667	-0.022530	514000.000000
7.395833	-0.022735	514200.000000
7.500000	-0.022742	514400.000000
7.604167	-0.022519	514600.000000
7.708333	-0.022941	514800.000000
7.812500	-0.022821	515000.000000
7.916667	-0.022687	515200.000000
8.020833	-0.022683	515400.000000
8.125000	-0.022667	515600.000000
8.229167	-0.022560	515800.000000
8.333333	-0.022801	516000.000000
8.437500	-0.022828	516200.000000
8.541667	-0.022672	516400.000000
8.645833	-0.022646	516600.000000
8.750000	-0.022632	516800.000000
8.854167	-0.022770	517000.000000
8.958333	-0.022629	517200.000000
9.062500	-0.022852	517400.000000
9.166667	-0.022692	517600.000000
9.270833	-0.022546	517800.000000
9.375000	-0.022641	518000.000000
9.479167	-0.022849	518200.000000
9.583333	-0.022888	518400.000000
9.687500	-0.022909	518600.000000
9.791667	-0.022982	518800.000000
9.895833	-0.022772	519000.000000
10.000000	-0.022762	519200.000000
10.104167	-0.022882	519400.000000
10.208333	-0.022818	519600.000000
10.312500	-0.022883	519800.000000
10.416667	-0.022970	520000.000000
10.520833	-0.022752	520200.000000
10.625000	-0.022945	520400.000000
10.729167	-0.022708	520600.000000
10.833333	-0.022822	520800.000000
10.937500	-0.022865	521000.000000
11.041667	-0.022856	521200.000000
11.145833	-0.022681	521400.000000
11.250000	-0.022595	521600.000000
11.354167	-0.022768	521800.000000
11.458333	-0.022824	522000.000000
11.562500	-0.022733	522200.000000
11.666667	-0.022759	522400.000000
11.770833	-0.022668	522600.000000
11.875000	-0.022507	522800.000000
11.979167	-0.022679	523000.000000
12.083333	-0.022603	523200.000000
12.187500	-0.022589	523400.000000
12.291667	-0.022694	523600.000000
12.395833	-0.022662	523800.000000
12.500000	-0.022582	524000.000000
12.604167	-0.022670	524200.000000
12.708333	-0.022583	524400.000000
12.812500	-0.022591	524600.000000
12.916667	-0.022727	524800.000000
13.020833	-0.022756	525000.000000
13.125000	-0.022704	525200.000000
13.229167	-0.022811	525400.000000
13.333333	-0.022836	525600.000000
13.437500	-0.022702	525800.000000
13.541667	-0.022664	526000.000000
13.645833	-0.022851	526200.000000
13.750000	-0.023056	526400.000000
13.854167	-0.022889	526600.000000
13.958333	-0.022963	526800.000000
14.062500	-0.022736	527000.000000
14.166667	-0.022806	527200.000000
14.270833	-0.022751	527400.000000
14.375000	-0.022849	527600.000000
14.479167	-0.022857	527800.000000
14.583333	-0.022921	528000.000000
14.687500	-0.022958	528200.000000
14.791667	-0.022683	528400.000000
14.895833	-0.022643	528600.000000
15.000000	-0.022759	528800.000000
15.104167	-0.022816	529000.000000
15.208333	-0.022797	529200.000000
15.312500	-0.022822	529400.000000
15.416667	-0.022811	529600.000000
15.520833	-0.022911	529800.000000
15.625000	-0.022931	530000.000000
15.729167	-0.022883	530200.000000
15.833333	-0.022758	530400.000000
15.937500	-0.023047	530600.000000
16.041667	-0.022877	530800.000000
16.145833	-0.022770	531000.000000
16.250000	-0.022929	531200.000000
16.354167	-0.023007	531400.000000
16.458333	-0.023097	531600.000000
16.562500	-0.023128	531800.000000
16.666667	-0.023080	532000.000000
16.770833	-0.023167	532200.000000
16.875000	-0.023110	532400.000000
16.979167	-0.023365	532600.000000
17.083333	-0.023563	532800.000000
17.187500	-0.023659	533000.000000
17.291667	-0.023640	533200.000000
17.395833	-0.023534	533400.000000
17.500000	-0.023825	533600.000000
17.604167	-0.023777	533800.000000
17.708333	-0.023905	534000.000000
17.812500	-0.024036	534200.000000
17.916667	-0.024145	534400.000000
18.020833	-0.024183	534600.000000
18.125000	-0.024649	534800.000000
18.229167	-0.024563	535000.000000
18.333333	-0.024808	535200.000000
18.437500	-0.024943	535400.000000
18.541667	-0.025331	535600.000000
18.645833	-0.025445	535800.000000
18.750000	-0.025650	536000.000000
18.854167	-0.026108	536200.000000
18.958333	-0.026298	536400.000000
19.062500	-0.026456	536600.000000
19.166667	-0.027318	536800.000000
19.270833	-0.027650	537000.000000
19.375000	-0.028162	537200.000000
19.479167	-0.028935	537400.000000
19.583333	-0.029618	537600.000000
19.687500	-0.030231	537800.000000
19.791667	-0.031255	538000.000000
19.895833	-0.032276	538200.000000
20.000000	-0.033406	538400.000000
20.104167	-0.034780	538600.000000
20.208333	-0.036472	538800.000000
20.312500	-0.038331	539000.000000
20.416667	-0.040510	539200.000000
20.520833	-0.042877	539400.000000
20.625000	-0.045442	539600.000000
20.729167	-0.048128	539800.000000
20.833333	-0.051545	540000.000000
20.937500	-0.055187	540200.000000
21.041667	-0.059407	540400.000000
21.145833	-0.063611	540600.000000
21.250000	-0.068277	540800.000000
21.354167	-0.073023	541000.000000
21.458333	-0.077822	541200.000000
21.562500	-0.082597	541400.000000
21.666667	-0.086421	541600.000000
21.770833	-0.089176	541800.000000
21.875000	-0.089335	542000.000000
21.979167	-0.084810	542200.000000
22.083333	-0.068175	542400.000000
22.187500	-0.027862	542600.000000
22.291667	0.057997	542800.000000
22.395833	0.207557	543000.000000
22.500000	0.415547	543200.000000
22.604167	0.639414	543400.000000
22.708333	0.793504	543600.000000
22.812500	0.802820	543800.000000
22.916667	0.643431	544000.000000
23.020833	0.360562	544200.000000
23.125000	0.037354	544400.000000
23.229167	-0.238376	544600.000000
23.333333	-0.389010	544800.000000
23.437500	-0.436442	545000.000000
23.541667	-0.414831	545200.000000
23.645833	-0.368560	545400.000000
23.750000	-0.323815	545600.000000
23.854167	-0.286463	545800.000000
23.958333	-0.252297	546000.000000
24.062500	-0.223739	546200.000000
24.166667	-0.208257	546400.000000
24.270833	-0.211781	546600.000000
24.375000	-0.228079	546800.000000
24.479167	-0.238282	547000.000000
24.583333	-0.220408	547200.000000
24.687500	-0.168165	547400.000000
24.791667	-0.098597	547600.000000
24.895833	-0.039496	547800.000000
25.000000	-0.010070	548000.000000
25.104167	-0.013421	548200.000000
25.208333	-0.033871	548400.000000
25.312500	-0.051833	548600.000000
25.416667	-0.055711	548800.000000
25.520833	-0.044729	549000.000000
25.625000	-0.024664	549200.000000
25.729167	-0.001469	549400.000000
25.833333	0.018911	549600.000000
25.937500	0.027915	549800.000000
26.041667	0.020185	550000.000000
26.145833	-0.002514	550200.000000
26.250000	-0.027950	550400.000000
26.354167	-0.039247	550600.000000
26.458333	-0.027859	550800.000000
26.562500	0.000158	551000.000000
26.666667	0.027460	551200.000000
26.770833	0.038442	551400.000000
26.875000	0.030796	551600.000000
26.979167	0.017060	551800.000000
27.083333	0.010976	552000.000000
27.187500	0.018371	552200.000000
27.291667	0.032798	552400.000000
27.395833	0.042069	552600.000000
27.500000	0.037432	552800.000000
27.604167	0.020668	553000.000000
27.708333	-0.000733	553200.000000
27.812500	-0.018819	553400.000000
27.916667	-0.030929	553600.000000
28.020833	-0.037571	553800.000000
28.125000	-0.039374	554000.000000
28.229167	-0.036950	554200.000000
28.333333	-0.030000	554400.000000
28.437500	-0.018880	554600.000000
28.541667	-0.005384	554800.000000
28.645833	0.006752	555000.000000
28.750000	0.012479	555200.000000
28.854167	0.009158	555400.000000
28.958333	-0.002387	555600.000000
29.062500	-0.016778	555800.000000
29.166667	-0.027191	556000.000000
29.270833	-0.029962	556200.000000
29.375000	-0.026190	556400.000000
29.479167	-0.020491	556600.000000
29.583333	-0.018437	556800.000000
29.687500	-0.022442	557000.000000
29.791667	-0.029812	557200.000000
29.895833	-0.036439	557400.000000
30.000000	-0.037514	557600.000000
30.104167	-0.031853	557800.000000
30.208333	-0.021861	558000.000000
30.312500	-0.010762	558200.000000
30.416667	-0.003349	558400.000000
30.520833	-0.001450	558600.000000
30.625000	-0.002427	558800.000000
30.729167	-0.004065	559000.000000
30.833333	-0.005494	559200.000000
30.937500	-0.006490	559400.000000
31.041667	-0.008588	559600.000000
31.145833	-0.010937	559800.000000
31.250000	-0.011921	560000.000000
31.354167	-0.011455	560200.000000
31.458333	-0.012789	560400.000000
31.562500	-0.019357	560600.000000
31.666667	-0.034061	560800.000000
31.770833	-0.054205	561000.000000
31.875000	-0.072044	561200.000000
31.979167	-0.078148	561400.000000
32.083333	-0.067922	561600.000000
32.187500	-0.045454	561800.000000
32.291667	-0.021268	562000.000000
32.395833	-0.005187	562200.000000
32.500000	-0.001424	562400.000000
32.604167	-0.008026	562600.000000
32.708333	-0.019276	562800.000000
32.812500	-0.028965	563000.000000
32.916667	-0.033317	563200.000000
33.020833	-0.033306	563400.000000
33.125000	-0.031694	563600.000000
33.229167	-0.029873	563800.000000
33.333333	-0.028820	564000.000000
33.437500	-0.029115	564200.000000
33.541667	-0.029996	564400.000000
33.645833	-0.030305	564600.000000
33.750000	-0.029095	564800.000000
33.854167	-0.025316	565000.000000
33.958333	-0.018628	565200.000000
34.062500	-0.009057	565400.000000
34.166667	0.001930	565600.000000
34.270833	0.011099	565800.000000
34.375000	0.013805	566000.000000
34.479167	0.006412	566200.000000
34.583333	-0.010507	566400.000000
34.687500	-0.030731	566600.000000
34.791667	-0.044228	566800.000000
34.895833	-0.043445	567000.000000
35.000000	-0.028776	567200.000000
35.104167	-0.009243	567400.000000
35.208333	0.003416	567600.000000
35.312500	-0.000042	567800.000000
35.416667	-0.015970	568000.000000
35.520833	-0.033064	568200.000000
35.625000	-0.039459	568400.000000
35.729167	-0.031268	568600.000000
35.833333	-0.014938	568800.000000
35.937500	0.000350	569000.000000
36.041667	0.007625	569200.000000
36.145833	0.006435	569400.000000
36.250000	-0.000505	569600.000000
36.354167	-0.010092	569800.000000
36.458333	-0.018990	570000.000000
36.562500	-0.023812	570200.000000
36.666667	-0.022942	570400.000000
36.770833	-0.017069	570600.000000
36.875000	-0.011466	570800.000000
36.979167	-0.012597	571000.000000
37.083333	-0.023609	571200.000000
37.187500	-0.039237	571400.000000
37.291667	-0.050740	571600.000000
37.395833	-0.050610	571800.000000
37.500000	-0.038749	572000.000000
37.604167	-0.020185	572200.000000
37.708333	-0.002293	572400.000000
37.812500	0.009919	572600.000000
37.916667	0.012042	572800.000000
38.020833	0.002773	573000.000000
38.125000	-0.015207	573200.000000
38.229167	-0.034828	573400.000000
38.333333	-0.049457	573600.000000
38.437500	-0.051174	573800.000000
38.541667	-0.042071	574000.000000
38.645833	-0.030576	574200.000000
38.750000	-0.028221	574400.000000
38.854167	-0.037897	574600.000000
38.958333	-0.051990	574800.000000
39.062500	-0.059831	575000.000000
39.166667	-0.052648	575200.000000
39.270833	-0.032198	575400.000000
39.375000	-0.006487	575600.000000
39.479167	0.011988	575800.000000
39.583333	0.015531	576000.000000
39.687500	0.003390	576200.000000
39.791667	-0.016621	576400.000000
39.895833	-0.035007	576600.000000
40.000000	-0.043996	576800.000000
40.104167	-0.042129	577000.000000
40.208333	-0.032359	577200.000000
40.312500	-0.022115	577400.000000
40.416667	-0.015471	577600.000000
40.520833	-0.015367	577800.000000
40.625000	-0.022262	578000.000000
40.729167	-0.032863	578200.000000
40.833333	-0.042978	578400.000000
40.937500	-0.047474	578600.000000
41.041667	-0.043454	578800.000000
41.145833	-0.031999	579000.000000
41.250000	-0.018517	579200.000000
41.354167	-0.009285	579400.000000
41.458333	-0.007234	579600.000000
41.562500	-0.011762	579800.000000
41.666667	-0.018904	580000.000000
41.770833	-0.025017	580200.000000
41.875000	-0.026842	580400.000000
41.979167	-0.024755	580600.000000
42.083333	-0.020483	580800.000000
42.187500	-0.018882	581000.000000
42.291667	-0.022886	581200.000000
42.395833	-0.031996	581400.000000
42.500000	-0.042520	581600.000000
42.604167	-0.048950	581800.000000
42.708333	-0.047347	582000.000000
42.812500	-0.038340	582200.000000
42.916667	-0.025804	582400.000000
43.020833	-0.014818	582600.000000
43.125000	-0.008830	582800.000000
43.229167	-0.008357	583000.000000
43.333333	-0.010344	583200.000000
43.437500	-0.012967	583400.000000
43.541667	-0.014564	583600.000000
43.645833	-0.016071	583800.000000
43.750000	-0.019683	584000.000000
43.854167	-0.026583	584200.000000
43.958333	-0.036150	584400.000000
44.062500	-0.043632	584600.000000
44.166667	-0.044922	584800.000000
44.270833	-0.039170	585000.000000
44.375000	-0.029730	585200.000000
44.479167	-0.021479	585400.000000
44.583333	-0.017925	585600.000000
44.687500	-0.017445	585800.000000
44.791667	-0.017040	586000.000000
44.895833	-0.015234	586200.000000
45.000000	-0.013379	586400.000000
45.104167	-0.013459	586600.000000
45.208333	-0.016185	586800.000000
45.312500	-0.020049	587000.000000
45.416667	-0.021552	587200.000000
45.520833	-0.020896	587400.000000
45.625000	-0.020112	587600.000000
45.729167	-0.021087	587800.000000
45.833333	-0.025721	588000.000000
45.937500	-0.030602	588200.000000
46.041667	-0.033278	588400.000000
46.145833	-0.031842	588600.000000
46.250000	-0.027106	588800.000000
46.354167	-0.022240	589000.000000
46.458333	-0.019906	589200.000000
46.562500	-0.020790	589400.000000
46.666667	-0.022507	589600.000000
46.770833	-0.023136	589800.000000
46.875000	-0.020985	590000.000000
46.979167	-0.016560	590200.000000
47.083333	-0.011977	590400.000000
47.187500	-0.009330	590600.000000
47.291667	-0.009261	590800.000000
47.395833	-0.013855	591000.000000
47.500000	-0.021927	591200.000000
47.604167	-0.031045	591400.000000
47.708333	-0.037270	591600.000000
47.812500	-0.037449	591800.000000
47.916667	-0.032747	592000.000000
48.020833	-0.027564	592200.000000
48.125000	-0.025775	592400.000000
48.229167	-0.026534	592600.000000
48.333333	-0.026580	592800.000000
48.437500	-0.022299	593000.000000
48.541667	-0.013476	593200.000000
48.645833	-0.005431	593400.000000
48.750000	-0.001863	593600.000000
48.854167	-0.004789	593800.000000
48.958333	-0.012442	594000.000000
49.062500	-0.021862	594200.000000
49.166667	-0.029671	594400.000000
49.270833	-0.034917	594600.000000
49.375000	-0.037523	594800.000000
49.479167	-0.036657	595000.000000
49.583333	-0.031801	595200.000000
49.687500	-0.025341	595400.000000
49.791667	-0.018829	595600.000000
49.895833	-0.016155	595800.000000
50.000000	-0.017782	596000.000000
50.104167	-0.021657	596200.000000
50.208333	-0.024294	596400.000000
50.312500	-0.023459	596600.000000
50.416667	-0.018915	596800.000000
50.520833	-0.012656	597000.000000
50.625000	-0.008229	597200.000000
50.729167	-0.008650	597400.000000
50.833333	-0.014784	597600.000000
50.937500	-0.023631	597800.000000
51.041667	-0.031480	598000.000000
51.145833	-0.033801	598200.000000
51.250000	-0.030284	598400.000000
51.354167	-0.023788	598600.000000
51.458333	-0.018445	598800.000000
51.562500	-0.017222	599000.000000
51.666667	-0.020721	599200.000000
51.770833	-0.026374	599400.000000
51.875000	-0.030680	599600.000000
51.979167	-0.030541	599800.000000
52.083333	-0.025850	600000.000000
52.187500	-0.018263	600200.000000
52.291667	-0.010392	600400.000000
52.395833	-0.005640	600600.000000
52.500000	-0.005582	600800.000000
52.604167	-0.009682	601000.000000
52.708333	-0.016116	601200.000000
52.812500	-0.022126	601400.000000
52.916667	-0.027164	601600.000000
53.020833	-0.031666	601800.000000
53.125000	-0.035198	602000.000000
53.229167	-0.036522	602200.000000
53.333333	-0.035081	602400.000000
53.437500	-0.030613	602600.000000
53.541667	-0.025005	602800.000000
53.645833	-0.020286	603000.000000
53.750000	-0.017250	603200.000000
53.854167	-0.015573	603400.000000
53.958333	-0.014071	603600.000000
54.062500	-0.012733	603800.000000
54.166667	-0.012430	604000.000000
54.270833	-0.014198	604200.000000
54.375000	-0.017684	604400.000000
54.479167	-0.022025	604600.000000
54.583333	-0.025970	604800.000000
54.687500	-0.028747	605000.000000
54.791667	-0.030565	605200.000000
54.895833	-0.031420	605400.000000
55.000000	-0.031376	605600.000000
55.104167	-0.029732	605800.000000
55.208333	-0.027080	606000.000000
55.312500	-0.024149	606200.000000
55.416667	-0.021152	606400.000000
55.520833	-0.018999	606600.000000
55.625000	-0.017659	606800.000000
55.729167	-0.018342	607000.000000
55.833333	-0.021159	607200.000000
55.937500	-0.025305	607400.000000
56.041667	-0.027295	607600.000000
56.145833	-0.025781	607800.000000
56.250000	-0.021902	608000.000000
56.354167	-0.018971	608200.000000
56.458333	-0.020273	608400.000000
56.562500	-0.025259	608600.000000
56.666667	-0.031289	608800.000000
56.770833	-0.034357	609000.000000
56.875000	-0.033546	609200.000000
56.979167	-0.029767	609400.000000
57.083333	-0.026470	609600.000000
57.187500	-0.025886	609800.000000
57.291667	-0.026523	610000.000000
57.395833	-0.027025	610200.000000
57.500000	-0.025617	610400.000000
57.604167	-0.021930	610600.000000
57.708333	-0.017535	610800.000000
57.812500	-0.013524	611000.000000
57.916667	-0.011532	611200.000000
58.020833	-0.012847	611400.000000
58.125000	-0.018623	611600.000000
58.229167	-0.026910	611800.000000
58.333333	-0.035218	612000.000000
58.437500	-0.039842	612200.000000
58.541667	-0.038890	612400.000000
58.645833	-0.033657	612600.000000
58.750000	-0.027648	612800.000000
58.854167	-0.023700	613000.000000
58.958333	-0.022860	613200.000000
59.062500	-0.023192	613400.000000
59.166667	-0.022672	613600.000000
59.270833	-0.020587	613800.000000
59.375000	-0.017842	614000.000000
59.479167	-0.016338	614200.000000
59.583333	-0.016132	614400.000000
59.687500	-0.016923	614600.000000
59.791667	-0.018734	614800.000000
59.895833	-0.021922	615000.000000
60.000000	-0.027067	615200.000000
60.104167	-0.032596	615400.000000
60.208333	-0.035801	615600.000000
60.312500	-0.034328	615800.000000
60.416667	-0.028333	616000.000000
60.520833	-0.020982	616200.000000
60.625000	-0.015981	616400.000000
60.729167	-0.015915	616600.000000
60.833333	-0.018821	616800.000000
60.937500	-0.022365	617000.000000
61.041667	-0.024285	617200.000000
61.145833	-0.023549	617400.000000
61.250000	-0.021714	617600.000000
61.354167	-0.019169	617800.000000
61.458333	-0.017307	618000.000000
61.562500	-0.015742	618200.000000
61.666667	-0.015091	618400.000000
61.770833	-0.015573	618600.000000
61.875000	-0.017378	618800.000000
61.979167	-0.020410	619000.000000
62.083333	-0.024238	619200.000000
62.187500	-0.027192	619400.000000
62.291667	-0.029026	619600.000000
62.395833	-0.028589	619800.000000
62.500000	-0.026341	620000.000000
62.604167	-0.022825	620200.000000
62.708333	-0.019725	620400.000000
62.812500	-0.017116	620600.000000
62.916667	-0.015938	620800.000000
63.020833	-0.016278	621000.000000
63.125000	-0.017221	621200.000000
63.229167	-0.018241	621400.000000
63.333333	-0.018141	621600.000000
63.437500	-0.016904	621800.000000
63.541667	-0.016176	622000.000000
63.645833	-0.018028	622200.000000
63.750000	-0.022798	622400.000000
63.854167	-0.027950	622600.000000
63.958333	-0.031431	622800.000000
64.062500	-0.031074	623000.000000
64.166667	-0.026529	623200.000000
64.270833	-0.020310	623400.000000
64.375000	-0.014582	623600.000000
64.479167	-0.010952	623800.000000
64.583333	-0.010269	624000.000000
64.687500	-0.012274	624200.000000
64.791667	-0.016058	624400.000000
64.895833	-0.019913	624600.000000
65.000000	-0.023120	624800.000000
65.104167	-0.024377	625000.000000
65.208333	-0.024921	625200.000000
65.312500	-0.025326	625400.000000
65.416667	-0.026569	625600.000000
65.520833	-0.029127	625800.000000
65.625000	-0.031905	626000.000000
65.729167	-0.033810	626200.000000
65.833333	-0.033130	626400.000000
65.937500	-0.030298	626600.000000
66.041667	-0.026273	626800.000000
66.145833	-0.022782	627000.000000
66.250000	-0.021704	627200.000000
66.354167	-0.023740	627400.000000
66.458333	-0.027036	627600.000000
66.562500	-0.029369	627800.000000
66.666667	-0.028115	628000.000000
66.770833	-0.022758	628200.000000
66.875000	-0.016587	628400.000000
66.979167	-0.012931	628600.000000
67.083333	-0.014320	628800.000000
67.187500	-0.019827	629000.000000
67.291667	-0.026428	629200.000000
67.395833	-0.031517	629400.000000
67.500000	-0.033377	629600.000000
67.604167	-0.031168	629800.000000
67.708333	-0.026866	630000.000000
67.812500	-0.023456	630200.000000
67.916667	-0.021785	630400.000000
68.020833	-0.022168	630600.000000
68.125000	-0.023603	630800.000000
68.229167	-0.024969	631000.000000
68.333333	-0.023850	631200.000000
68.437500	-0.019825	631400.000000
68.541667	-0.014939	631600.000000
68.645833	-0.011739	631800.000000
68.750000	-0.012496	632000.000000
68.854167	-0.016958	632200.000000
68.958333	-0.023294	632400.000000
69.062500	-0.028836	632600.000000
69.166667	-0.031672	632800.000000
69.270833	-0.031139	633000.000000
69.375000	-0.028590	633200.000000
69.479167	-0.025397	633400.000000
69.583333	-0.021627	633600.000000
69.687500	-0.017541	633800.000000
69.791667	-0.013912	634000.000000
69.895833	-0.011664	634200.000000
70.000000	-0.011014	634400.000000
70.104167	-0.011938	634600.000000
70.208333	-0.013306	634800.000000
70.312500	-0.014788	635000.000000
70.416667	-0.016091	635200.000000
70.520833	-0.017384	635400.000000
70.625000	-0.018972	635600.000000
70.729167	-0.020434	635800.000000
70.833333	-0.021357	636000.000000
70.937500	-0.021917	636200.000000
71.041667	-0.022866	636400.000000
71.145833	-0.024919	636600.000000
71.250000	-0.027707	636800.000000
71.354167	-0.030546	637000.000000
71.458333	-0.032069	637200.000000
71.562500	-0.031409	637400.000000
71.666667	-0.029360	637600.000000
71.770833	-0.027546	637800.000000
71.875000	-0.027074	638000.000000
71.979167	-0.028688	638200.000000
72.083333	-0.031473	638400.000000
72.187500	-0.033749	638600.000000
72.291667	-0.034286	638800.000000
72.395833	-0.032907	639000.000000
72.500000	-0.030019	639200.000000
72.604167	-0.026840	639400.000000
72.708333	-0.025578	639600.000000
72.812500	-0.026537	639800.000000
72.916667	-0.028969	640000.000000
73.020833	-0.032041	640200.000000
73.125000	-0.033369	640400.000000
73.229167	-0.031376	640600.000000
73.333333	-0.026037	640800.000000
73.437500	-0.019567	641000.000000
73.541667	-0.013697	641200.000000
73.645833	-0.011140	641400.000000
73.750000	-0.011621	641600.000000
73.854167	-0.013411	641800.000000
73.958333	-0.015402	642000.000000
74.062500	-0.016114	642200.000000
74.166667	-0.016331	642400.000000
74.270833	-0.016555	642600.000000
74.375000	-0.017832	642800.000000
74.479167	-0.020667	643000.000000
74.583333	-0.024359	643200.000000
74.687500	-0.027814	643400.000000
74.791667	-0.029023	643600.000000
74.895833	-0.027212	643800.000000
75.000000	-0.023471	644000.000000
75.104167	-0.019197	644200.000000
75.208333	-0.016570	644400.000000
75.312500	-0.017079	644600.000000
75.416667	-0.019974	644800.000000
75.520833	-0.024087	645000.000000
75.625000	-0.026969	645200.000000
75.729167	-0.027727	645400.000000
75.833333	-0.026106	645600.000000
75.937500	-0.023439	645800.000000
76.041667	-0.021410	646000.000000
76.145833	-0.021128	646200.000000
76.250000	-0.023042	646400.000000
76.354167	-0.025981	646600.000000
76.458333	-0.028075	646800.000000
76.562500	-0.027434	647000.000000
76.666667	-0.024019	647200.000000
76.770833	-0.019108	647400.000000
76.875000	-0.015225	647600.000000
76.979167	-0.014792	647800.000000
77.083333	-0.017727	648000.000000
77.187500	-0.022176	648200.000000
77.291667	-0.026098	648400.000000
77.395833	-0.027017	648600.000000
77.500000	-0.025393	648800.000000
77.604167	-0.022485	649000.000000
77.708333	-0.019873	649200.000000
77.812500	-0.019297	649400.000000
77.916667	-0.020906	649600.000000
78.020833	-0.024576	649800.000000
78.125000	-0.029393	650000.000000
78.229167	-0.033296	650200.000000
78.333333	-0.035240	650400.000000
78.437500	-0.034598	650600.000000
78.541667	-0.031714	650800.000000
78.645833	-0.028270	651000.000000
78.750000	-0.025089	651200.000000
78.854167	-0.022903	651400.000000
78.958333	-0.021676	651600.000000
79.062500	-0.020832	651800.000000
79.166667	-0.020555	652000.000000
79.270833	-0.020836	652200.000000
79.375000	-0.021731	652400.000000
79.479167	-0.022867	652600.000000
79.583333	-0.024356	652800.000000
79.687500	-0.025453	653000.000000
79.791667	-0.026425	653200.000000
79.895833	-0.027131	653400.000000
80.000000	-0.027892	653600.000000
80.104167	-0.028070	653800.000000
80.208333	-0.027776	654000.000000
80.312500	-0.026809	654200.000000
80.416667	-0.025738	654400.000000
80.520833	-0.024100	654600.000000
80.625000	-0.022604	654800.000000
80.729167	-0.021390	655000.000000
80.833333	-0.021036	655200.000000
80.937500	-0.021303	655400.000000
81.041667	-0.022268	655600.000000
81.145833	-0.023339	655800.000000
81.250000	-0.024079	656000.000000
81.354167	-0.024461	656200.000000
81.458333	-0.024421	656400.000000
81.562500	-0.024445	656600.000000
81.666667	-0.023870	656800.000000
81.770833	-0.023327	657000.000000
81.875000	-0.022968	657200.000000
81.979167	-0.023271	657400.000000
82.083333	-0.024063	657600.000000
82.187500	-0.024818	657800.000000
82.291667	-0.024418	658000.000000
82.395833	-0.023432	658200.000000
82.500000	-0.022185	658400.000000
82.604167	-0.021078	658600.000000
82.708333	-0.020122	658800.000000
82.812500	-0.019136	659000.000000
82.916667	-0.017424	659200.000000
83.020833	-0.015952	659400.000000
83.125000	-0.015216	659600.000000
83.229167	-0.015992	659800.000000
83.333333	-0.018341	660000.000000
83.437500	-0.021288	660200.000000
83.541667	-0.023505	660400.000000
83.645833	-0.024586	660600.000000
83.750000	-0.024911	660800.000000
83.854167	-0.024069	661000.000000
83.958333	-0.021959	661200.000000
84.062500	-0.019294	661400.000000
84.166667	-0.017045	661600.000000
84.270833	-0.015880	661800.000000
84.375000	-0.016373	662000.000000
84.479167	-0.018008	662200.000000
84.583333	-0.019336	662400.000000
84.687500	-0.019298	662600.000000
84.791667	-0.018532	662800.000000
84.895833	-0.018190	663000.000000
85.000000	-0.019188	663200.000000
85.104167	-0.021784	663400.000000
85.208333	-0.024644	663600.000000
85.312500	-0.026960	663800.000000
85.416667	-0.027666	664000.000000
85.520833	-0.026773	664200.000000
85.625000	-0.024512	664400.000000
85.729167	-0.021977	664600.000000
85.833333	-0.019576	664800.000000
85.937500	-0.018158	665000.000000
86.041667	-0.018430	665200.000000
86.145833	-0.019996	665400.000000
86.250000	-0.022158	665600.000000
86.354167	-0.023820	665800.000000
86.458333	-0.024354	666000.000000
86.562500	-0.023248	666200.000000
86.666667	-0.022479	666400.000000
86.770833	-0.021992	666600.000000
86.875000	-0.022484	666800.000000
86.979167	-0.023366	667000.000000
87.083333	-0.024481	667200.000000
87.187500	-0.025055	667400.000000
87.291667	-0.025142	667600.000000
87.395833	-0.025467	667800.000000
87.500000	-0.025834	668000.000000
87.604167	-0.026126	668200.000000
87.708333	-0.025830	668400.000000
87.812500	-0.024721	668600.000000
87.916667	-0.023114	668800.000000
88.020833	-0.021286	669000.000000
88.125000	-0.020134	669200.000000
88.229167	-0.019653	669400.000000
88.333333	-0.019673	669600.000000
88.437500	-0.020061	669800.000000
88.541667	-0.021011	670000.000000
88.645833	-0.022630	670200.000000
88.750000	-0.024209	670400.000000
88.854167	-0.025639	670600.000000
88.958333	-0.026757	670800.000000
89.062500	-0.026989	671000.000000
89.166667	-0.026866	671200.000000
89.270833	-0.026771	671400.000000
89.375000	-0.026392	671600.000000
89.479167	-0.025166	671800.000000
89.583333	-0.023347	672000.000000
89.687500	-0.021523	672200.000000
89.791667	-0.019675	672400.000000
89.895833	-0.018958	672600.000000
90.000000	-0.019148	672800.000000
90.104167	-0.019898	673000.000000
90.208333	-0.021391	673200.000000
90.312500	-0.023177	673400.000000
90.416667	-0.024899	673600.000000
90.520833	-0.026215	673800.000000
90.625000	-0.027024	674000.000000
90.729167	-0.026752	674200.000000
90.833333	-0.025868	674400.000000
90.937500	-0.024529	674600.000000
91.041667	-0.023301	674800.000000
91.145833	-0.022421	675000.000000
91.250000	-0.021882	675200.000000
91.354167	-0.022074	675400.000000
91.458333	-0.022600	675600.000000
91.562500	-0.023585	675800.000000
91.666667	-0.024329	676000.000000
91.770833	-0.024504	676200.000000
91.875000	-0.024050	676400.000000
91.979167	-0.023142	676600.000000
92.083333	-0.022643	676800.000000
92.187500	-0.022371	677000.000000
92.291667	-0.022774	677200.000000
92.395833	-0.023638	677400.000000
92.500000	-0.024860	677600.000000
92.604167	-0.025745	677800.000000
92.708333	-0.026014	678000.000000
92.812500	-0.025667	678200.000000
92.916667	-0.024462	678400.000000
93.020833	-0.022987	678600.000000
93.125000	-0.021575	678800.000000
93.229167	-0.020684	679000.000000
93.333333	-0.020441	679200.000000
93.437500	-0.020690	679400.000000
93.541667	-0.020854	679600.000000
93.645833	-0.020699	679800.000000
93.750000	-0.020246	680000.000000
93.854167	-0.020074	680200.000000
93.958333	-0.020487	680400.000000
94.062500	-0.021459	680600.000000
94.166667	-0.023257	680800.000000
94.270833	-0.025514	681000.000000
94.375000	-0.027801	681200.000000
94.479167	-0.029472	681400.000000
94.583333	-0.029650	681600.000000
94.687500	-0.028259	681800.000000
94.791667	-0.025514	682000.000000
94.895833	-0.022215	682200.000000
95.000000	-0.019890	682400.000000
95.104167	-0.019536	682600.000000
95.208333	-0.020519	682800.000000
95.312500	-0.021786	683000.000000
95.416667	-0.023247	683200.000000
95.520833	-0.023974	683400.000000
95.625000	-0.024235	683600.000000
95.729167	-0.024522	683800.000000
95.833333	-0.024917	684000.000000
95.937500	-0.025354	684200.000000
96.041667	-0.025956	684400.000000
96.145833	-0.026246	684600.000000
96.250000	-0.026319	684800.000000
96.354167	-0.025975	685000.000000
96.458333	-0.025500	685200.000000
96.562500	-0.024560	685400.000000
96.666667	-0.023942	685600.000000
96.770833	-0.022954	685800.000000
96.875000	-0.022899	686000.000000
96.979167	-0.022972	686200.000000
97.083333	-0.023266	686400.000000
97.187500	-0.022538	686600.000000
97.291667	-0.021898	686800.000000
97.395833	-0.021201	687000.000000
97.500000	-0.020271	687200.000000
97.604167	-0.019928	687400.000000
97.708333	-0.020388	687600.000000
97.812500	-0.021286	687800.000000
97.916667	-0.022602	688000.000000
98.020833	-0.023755	688200.000000
98.125000	-0.024763	688400.000000
98.229167	-0.025119	688600.000000
98.333333	-0.024884	688800.000000
98.437500	-0.024238	689000.000000
98.541667	-0.023504	689200.000000
98.645833	-0.023522	689400.000000
98.750000	-0.023834	689600.000000
98.854167	-0.024239	689800.000000
98.958333	-0.024092	690000.000000
99.062500	-0.022764	690200.000000
99.166667	-0.021249	690400.000000
99.270833	-0.020453	690600.000000
99.375000	-0.021012	690800.000000
99.479167	-0.023048	691000.000000
99.583333	-0.025702	691200.000000
99.687500	-0.027888	691400.000000
99.791667	-0.028578	691600.000000
99.895833	-0.027621	691800.000000
100.000000	-0.025491	692000.000000
100.104167	-0.022958	692200.000000
100.208333	-0.021046	692400.000000
100.312500	-0.020397	692600.000000
100.416667	-0.020819	692800.000000
100.520833	-0.022038	693000.000000
100.625000	-0.023446	693200.000000
100.729167	-0.024191	693400.000000
100.833333	-0.024060	693600.000000
100.937500	-0.022765	693800.000000
101.041667	-0.021828	694000.000000
101.145833	-0.021424	694200.000000
101.250000	-0.021957	694400.000000
101.354167	-0.022948	694600.000000
101.458333	-0.023740	694800.000000
101.562500	-0.024156	695000.000000
101.666667	-0.023880	695200.000000
101.770833	-0.022667	695400.000000
101.875000	-0.021762	695600.000000
101.979167	-0.021244	695800.000000
102.083333	-0.021465	696000.000000
102.187500	-0.022262	696200.000000
102.291667	-0.023590	696400.000000
102.395833	-0.024605	696600.000000
102.500000	-0.024806	696800.000000
102.604167	-0.024593	697000.000000
102.708333	-0.023387	697200.000000
102.812500	-0.022291	697400.000000
102.916667	-0.021734	697600.000000
103.020833	-0.022057	697800.000000
103.125000	-0.023144	698000.000000
103.229167	-0.024503	698200.000000
103.333333	-0.025853	698400.000000
103.437500	-0.026573	698600.000000
103.541667	-0.027204	698800.000000
103.645833	-0.027625	699000.000000
103.750000	-0.027319	699200.000000
103.854167	-0.026530	699400.000000
103.958333	-0.024771	699600.000000
104.062500	-0.023189	699800.000000
104.166667	-0.022060	700000.000000
104.270833	-0.021714	700200.000000
104.375000	-0.021964	700400.000000
104.479167	-0.022764	700600.000000
104.583333	-0.023506	700800.000000
104.687500	-0.023811	701000.000000
104.791667	-0.024305	701200.000000
104.895833	-0.024492	701400.000000
105.000000	-0.024933	701600.000000
105.104167	-0.025412	701800.000000
105.208333	-0.025791	702000.000000
105.312500	-0.025758	702200.000000
105.416667	-0.025232	702400.000000
105.520833	-0.023953	702600.000000
105.625000	-0.022271	702800.000000
105.729167	-0.021096	703000.000000
105.833333	-0.020573	703200.000000
105.937500	-0.020848	703400.000000
106.041667	-0.021495	703600.000000
106.145833	-0.022402	703800.000000
106.250000	-0.023238	704000.000000
106.354167	-0.023621	704200.000000
106.458333	-0.024038	704400.000000
106.562500	-0.023796	704600.000000
106.666667	-0.023782	704800.000000
106.770833	-0.023900	705000.000000
106.875000	-0.024424	705200.000000
106.979167	-0.024963	705400.000000
107.083333	-0.025532	705600.000000
107.187500	-0.025285	705800.000000
107.291667	-0.024139	706000.000000
107.395833	-0.022921	706200.000000
107.500000	-0.022009	706400.000000
107.604167	-0.021622	706600.000000
107.708333	-0.022179	706800.000000
107.812500	-0.022838	707000.000000
107.916667	-0.023364	707200.000000
108.020833	-0.023473	707400.000000
108.125000	-0.022561	707600.000000
108.229167	-0.020991	707800.000000
108.333333	-0.019906	708000.000000
108.437500	-0.019536	708200.000000
108.541667	-0.020828	708400.000000
108.645833	-0.023377	708600.000000
108.750000	-0.026369	708800.000000
108.854167	-0.027789	709000.000000
108.958333	-0.027616	709200.000000
109.062500	-0.025968	709400.000000
109.166667	-0.023918	709600.000000
109.270833	-0.022253	709800.000000
109.375000	-0.022084	710000.000000
109.479167	-0.023030	710200.000000
109.583333	-0.024661	710400.000000
109.687500	-0.025738	710600.000000
109.791667	-0.026049	710800.000000
109.895833	-0.025517	711000.000000
110.000000	-0.024549	711200.000000
110.104167	-0.023876	711400.000000
110.208333	-0.024241	711600.000000
110.312500	-0.025163	711800.000000
110.416667	-0.026558	712000.000000
110.520833	-0.027583	712200.000000
110.625000	-0.027648	712400.000000
110.729167	-0.026492	712600.000000
110.833333	-0.024455	712800.000000
110.937500	-0.021929	713000.000000
111.041667	-0.020072	713200.000000
111.145833	-0.019028	713400.000000
111.250000	-0.019418	713600.000000
111.354167	-0.020545	713800.000000
111.458333	-0.021388	714000.000000
111.562500	-0.021976	714200.000000
111.666667	-0.022120	714400.000000
111.770833	-0.021510	714600.000000
111.875000	-0.021018	714800.000000
111.979167	-0.020684	715000.000000
112.083333	-0.020309	715200.000000
112.187500	-0.020824	715400.000000
112.291667	-0.021177	715600.000000
112.395833	-0.021723	715800.000000
112.500000	-0.021639	716000.000000
112.604167	-0.021464	716200.000000
112.708333	-0.021062	716400.000000
112.812500	-0.020973	716600.000000
112.916667	-0.020918	716800.000000
113.020833	-0.020813	717000.000000
113.125000	-0.020702	717200.000000
113.229167	-0.020556	717400.000000
113.333333	-0.019986	717600.000000
113.437500	-0.019445	717800.000000
113.541667	-0.018905	718000.000000
113.645833	-0.017939	718200.000000
113.750000	-0.017305	718400.000000
113.854167	-0.016740	718600.000000
113.958333	-0.016247	718800.000000
114.062500	-0.016236	719000.000000
114.166667	-0.016386	719200.000000
114.270833	-0.017715	719400.000000
114.375000	-0.020048	719600.000000
114.479167	-0.023370	719800.000000
114.583333	-0.027247	720000.000000
114.687500	-0.030675	720200.000000
114.791667	-0.033885	720400.000000
114.895833	-0.036753	720600.000000
115.000000	-0.039070	720800.000000
115.104167	-0.040700	721000.000000
115.208333	-0.041083	721200.000000
115.312500	-0.040111	721400.000000
115.416667	-0.037997	721600.000000
115.520833	-0.034648	721800.000000
115.625000	-0.030574	722000.000000
115.729167	-0.026743	722200.000000
115.833333	-0.023058	722400.000000
115.937500	-0.020160	722600.000000
116.041667	-0.017473	722800.000000
116.145833	-0.015654	723000.000000
116.250000	-0.014035	723200.000000
116.354167	-0.013192	723400.000000
116.458333	-0.013241	723600.000000
116.562500	-0.014138	723800.000000
116.666667	-0.015554	724000.000000
116.770833	-0.017466	724200.000000
116.875000	-0.018687	724400.000000
116.979167	-0.019657	724600.000000
117.083333	-0.019645	724800.000000
117.187500	-0.018910	725000.000000
117.291667	-0.018149	725200.000000
117.395833	-0.017935	725400.000000
117.500000	-0.018599	725600.000000
117.604167	-0.019915	725800.000000
117.708333	-0.021664	726000.000000
117.812500	-0.022909	726200.000000
117.916667	-0.023850	726400.000000
118.020833	-0.023804	726600.000000
118.125000	-0.023104	726800.000000
118.229167	-0.022551	727000.000000
118.333333	-0.023052	727200.000000
118.437500	-0.024613	727400.000000
118.541667	-0.026515	727600.000000
118.645833	-0.028433	727800.000000
118.750000	-0.029083	728000.000000
118.854167	-0.028571	728200.000000
118.958333	-0.027003	728400.000000
119.062500	-0.025817	728600.000000
119.166667	-0.024900	728800.000000
119.270833	-0.025571	729000.000000
119.375000	-0.026814	729200.000000
119.479167	-0.028222	729400.000000
119.583333	-0.028861	729600.000000
119.687500	-0.029168	729800.000000
119.791667	-0.028569	730000.000000
119.895833	-0.027541	730200.000000
120.000000	-0.026067	730400.000000
120.104167	-0.024584	730600.000000
120.208333	-0.023104	730800.000000
120.312500	-0.021855	731000.000000
120.416667	-0.021144	731200.000000
120.520833	-0.020910	731400.000000
120.625000	-0.021413	731600.000000
120.729167	-0.022632	731800.000000
120.833333	-0.023735	732000.000000
120.937500	-0.024921	732200.000000
121.041667	-0.025320	732400.000000
121.145833	-0.024968	732600.000000
121.250000	-0.024467	732800.000000
121.354167	-0.023962	733000.000000
121.458333	-0.023778	733200.000000
121.562500	-0.023396	733400.000000
121.666667	-0.023269	733600.000000
121.770833	-0.023459	733800.000000
121.875000	-0.023756	734000.000000
121.979167	-0.023622	734200.000000
122.083333	-0.023024	734400.000000
122.187500	-0.022701	734600.000000
122.291667	-0.022548	734800.000000
122.395833	-0.022484	735000.000000
122.500000	-0.022836	735200.000000
122.604167	-0.023116	735400.000000
122.708333	-0.023395	735600.000000
122.812500	-0.023369	735800.000000
122.916667	-0.022976	736000.000000
123.020833	-0.022947	736200.000000
123.125000	-0.022930	736400.000000
123.229167	-0.023418	736600.000000
123.333333	-0.023893	736800.000000
123.437500	-0.024283	737000.000000
123.541667	-0.024058	737200.000000
123.645833	-0.023180	737400.000000
123.750000	-0.022000	737600.000000
123.854167	-0.020807	737800.000000
123.958333	-0.020022	738000.000000
124.062500	-0.019929	738200.000000
124.166667	-0.020588	738400.000000
124.270833	-0.021157	738600.000000
124.375000	-0.021813	738800.000000
124.479167	-0.022264	739000.000000
124.583333	-0.022252	739200.000000
124.687500	-0.022002	739400.000000
124.791667	-0.022416	739600.000000
124.895833	-0.023148	739800.000000
125.000000	-0.024375	740000.000000
125.104167	-0.025475	740200.000000
125.208333	-0.025500	740400.000000
125.312500	-0.024400	740600.000000
125.416667	-0.022741	740800.000000
125.520833	-0.021089	741000.000000
125.625000	-0.019931	741200.000000
125.729167	-0.020439	741400.000000
125.833333	-0.021860	741600.000000
125.937500	-0.023383	741800.000000
126.041667	-0.024682	742000.000000
126.145833	-0.025733	742200.000000
126.250000	-0.025606	742400.000000
126.354167	-0.025015	742600.000000
126.458333	-0.024499	742800.000000
126.562500	-0.024148	743000.000000
126.666667	-0.024570	743200.000000
126.770833	-0.025232	743400.000000
126.875000	-0.025992	743600.000000
126.979167	-0.026349	743800.000000
127.083333	-0.025782	744000.000000
127.187500	-0.024550	744200.000000
127.291667	-0.023109	744400.000000
127.395833	-0.022088	744600.000000
127.500000	-0.021926	744800.000000
127.604167	-0.022374	745000.000000
127.708333	-0.023469	745200.000000
127.812500	-0.024062	745400.000000
127.916667	-0.024333	745600.000000
128.020833	-0.023980	745800.000000
128.125000	-0.023091	746000.000000
128.229167	-0.022107	746200.000000
128.333333	-0.021857	746400.000000
128.437500	-0.022328	746600.000000
128.541667	-0.023607	746800.000000
128.645833	-0.024885	747000.000000
128.750000	-0.025057	747200.000000
128.854167	-0.024547	747400.000000
128.958333	-0.023542	747600.000000
129.062500	-0.022047	747800.000000
129.166667	-0.020967	748000.000000
129.270833	-0.020528	748200.000000
129.375000	-0.020257	748400.000000
129.479167	-0.020371	748600.000000
129.583333	-0.020948	748800.000000
129.687500	-0.021713	749000.000000
129.791667	-0.022738	749200.000000
129.895833	-0.023663	749400.000000
130.000000	-0.024561	749600.000000
130.104167	-0.025063	749800.000000
130.208333	-0.025877	750000.000000
