0.000000	-0.023223	500000.000000
0.104167	-0.023130	500200.000000
0.208333	-0.022985	500400.000000
0.312500	-0.023241	500600.000000
0.416667	-0.023100	500800.000000
0.520833	-0.023120	501000.000000
0.625000	-0.023154	501200.000000
0.729167	-0.023107	501400.000000
0.833333	-0.023166	501600.000000
0.937500	-0.023263	501800.000000
1.041667	-0.023171	502000.000000
1.145833	-0.023175	502200.000000
1.250000	-0.023274	502400.000000
1.354167	-0.023462	502600.000000
1.458333	-0.023285	502800.000000
1.562500	-0.023284	503000.000000
1.666667	-0.023206	503200.000000
1.770833	-0.023157	503400.000000
1.875000	-0.023189	503600.000000
1.979167	-0.023410	503800.000000
2.083333	-0.023445	504000.000000
2.187500	-0.023327	504200.000000
2.291667	-0.023177	504400.000000
2.395833	-0.023333	504600.000000
2.500000	-0.023352	504800.000000
2.604167	-0.023307	505000.000000
2.708333	-0.023352	505200.000000
2.812500	-0.023404	505400.000000
2.916667	-0.023277	505600.000000
3.020833	-0.023278	505800.000000
3.125000	-0.023375	506000.000000
3.229167	-0.023248	506200.000000
3.333333	-0.023192	506400.000000
3.437500	-0.023300	506600.000000
3.541667	-0.023199	506800.000000
3.645833	-0.023364	507000.000000
3.750000	-0.023338	507200.000000
3.854167	-0.023034	507400.000000
3.958333	-0.023177	507600.000000
4.062500	-0.023343	507800.000000
4.166667	-0.023151	508000.000000
4.270833	-0.023077	508200.000000
4.375000	-0.022990	508400.000000
4.479167	-0.023073	508600.000000
4.583333	-0.023209	508800.000000
4.687500	-0.023263	509000.000000
4.791667	-0.023228	509200.000000
4.895833	-0.023284	509400.000000
5.000000	-0.023246	509600.000000
5.104167	-0.023217	509800.000000
5.208333	-0.023343	510000.000000
5.312500	-0.023344	510200.000000
5.416667	-0.023142	510400.000000
5.520833	-0.023375	510600.000000
5.625000	-0.023352	510800.000000
5.729167	-0.023342	511000.000000
5.833333	-0.023394	511200.000000
5.937500	-0.023239	511400.000000
6.041667	-0.023169	511600.000000
6.145833	-0.023410	511800.000000
6.250000	-0.023428	512000.000000
6.354167	-0.023347	512200.000000
6.458333	-0.023305	512400.000000
6.562500	-0.023232	512600.000000
6.666667	-0.023404	512800.000000
6.770833	-0.023462	513000.000000
6.875000	-0.023434	513200.000000
6.979167	-0.023479	513400.000000
7.083333	-0.023226	513600.000000
7.187500	-0.023281	513800.000000
7.291667	-0.023447	514000.000000
7.395833	-0.023359	514200.000000
7.500000	-0.023391	514400.000000
7.604167	-0.023279	514600.000000
7.708333	-0.023342	514800.000000
7.812500	-0.023282	515000.000000
7.916667	-0.023092	515200.000000
8.020833	-0.023360	515400.000000
8.125000	-0.023359	515600.000000
8.229167	-0.023299	515800.000000
8.333333	-0.023457	516000.000000
8.437500	-0.023452	516200.000000
8.541667	-0.023455	516400.000000
8.645833	-0.023411	516600.000000
8.750000	-0.023357	516800.000000
8.854167	-0.023136	517000.000000
8.958333	-0.023312	517200.000000
9.062500	-0.023154	517400.000000
9.166667	-0.023106	517600.000000
9.270833	-0.023306	517800.000000
9.375000	-0.023369	518000.000000
9.479167	-0.023209	518200.000000
9.583333	-0.023283	518400.000000
9.687500	-0.023282	518600.000000
9.791667	-0.023340	518800.000000
9.895833	-0.023401	519000.000000
10.000000	-0.023293	519200.000000
10.104167	-0.023185	519400.000000
10.208333	-0.023403	519600.000000
10.312500	-0.023302	519800.000000
10.416667	-0.023349	520000.000000
10.520833	-0.023490	520200.000000
10.625000	-0.023403	520400.000000
10.729167	-0.023436	520600.000000
10.833333	-0.023456	520800.000000
10.937500	-0.023233	521000.000000
11.041667	-0.023174	521200.000000
11.145833	-0.023249	521400.000000
11.250000	-0.023279	521600.000000
11.354167	-0.023058	521800.000000
11.458333	-0.023221	522000.000000
11.562500	-0.023276	522200.000000
11.666667	-0.023224	522400.000000
11.770833	-0.023368	522600.000000
11.875000	-0.023254	522800.000000
11.979167	-0.022956	523000.000000
12.083333	-0.023020	523200.000000
12.187500	-0.023084	523400.000000
12.291667	-0.023107	523600.000000
12.395833	-0.023227	523800.000000
12.500000	-0.023197	524000.000000
12.604167	-0.023194	524200.000000
12.708333	-0.023212	524400.000000
12.812500	-0.023203	524600.000000
12.916667	-0.023229	524800.000000
13.020833	-0.023266	525000.000000
13.125000	-0.023275	525200.000000
13.229167	-0.023489	525400.000000
13.333333	-0.023385	525600.000000
13.437500	-0.023322	525800.000000
13.541667	-0.023283	526000.000000
13.645833	-0.023360	526200.000000
13.750000	-0.023582	526400.000000
13.854167	-0.023114	526600.000000
13.958333	-0.023395	526800.000000
14.062500	-0.023195	527000.000000
14.166667	-0.023437	527200.000000
14.270833	-0.023325	527400.000000
14.375000	-0.023303	527600.000000
14.479167	-0.023452	527800.000000
14.583333	-0.023332	528000.000000
14.687500	-0.023226	528200.000000
14.791667	-0.023372	528400.000000
14.895833	-0.023554	528600.000000
15.000000	-0.023436	528800.000000
15.104167	-0.023057	529000.000000
15.208333	-0.023496	529200.000000
15.312500	-0.023394	529400.000000
15.416667	-0.023290	529600.000000
15.520833	-0.023489	529800.000000
15.625000	-0.023447	530000.000000
15.729167	-0.023465	530200.000000
15.833333	-0.023385	530400.000000
15.937500	-0.023448	530600.000000
16.041667	-0.023664	530800.000000
16.145833	-0.023597	531000.000000
16.250000	-0.023409	531200.000000
16.354167	-0.023536	531400.000000
16.458333	-0.023676	531600.000000
16.562500	-0.023673	531800.000000
16.666667	-0.023892	532000.000000
16.770833	-0.023775	532200.000000
16.875000	-0.023856	532400.000000
16.979167	-0.023917	532600.000000
17.083333	-0.024077	532800.000000
17.187500	-0.024208	533000.000000
17.291667	-0.024168	533200.000000
17.395833	-0.024341	533400.000000
17.500000	-0.024271	533600.000000
17.604167	-0.024453	533800.000000
17.708333	-0.024610	534000.000000
17.812500	-0.024820	534200.000000
17.916667	-0.024937	534400.000000
18.020833	-0.025110	534600.000000
18.125000	-0.025086	534800.000000
18.229167	-0.025202	535000.000000
18.333333	-0.025638	535200.000000
18.437500	-0.025508	535400.000000
18.541667	-0.026026	535600.000000
18.645833	-0.026392	535800.000000
18.750000	-0.026601	536000.000000
18.854167	-0.026972	536200.000000
18.958333	-0.027433	536400.000000
19.062500	-0.027763	536600.000000
19.166667	-0.028476	536800.000000
19.270833	-0.028977	537000.000000
19.375000	-0.029608	537200.000000
19.479167	-0.030494	537400.000000
19.583333	-0.031377	537600.000000
19.687500	-0.032159	537800.000000
19.791667	-0.033165	538000.000000
19.895833	-0.034406	538200.000000
20.000000	-0.035706	538400.000000
20.104167	-0.037609	538600.000000
20.208333	-0.039611	538800.000000
20.312500	-0.041884	539000.000000
20.416667	-0.044328	539200.000000
20.520833	-0.047236	539400.000000
20.625000	-0.050119	539600.000000
20.729167	-0.053670	539800.000000
20.833333	-0.057681	540000.000000
20.937500	-0.061830	540200.000000
21.041667	-0.066490	540400.000000
21.145833	-0.071777	540600.000000
21.250000	-0.077082	540800.000000
21.354167	-0.082457	541000.000000
21.458333	-0.087942	541200.000000
21.562500	-0.093051	541400.000000
21.666667	-0.097085	541600.000000
21.770833	-0.099447	541800.000000
21.875000	-0.098586	542000.000000
21.979167	-0.090548	542200.000000
22.083333	-0.065316	542400.000000
22.187500	-0.005258	542600.000000
22.291667	0.117457	542800.000000
22.395833	0.319992	543000.000000
22.500000	0.572956	543200.000000
22.604167	0.820391	543400.000000
22.708333	0.956275	543600.000000
22.812500	0.900285	543800.000000
22.916667	0.646074	544000.000000
23.020833	0.276618	544200.000000
23.125000	-0.098404	544400.000000
23.229167	-0.366355	544600.000000
23.333333	-0.491379	544800.000000
23.437500	-0.505480	545000.000000
23.541667	-0.461134	545200.000000
23.645833	-0.404354	545400.000000
23.750000	-0.356281	545600.000000
23.854167	-0.315855	545800.000000
23.958333	-0.277920	546000.000000
24.062500	-0.248191	546200.000000
24.166667	-0.237168	546400.000000
24.270833	-0.248939	546600.000000
24.375000	-0.269616	546800.000000
24.479167	-0.273066	547000.000000
24.583333	-0.237714	547200.000000
24.687500	-0.165104	547400.000000
24.791667	-0.081976	547600.000000
24.895833	-0.022730	547800.000000
25.000000	-0.003570	548000.000000
25.104167	-0.019013	548200.000000
25.208333	-0.045377	548400.000000
25.312500	-0.061964	548600.000000
25.416667	-0.060023	548800.000000
25.520833	-0.041545	549000.000000
25.625000	-0.015210	549200.000000
25.729167	0.011781	549400.000000
25.833333	0.031962	549600.000000
25.937500	0.036283	549800.000000
26.041667	0.019620	550000.000000
26.145833	-0.011131	550200.000000
26.250000	-0.037378	550400.000000
26.354167	-0.041880	550600.000000
26.458333	-0.019040	550800.000000
26.562500	0.017483	551000.000000
26.666667	0.044906	551200.000000
26.770833	0.049103	551400.000000
26.875000	0.034022	551600.000000
26.979167	0.018171	551800.000000
27.083333	0.016348	552000.000000
27.187500	0.029892	552200.000000
27.291667	0.047107	552400.000000
27.395833	0.053260	552600.000000
27.500000	0.042009	552800.000000
27.604167	0.018506	553000.000000
27.708333	-0.006532	553200.000000
27.812500	-0.024983	553400.000000
27.916667	-0.036241	553600.000000
28.020833	-0.041547	553800.000000
28.125000	-0.041921	554000.000000
28.229167	-0.037466	554200.000000
28.333333	-0.028039	554400.000000
28.437500	-0.013932	554600.000000
28.541667	0.003072	554800.000000
28.645833	0.015645	555000.000000
28.750000	0.018482	555200.000000
28.854167	0.010267	555400.000000
28.958333	-0.005399	555600.000000
29.062500	-0.022046	555800.000000
29.166667	-0.030950	556000.000000
29.270833	-0.030305	556200.000000
29.375000	-0.023596	556400.000000
29.479167	-0.018037	556600.000000
29.583333	-0.018258	556800.000000
29.687500	-0.024895	557000.000000
29.791667	-0.034250	557200.000000
29.895833	-0.040382	557400.000000
30.000000	-0.039037	557600.000000
30.104167	-0.029883	557800.000000
30.208333	-0.016813	558000.000000
30.312500	-0.005275	558200.000000
30.416667	0.001053	558400.000000
30.520833	0.001853	558600.000000
30.625000	-0.000567	558800.000000
30.729167	-0.002501	559000.000000
30.833333	-0.003395	559200.000000
30.937500	-0.004937	559400.000000
31.041667	-0.007355	559600.000000
31.145833	-0.009614	559800.000000
31.250000	-0.010005	560000.000000
31.354167	-0.009729	560200.000000
31.458333	-0.012377	560400.000000
31.562500	-0.023206	560600.000000
31.666667	-0.043576	560800.000000
31.770833	-0.068040	561000.000000
31.875000	-0.086325	561200.000000
31.979167	-0.087601	561400.000000
32.083333	-0.069453	561600.000000
32.187500	-0.039597	561800.000000
32.291667	-0.012795	562000.000000
32.395833	0.001509	562200.000000
32.500000	0.000893	562400.000000
32.604167	-0.010248	562600.000000
32.708333	-0.023918	562800.000000
32.812500	-0.033372	563000.000000
32.916667	-0.036111	563200.000000
33.020833	-0.035272	563400.000000
33.125000	-0.032739	563600.000000
33.229167	-0.030656	563800.000000
33.333333	-0.030122	564000.000000
33.437500	-0.030709	564200.000000
33.541667	-0.031530	564400.000000
33.645833	-0.031155	564600.000000
33.750000	-0.028653	564800.000000
33.854167	-0.023369	565000.000000
33.958333	-0.014478	565200.000000
34.062500	-0.002293	565400.000000
34.166667	0.010607	565600.000000
34.270833	0.019236	565800.000000
34.375000	0.018474	566000.000000
34.479167	0.005779	566200.000000
34.583333	-0.016897	566400.000000
34.687500	-0.039939	566600.000000
34.791667	-0.051005	566800.000000
34.895833	-0.043816	567000.000000
35.000000	-0.022350	567200.000000
35.104167	0.000489	567400.000000
35.208333	0.009648	567600.000000
35.312500	-0.001333	567800.000000
35.416667	-0.023210	568000.000000
35.520833	-0.040275	568200.000000
35.625000	-0.042195	568400.000000
35.729167	-0.028003	568600.000000
35.833333	-0.007345	568800.000000
35.937500	0.008222	569000.000000
36.041667	0.013176	569200.000000
36.145833	0.008388	569400.000000
36.250000	-0.001983	569600.000000
36.354167	-0.012993	569800.000000
36.458333	-0.022257	570000.000000
36.562500	-0.025825	570200.000000
36.666667	-0.022240	570400.000000
36.770833	-0.014054	570600.000000
36.875000	-0.008977	570800.000000
36.979167	-0.014329	571000.000000
37.083333	-0.030568	571200.000000
37.187500	-0.048952	571400.000000
37.291667	-0.058377	571600.000000
37.395833	-0.053063	571800.000000
37.500000	-0.035273	572000.000000
37.604167	-0.012139	572200.000000
37.708333	0.007188	572400.000000
37.812500	0.017819	572600.000000
37.916667	0.015495	572800.000000
38.020833	0.000358	573000.000000
38.125000	-0.023347	573200.000000
38.229167	-0.045773	573400.000000
38.333333	-0.057794	573600.000000
38.437500	-0.053932	573800.000000
38.541667	-0.040092	574000.000000
38.645833	-0.028587	574200.000000
38.750000	-0.030516	574400.000000
38.854167	-0.046021	574600.000000
38.958333	-0.062759	574800.000000
39.062500	-0.066827	575000.000000
39.166667	-0.052000	575200.000000
39.270833	-0.024373	575400.000000
39.375000	0.004972	575600.000000
39.479167	0.021906	575800.000000
39.583333	0.019475	576000.000000
39.687500	-0.000010	576200.000000
39.791667	-0.024825	576400.000000
39.895833	-0.043595	576600.000000
40.000000	-0.049444	576800.000000
40.104167	-0.043196	577000.000000
40.208333	-0.030606	577200.000000
40.312500	-0.018667	577400.000000
40.416667	-0.013424	577600.000000
40.520833	-0.016722	577800.000000
40.625000	-0.026821	578000.000000
40.729167	-0.039995	578200.000000
40.833333	-0.050273	578400.000000
40.937500	-0.052159	578600.000000
41.041667	-0.043891	578800.000000
41.145833	-0.028936	579000.000000
41.250000	-0.013755	579200.000000
41.354167	-0.005436	579400.000000
41.458333	-0.006529	579600.000000
41.562500	-0.013673	579800.000000
41.666667	-0.022316	580000.000000
41.770833	-0.028113	580200.000000
41.875000	-0.028028	580400.000000
41.979167	-0.024121	580600.000000
42.083333	-0.019634	580800.000000
42.187500	-0.019117	581000.000000
42.291667	-0.025675	581200.000000
42.395833	-0.038463	581400.000000
42.500000	-0.050225	581600.000000
42.604167	-0.054834	581800.000000
42.708333	-0.049495	582000.000000
42.812500	-0.036391	582200.000000
42.916667	-0.021802	582400.000000
43.020833	-0.010879	582600.000000
43.125000	-0.006183	582800.000000
43.229167	-0.007294	583000.000000
43.333333	-0.010654	583200.000000
43.437500	-0.013581	583400.000000
43.541667	-0.014747	583600.000000
43.645833	-0.016618	583800.000000
43.750000	-0.021978	584000.000000
43.854167	-0.031708	584200.000000
43.958333	-0.043171	584400.000000
44.062500	-0.049835	584600.000000
44.166667	-0.048264	584800.000000
44.270833	-0.039162	585000.000000
44.375000	-0.027826	585200.000000
44.479167	-0.020077	585400.000000
44.583333	-0.017343	585600.000000
44.687500	-0.017267	585800.000000
44.791667	-0.016317	586000.000000
44.895833	-0.013925	586200.000000
45.000000	-0.012052	586400.000000
45.104167	-0.013524	586600.000000
45.208333	-0.017644	586800.000000
45.312500	-0.021298	587000.000000
45.416667	-0.022124	587200.000000
45.520833	-0.020513	587400.000000
45.625000	-0.019816	587600.000000
45.729167	-0.022718	587800.000000
45.833333	-0.028607	588000.000000
45.937500	-0.033990	588200.000000
46.041667	-0.035327	588400.000000
46.145833	-0.031678	588600.000000
46.250000	-0.025501	588800.000000
46.354167	-0.020876	589000.000000
46.458333	-0.019933	589200.000000
46.562500	-0.022096	589400.000000
46.666667	-0.024612	589600.000000
46.770833	-0.024248	589800.000000
46.875000	-0.020435	590000.000000
46.979167	-0.014903	590200.000000
47.083333	-0.010008	590400.000000
47.187500	-0.007725	590600.000000
47.291667	-0.009541	590800.000000
47.395833	-0.016629	591000.000000
47.500000	-0.026906	591200.000000
47.604167	-0.036954	591400.000000
47.708333	-0.041795	591600.000000
47.812500	-0.039236	591800.000000
47.916667	-0.032278	592000.000000
48.020833	-0.027177	592200.000000
48.125000	-0.026295	592400.000000
48.229167	-0.027848	592600.000000
48.333333	-0.026486	592800.000000
48.437500	-0.019287	593000.000000
48.541667	-0.008768	593200.000000
48.645833	-0.000168	593400.000000
48.750000	0.001661	593600.000000
48.854167	-0.004682	593800.000000
48.958333	-0.015261	594000.000000
49.062500	-0.025898	594200.000000
49.166667	-0.033494	594400.000000
49.270833	-0.038348	594600.000000
49.375000	-0.040002	594800.000000
49.479167	-0.037192	595000.000000
49.583333	-0.030658	595200.000000
49.687500	-0.022324	595400.000000
49.791667	-0.016349	595600.000000
49.895833	-0.014767	595800.000000
50.000000	-0.017932	596000.000000
50.104167	-0.022913	596200.000000
50.208333	-0.024775	596400.000000
50.312500	-0.021707	596600.000000
50.416667	-0.015096	596800.000000
50.520833	-0.008007	597000.000000
50.625000	-0.004697	597200.000000
50.729167	-0.007650	597400.000000
50.833333	-0.016778	597600.000000
50.937500	-0.027611	597800.000000
51.041667	-0.034515	598000.000000
51.145833	-0.034659	598200.000000
51.250000	-0.028755	598400.000000
51.354167	-0.020890	598600.000000
51.458333	-0.015841	598800.000000
51.562500	-0.016356	599000.000000
51.666667	-0.021860	599200.000000
51.770833	-0.028712	599400.000000
51.875000	-0.032644	599600.000000
51.979167	-0.030666	599800.000000
52.083333	-0.023629	600000.000000
52.187500	-0.014058	600200.000000
52.291667	-0.005855	600400.000000
52.395833	-0.002177	600600.000000
52.500000	-0.004067	600800.000000
52.604167	-0.010296	601000.000000
52.708333	-0.017924	601200.000000
52.812500	-0.024868	601400.000000
52.916667	-0.030113	601600.000000
53.020833	-0.035007	601800.000000
53.125000	-0.038507	602000.000000
53.229167	-0.039390	602200.000000
53.333333	-0.036237	602400.000000
53.437500	-0.030501	602600.000000
53.541667	-0.023680	602800.000000
53.645833	-0.018728	603000.000000
53.750000	-0.016000	603200.000000
53.854167	-0.014372	603400.000000
53.958333	-0.012587	603600.000000
54.062500	-0.011023	603800.000000
54.166667	-0.011062	604000.000000
54.270833	-0.013880	604200.000000
54.375000	-0.018791	604400.000000
54.479167	-0.023873	604600.000000
54.583333	-0.027874	604800.000000
54.687500	-0.030434	605000.000000
54.791667	-0.032029	605200.000000
54.895833	-0.032967	605400.000000
55.000000	-0.032404	605600.000000
55.104167	-0.030169	605800.000000
55.208333	-0.026520	606000.000000
55.312500	-0.023423	606200.000000
55.416667	-0.020166	606400.000000
55.520833	-0.018036	606600.000000
55.625000	-0.017123	606800.000000
55.729167	-0.018631	607000.000000
55.833333	-0.023082	607200.000000
55.937500	-0.027482	607400.000000
56.041667	-0.028720	607600.000000
56.145833	-0.025446	607800.000000
56.250000	-0.020547	608000.000000
56.354167	-0.018253	608200.000000
56.458333	-0.021142	608400.000000
56.562500	-0.028132	608600.000000
56.666667	-0.034503	608800.000000
56.770833	-0.037016	609000.000000
56.875000	-0.034325	609200.000000
56.979167	-0.029556	609400.000000
57.083333	-0.026467	609600.000000
57.187500	-0.026614	609800.000000
57.291667	-0.027727	610000.000000
57.395833	-0.027764	610200.000000
57.500000	-0.025099	610400.000000
57.604167	-0.020330	610600.000000
57.708333	-0.015095	610800.000000
57.812500	-0.011004	611000.000000
57.916667	-0.009607	611200.000000
58.020833	-0.012757	611400.000000
58.125000	-0.021100	611600.000000
58.229167	-0.031170	611800.000000
58.333333	-0.039745	612000.000000
58.437500	-0.043120	612200.000000
58.541667	-0.040112	612400.000000
58.645833	-0.032621	612600.000000
58.750000	-0.025970	612800.000000
58.854167	-0.022553	613000.000000
58.958333	-0.022359	613200.000000
59.062500	-0.023305	613400.000000
59.166667	-0.022207	613600.000000
59.270833	-0.019211	613800.000000
59.375000	-0.016473	614000.000000
59.479167	-0.014953	614200.000000
59.583333	-0.015154	614400.000000
59.687500	-0.016536	614600.000000
59.791667	-0.019046	614800.000000
59.895833	-0.023311	615000.000000
60.000000	-0.029986	615200.000000
60.104167	-0.036145	615400.000000
60.208333	-0.038390	615600.000000
60.312500	-0.034918	615800.000000
60.416667	-0.026524	616000.000000
60.520833	-0.018389	616200.000000
60.625000	-0.014349	616400.000000
60.729167	-0.015888	616600.000000
60.833333	-0.020094	616800.000000
60.937500	-0.024055	617000.000000
61.041667	-0.025088	617200.000000
61.145833	-0.023747	617400.000000
61.250000	-0.021113	617600.000000
61.354167	-0.018414	617800.000000
61.458333	-0.016239	618000.000000
61.562500	-0.014942	618200.000000
61.666667	-0.014191	618400.000000
61.770833	-0.015260	618600.000000
61.875000	-0.017718	618800.000000
61.979167	-0.021463	619000.000000
62.083333	-0.025713	619200.000000
62.187500	-0.029071	619400.000000
62.291667	-0.030287	619600.000000
62.395833	-0.029043	619800.000000
62.500000	-0.025819	620000.000000
62.604167	-0.021729	620200.000000
62.708333	-0.018202	620400.000000
62.812500	-0.015656	620600.000000
62.916667	-0.014977	620800.000000
63.020833	-0.015811	621000.000000
63.125000	-0.017542	621200.000000
63.229167	-0.018503	621400.000000
63.333333	-0.017431	621600.000000
63.437500	-0.015767	621800.000000
63.541667	-0.015618	622000.000000
63.645833	-0.018936	622200.000000
63.750000	-0.024916	622400.000000
63.854167	-0.030792	622600.000000
63.958333	-0.033749	622800.000000
64.062500	-0.031507	623000.000000
64.166667	-0.025037	623200.000000
64.270833	-0.017636	623400.000000
64.375000	-0.011818	623600.000000
64.479167	-0.008481	623800.000000
64.583333	-0.008729	624000.000000
64.687500	-0.011959	624200.000000
64.791667	-0.016780	624400.000000
64.895833	-0.021427	624600.000000
65.000000	-0.024171	624800.000000
65.104167	-0.025305	625000.000000
65.208333	-0.025326	625200.000000
65.312500	-0.026120	625400.000000
65.416667	-0.028316	625600.000000
65.520833	-0.031423	625800.000000
65.625000	-0.034536	626000.000000
65.729167	-0.035794	626200.000000
65.833333	-0.034427	626400.000000
65.937500	-0.030249	626600.000000
66.041667	-0.025181	626800.000000
66.145833	-0.022128	627000.000000
66.250000	-0.022025	627200.000000
66.354167	-0.025675	627400.000000
66.458333	-0.029695	627600.000000
66.562500	-0.031156	627800.000000
66.666667	-0.027829	628000.000000
66.770833	-0.020748	628200.000000
66.875000	-0.013617	628400.000000
66.979167	-0.011035	628600.000000
67.083333	-0.014715	628800.000000
67.187500	-0.022422	629000.000000
67.291667	-0.030248	629200.000000
67.395833	-0.034982	629400.000000
67.500000	-0.034832	629600.000000
67.604167	-0.031267	629800.000000
67.708333	-0.026362	630000.000000
67.812500	-0.022668	630200.000000
67.916667	-0.021505	630400.000000
68.020833	-0.022854	630600.000000
68.125000	-0.024817	630800.000000
68.229167	-0.025499	631000.000000
68.333333	-0.023116	631200.000000
68.437500	-0.017411	631400.000000
68.541667	-0.011752	631600.000000
68.645833	-0.009704	631800.000000
68.750000	-0.012049	632000.000000
68.854167	-0.018438	632200.000000
68.958333	-0.026182	632400.000000
69.062500	-0.031766	632600.000000
69.166667	-0.033635	632800.000000
69.270833	-0.032251	633000.000000
69.375000	-0.028426	633200.000000
69.479167	-0.024537	633400.000000
69.583333	-0.020249	633600.000000
69.687500	-0.015546	633800.000000
69.791667	-0.011447	634000.000000
69.895833	-0.009635	634200.000000
70.000000	-0.009564	634400.000000
70.104167	-0.011162	634600.000000
70.208333	-0.012913	634800.000000
70.312500	-0.014564	635000.000000
70.416667	-0.016021	635200.000000
70.520833	-0.017645	635400.000000
70.625000	-0.019396	635600.000000
70.729167	-0.021050	635800.000000
70.833333	-0.022043	636000.000000
70.937500	-0.022662	636200.000000
71.041667	-0.024003	636400.000000
71.145833	-0.026725	636600.000000
71.250000	-0.030717	636800.000000
71.354167	-0.033718	637000.000000
71.458333	-0.034551	637200.000000
71.562500	-0.032981	637400.000000
71.666667	-0.030203	637600.000000
71.770833	-0.028372	637800.000000
71.875000	-0.028648	638000.000000
71.979167	-0.031364	638200.000000
72.083333	-0.034737	638400.000000
72.187500	-0.036857	638600.000000
72.291667	-0.036512	638800.000000
72.395833	-0.034033	639000.000000
72.500000	-0.029947	639200.000000
72.604167	-0.026991	639400.000000
72.708333	-0.026420	639600.000000
72.812500	-0.028072	639800.000000
72.916667	-0.031990	640000.000000
73.020833	-0.035153	640200.000000
73.125000	-0.035262	640400.000000
73.229167	-0.031608	640600.000000
73.333333	-0.024423	640800.000000
73.437500	-0.016767	641000.000000
73.541667	-0.011061	641200.000000
73.645833	-0.008980	641400.000000
73.750000	-0.010448	641600.000000
73.854167	-0.013066	641800.000000
73.958333	-0.015035	642000.000000
74.062500	-0.015621	642200.000000
74.166667	-0.015685	642400.000000
74.270833	-0.016140	642600.000000
74.375000	-0.018129	642800.000000
74.479167	-0.021845	643000.000000
74.583333	-0.026724	643200.000000
74.687500	-0.029883	643400.000000
74.791667	-0.030462	643600.000000
74.895833	-0.027294	643800.000000
75.000000	-0.022316	644000.000000
75.104167	-0.017429	644200.000000
75.208333	-0.015344	644400.000000
75.312500	-0.016928	644600.000000
75.416667	-0.021451	644800.000000
75.520833	-0.025845	645000.000000
75.625000	-0.028549	645200.000000
75.729167	-0.028327	645400.000000
75.833333	-0.026113	645600.000000
75.937500	-0.022548	645800.000000
76.041667	-0.020736	646000.000000
76.145833	-0.021551	646200.000000
76.250000	-0.024297	646400.000000
76.354167	-0.027652	646600.000000
76.458333	-0.029060	646800.000000
76.562500	-0.027296	647000.000000
76.666667	-0.022301	647200.000000
76.770833	-0.016562	647400.000000
76.875000	-0.013245	647600.000000
76.979167	-0.014166	647800.000000
77.083333	-0.018780	648000.000000
77.187500	-0.024136	648200.000000
77.291667	-0.027517	648400.000000
77.395833	-0.027456	648600.000000
77.500000	-0.024743	648800.000000
77.604167	-0.021513	649000.000000
77.708333	-0.018837	649200.000000
77.812500	-0.018836	649400.000000
77.916667	-0.021803	649600.000000
78.020833	-0.026828	649800.000000
78.125000	-0.032473	650000.000000
78.229167	-0.036453	650200.000000
78.333333	-0.037581	650400.000000
78.437500	-0.035446	650600.000000
78.541667	-0.031564	650800.000000
78.645833	-0.027132	651000.000000
78.750000	-0.024089	651200.000000
78.854167	-0.022354	651400.000000
78.958333	-0.020889	651600.000000
79.062500	-0.020080	651800.000000
79.166667	-0.019631	652000.000000
79.270833	-0.019990	652200.000000
79.375000	-0.021229	652400.000000
79.479167	-0.023046	652600.000000
79.583333	-0.024628	652800.000000
79.687500	-0.025888	653000.000000
79.791667	-0.026839	653200.000000
79.895833	-0.027671	653400.000000
80.000000	-0.028403	653600.000000
80.104167	-0.028449	653800.000000
80.208333	-0.027682	654000.000000
80.312500	-0.026720	654200.000000
80.416667	-0.025179	654400.000000
80.520833	-0.023287	654600.000000
80.625000	-0.021681	654800.000000
80.729167	-0.020586	655000.000000
80.833333	-0.020489	655200.000000
80.937500	-0.021370	655400.000000
81.041667	-0.022756	655600.000000
81.145833	-0.023858	655800.000000
81.250000	-0.024535	656000.000000
81.354167	-0.025066	656200.000000
81.458333	-0.025022	656400.000000
81.562500	-0.024824	656600.000000
81.666667	-0.024320	656800.000000
81.770833	-0.023432	657000.000000
81.875000	-0.023395	657200.000000
81.979167	-0.023913	657400.000000
82.083333	-0.024670	657600.000000
82.187500	-0.025307	657800.000000
82.291667	-0.024944	658000.000000
82.395833	-0.023422	658200.000000
82.500000	-0.022091	658400.000000
82.604167	-0.020987	658600.000000
82.708333	-0.019702	658800.000000
82.812500	-0.018271	659000.000000
82.916667	-0.016191	659200.000000
83.020833	-0.014494	659400.000000
83.125000	-0.013953	659600.000000
83.229167	-0.015785	659800.000000
83.333333	-0.018855	660000.000000
83.437500	-0.022130	660200.000000
83.541667	-0.024574	660400.000000
83.645833	-0.025521	660600.000000
83.750000	-0.025311	660800.000000
83.854167	-0.023798	661000.000000
83.958333	-0.020961	661200.000000
84.062500	-0.017937	661400.000000
84.166667	-0.015471	661600.000000
84.270833	-0.014838	661800.000000
84.375000	-0.016081	662000.000000
84.479167	-0.017936	662200.000000
84.583333	-0.019033	662400.000000
84.687500	-0.018725	662600.000000
84.791667	-0.017454	662800.000000
84.895833	-0.017330	663000.000000
85.000000	-0.019406	663200.000000
85.104167	-0.022851	663400.000000
85.208333	-0.026125	663600.000000
85.312500	-0.028368	663800.000000
85.416667	-0.028322	664000.000000
85.520833	-0.026731	664200.000000
85.625000	-0.024208	664400.000000
85.729167	-0.021195	664600.000000
85.833333	-0.018623	664800.000000
85.937500	-0.017674	665000.000000
86.041667	-0.018287	665200.000000
86.145833	-0.020561	665400.000000
86.250000	-0.023218	665600.000000
86.354167	-0.024635	665800.000000
86.458333	-0.024440	666000.000000
86.562500	-0.023529	666200.000000
86.666667	-0.022392	666400.000000
86.770833	-0.022275	666600.000000
86.875000	-0.023146	666800.000000
86.979167	-0.024469	667000.000000
87.083333	-0.025303	667200.000000
87.187500	-0.025965	667400.000000
87.291667	-0.026061	667600.000000
87.395833	-0.026407	667800.000000
87.500000	-0.026876	668000.000000
87.604167	-0.026819	668200.000000
87.708333	-0.026263	668400.000000
87.812500	-0.024601	668600.000000
87.916667	-0.022676	668800.000000
88.020833	-0.021086	669000.000000
88.125000	-0.020099	669200.000000
88.229167	-0.019700	669400.000000
88.333333	-0.019722	669600.000000
88.437500	-0.020437	669800.000000
88.541667	-0.021970	670000.000000
88.645833	-0.023606	670200.000000
88.750000	-0.025828	670400.000000
88.854167	-0.027374	670600.000000
88.958333	-0.028162	670800.000000
89.062500	-0.028503	671000.000000
89.166667	-0.028237	671200.000000
89.270833	-0.027832	671400.000000
89.375000	-0.027023	671600.000000
89.479167	-0.025195	671800.000000
89.583333	-0.023217	672000.000000
89.687500	-0.020782	672200.000000
89.791667	-0.019405	672400.000000
89.895833	-0.018936	672600.000000
90.000000	-0.019377	672800.000000
90.104167	-0.020648	673000.000000
90.208333	-0.022372	673200.000000
90.312500	-0.024564	673400.000000
90.416667	-0.026401	673600.000000
90.520833	-0.027905	673800.000000
90.625000	-0.028561	674000.000000
90.729167	-0.028100	674200.000000
90.833333	-0.026667	674400.000000
90.937500	-0.024808	674600.000000
91.041667	-0.023474	674800.000000
91.145833	-0.022508	675000.000000
91.250000	-0.022439	675200.000000
91.354167	-0.022650	675400.000000
91.458333	-0.023269	675600.000000
91.562500	-0.024456	675800.000000
91.666667	-0.025267	676000.000000
91.770833	-0.025264	676200.000000
91.875000	-0.024292	676400.000000
91.979167	-0.023312	676600.000000
92.083333	-0.022578	676800.000000
92.187500	-0.022599	677000.000000
92.291667	-0.023179	677200.000000
92.395833	-0.024793	677400.000000
92.500000	-0.026253	677600.000000
92.604167	-0.027084	677800.000000
92.708333	-0.027034	678000.000000
92.812500	-0.026158	678200.000000
92.916667	-0.024424	678400.000000
93.020833	-0.022692	678600.000000
93.125000	-0.021199	678800.000000
93.229167	-0.020406	679000.000000
93.333333	-0.020460	679200.000000
93.437500	-0.020965	679400.000000
93.541667	-0.021139	679600.000000
93.645833	-0.020642	679800.000000
93.750000	-0.020040	680000.000000
93.854167	-0.019691	680200.000000
93.958333	-0.020486	680400.000000
94.062500	-0.021991	680600.000000
94.166667	-0.024377	680800.000000
94.270833	-0.026904	681000.000000
94.375000	-0.029576	681200.000000
94.479167	-0.030885	681400.000000
94.583333	-0.030603	681600.000000
94.687500	-0.028182	681800.000000
94.791667	-0.024574	682000.000000
94.895833	-0.021005	682200.000000
95.000000	-0.018987	682400.000000
95.104167	-0.018960	682600.000000
95.208333	-0.020392	682800.000000
95.312500	-0.022264	683000.000000
95.416667	-0.023561	683200.000000
95.520833	-0.024220	683400.000000
95.625000	-0.024672	683600.000000
95.729167	-0.024585	683800.000000
95.833333	-0.025299	684000.000000
95.937500	-0.025813	684200.000000
96.041667	-0.026442	684400.000000
96.145833	-0.026821	684600.000000
96.250000	-0.026557	684800.000000
96.354167	-0.026209	685000.000000
96.458333	-0.025342	685200.000000
96.562500	-0.024222	685400.000000
96.666667	-0.023239	685600.000000
96.770833	-0.022894	685800.000000
96.875000	-0.022843	686000.000000
96.979167	-0.023095	686200.000000
97.083333	-0.023139	686400.000000
97.187500	-0.022512	686600.000000
97.291667	-0.021430	686800.000000
97.395833	-0.020505	687000.000000
97.500000	-0.019846	687200.000000
97.604167	-0.019722	687400.000000
97.708333	-0.020328	687600.000000
97.812500	-0.021506	687800.000000
97.916667	-0.023004	688000.000000
98.020833	-0.024336	688200.000000
98.125000	-0.025413	688400.000000
98.229167	-0.025764	688600.000000
98.333333	-0.025132	688800.000000
98.437500	-0.024054	689000.000000
98.541667	-0.023529	689200.000000
98.645833	-0.023886	689400.000000
98.750000	-0.024315	689600.000000
98.854167	-0.024796	689800.000000
98.958333	-0.024018	690000.000000
99.062500	-0.022279	690200.000000
99.166667	-0.020739	690400.000000
99.270833	-0.020037	690600.000000
99.375000	-0.021144	690800.000000
99.479167	-0.024119	691000.000000
99.583333	-0.027342	691200.000000
99.687500	-0.029366	691400.000000
99.791667	-0.029552	691600.000000
99.895833	-0.027919	691800.000000
100.000000	-0.025344	692000.000000
100.104167	-0.022566	692200.000000
100.208333	-0.020601	692400.000000
100.312500	-0.020170	692600.000000
100.416667	-0.020992	692800.000000
100.520833	-0.022861	693000.000000
100.625000	-0.024207	693200.000000
100.729167	-0.024661	693400.000000
100.833333	-0.023828	693600.000000
100.937500	-0.022610	693800.000000
101.041667	-0.021586	694000.000000
101.145833	-0.021335	694200.000000
101.250000	-0.022026	694400.000000
101.354167	-0.023510	694600.000000
101.458333	-0.024780	694800.000000
101.562500	-0.024820	695000.000000
101.666667	-0.023678	695200.000000
101.770833	-0.022547	695400.000000
101.875000	-0.021390	695600.000000
101.979167	-0.021110	695800.000000
102.083333	-0.021736	696000.000000
102.187500	-0.023116	696200.000000
102.291667	-0.024414	696400.000000
102.395833	-0.025322	696600.000000
102.500000	-0.025559	696800.000000
102.604167	-0.024942	697000.000000
102.708333	-0.023533	697200.000000
102.812500	-0.022187	697400.000000
102.916667	-0.021646	697600.000000
103.020833	-0.022530	697800.000000
103.125000	-0.024069	698000.000000
103.229167	-0.025755	698200.000000
103.333333	-0.027277	698400.000000
103.437500	-0.028024	698600.000000
103.541667	-0.028758	698800.000000
103.645833	-0.028751	699000.000000
103.750000	-0.028173	699200.000000
103.854167	-0.026805	699400.000000
103.958333	-0.024615	699600.000000
104.062500	-0.023086	699800.000000
104.166667	-0.021931	700000.000000
104.270833	-0.021728	700200.000000
104.375000	-0.022456	700400.000000
104.479167	-0.023285	700600.000000
104.583333	-0.024040	700800.000000
104.687500	-0.024308	701000.000000
104.791667	-0.024620	701200.000000
104.895833	-0.025163	701400.000000
105.000000	-0.025563	701600.000000
105.104167	-0.026022	701800.000000
105.208333	-0.026540	702000.000000
105.312500	-0.026194	702200.000000
105.416667	-0.025226	702400.000000
105.520833	-0.023354	702600.000000
105.625000	-0.021596	702800.000000
105.729167	-0.020541	703000.000000
105.833333	-0.020261	703200.000000
105.937500	-0.020774	703400.000000
106.041667	-0.021651	703600.000000
106.145833	-0.022825	703800.000000
106.250000	-0.023679	704000.000000
106.354167	-0.024049	704200.000000
106.458333	-0.024266	704400.000000
106.562500	-0.024141	704600.000000
106.666667	-0.023956	704800.000000
106.770833	-0.024195	705000.000000
106.875000	-0.024888	705200.000000
106.979167	-0.025710	705400.000000
107.083333	-0.026013	705600.000000
107.187500	-0.025116	705800.000000
107.291667	-0.023908	706000.000000
107.395833	-0.022497	706200.000000
107.500000	-0.021825	706400.000000
107.604167	-0.021795	706600.000000
107.708333	-0.022495	706800.000000
107.812500	-0.023609	707000.000000
107.916667	-0.024128	707200.000000
108.020833	-0.023430	707400.000000
108.125000	-0.022217	707600.000000
108.229167	-0.020209	707800.000000
108.333333	-0.018974	708000.000000
108.437500	-0.019534	708200.000000
108.541667	-0.021459	708400.000000
108.645833	-0.024530	708600.000000
108.750000	-0.027994	708800.000000
108.854167	-0.029169	709000.000000
108.958333	-0.028010	709200.000000
109.062500	-0.025550	709400.000000
109.166667	-0.023019	709600.000000
109.270833	-0.021544	709800.000000
109.375000	-0.021939	710000.000000
109.479167	-0.023708	710200.000000
109.583333	-0.025468	710400.000000
109.687500	-0.026503	710600.000000
109.791667	-0.026211	710800.000000
109.895833	-0.025280	711000.000000
110.000000	-0.024438	711200.000000
110.104167	-0.023939	711400.000000
110.208333	-0.024478	711600.000000
110.312500	-0.025991	711800.000000
110.416667	-0.027546	712000.000000
110.520833	-0.028530	712200.000000
110.625000	-0.028355	712400.000000
110.729167	-0.026499	712600.000000
110.833333	-0.023639	712800.000000
110.937500	-0.020964	713000.000000
111.041667	-0.019051	713200.000000
111.145833	-0.018464	713400.000000
111.250000	-0.019231	713600.000000
111.354167	-0.020506	713800.000000
111.458333	-0.021536	714000.000000
111.562500	-0.022270	714200.000000
111.666667	-0.022068	714400.000000
111.770833	-0.021259	714600.000000
111.875000	-0.020676	714800.000000
111.979167	-0.020193	715000.000000
112.083333	-0.020273	715200.000000
112.187500	-0.020812	715400.000000
112.291667	-0.021585	715600.000000
112.395833	-0.021625	715800.000000
112.500000	-0.021700	716000.000000
112.604167	-0.021176	716200.000000
112.708333	-0.020671	716400.000000
112.812500	-0.020679	716600.000000
112.916667	-0.020848	716800.000000
113.020833	-0.020726	717000.000000
113.125000	-0.020387	717200.000000
113.229167	-0.019987	717400.000000
113.333333	-0.019294	717600.000000
113.437500	-0.018572	717800.000000
113.541667	-0.017969	718000.000000
113.645833	-0.017047	718200.000000
113.750000	-0.016232	718400.000000
113.854167	-0.015791	718600.000000
113.958333	-0.015285	718800.000000
114.062500	-0.015241	719000.000000
114.166667	-0.015795	719200.000000
114.270833	-0.017510	719400.000000
114.375000	-0.020458	719600.000000
114.479167	-0.024258	719800.000000
114.583333	-0.028553	720000.000000
114.687500	-0.033144	720200.000000
114.791667	-0.036638	720400.000000
114.895833	-0.039782	720600.000000
115.000000	-0.042290	720800.000000
115.104167	-0.043648	721000.000000
115.208333	-0.043611	721200.000000
115.312500	-0.042008	721400.000000
115.416667	-0.038896	721600.000000
115.520833	-0.034919	721800.000000
115.625000	-0.030218	722000.000000
115.729167	-0.025778	722200.000000
115.833333	-0.021987	722400.000000
115.937500	-0.018821	722600.000000
116.041667	-0.016200	722800.000000
116.145833	-0.014117	723000.000000
116.250000	-0.012563	723200.000000
116.354167	-0.011993	723400.000000
116.458333	-0.012211	723600.000000
116.562500	-0.013771	723800.000000
116.666667	-0.015608	724000.000000
116.770833	-0.017494	724200.000000
116.875000	-0.019011	724400.000000
116.979167	-0.019848	724600.000000
117.083333	-0.019658	724800.000000
117.187500	-0.018557	725000.000000
117.291667	-0.017698	725200.000000
117.395833	-0.017476	725400.000000
117.500000	-0.018494	725600.000000
117.604167	-0.020633	725800.000000
117.708333	-0.022633	726000.000000
117.812500	-0.023958	726200.000000
117.916667	-0.024477	726400.000000
118.020833	-0.023994	726600.000000
118.125000	-0.023279	726800.000000
118.229167	-0.022987	727000.000000
118.333333	-0.024138	727200.000000
118.437500	-0.026133	727400.000000
118.541667	-0.028489	727600.000000
118.645833	-0.030158	727800.000000
118.750000	-0.030385	728000.000000
118.854167	-0.029211	728200.000000
118.958333	-0.027610	728400.000000
119.062500	-0.025956	728600.000000
119.166667	-0.025421	728800.000000
119.270833	-0.026385	729000.000000
119.375000	-0.028104	729200.000000
119.479167	-0.029660	729400.000000
119.583333	-0.030463	729600.000000
119.687500	-0.030446	729800.000000
119.791667	-0.029243	730000.000000
119.895833	-0.027919	730200.000000
120.000000	-0.026242	730400.000000
120.104167	-0.024754	730600.000000
120.208333	-0.023194	730800.000000
120.312500	-0.021750	731000.000000
120.416667	-0.021048	731200.000000
120.520833	-0.021322	731400.000000
120.625000	-0.022094	731600.000000
120.729167	-0.023623	731800.000000
120.833333	-0.025306	732000.000000
120.937500	-0.025994	732200.000000
121.041667	-0.026029	732400.000000
121.145833	-0.025958	732600.000000
121.250000	-0.025261	732800.000000
121.354167	-0.024467	733000.000000
121.458333	-0.024099	733200.000000
121.562500	-0.023710	733400.000000
121.666667	-0.023864	733600.000000
121.770833	-0.024091	733800.000000
121.875000	-0.024110	734000.000000
121.979167	-0.023855	734200.000000
122.083333	-0.023428	734400.000000
122.187500	-0.022744	734600.000000
122.291667	-0.022527	734800.000000
122.395833	-0.022655	735000.000000
122.500000	-0.023277	735200.000000
122.604167	-0.023691	735400.000000
122.708333	-0.023820	735600.000000
122.812500	-0.023394	735800.000000
122.916667	-0.023252	736000.000000
123.020833	-0.023404	736200.000000
123.125000	-0.023692	736400.000000
123.229167	-0.024121	736600.000000
123.333333	-0.024702	736800.000000
123.437500	-0.024550	737000.000000
123.541667	-0.024149	737200.000000
123.645833	-0.023162	737400.000000
123.750000	-0.021491	737600.000000
123.854167	-0.020051	737800.000000
123.958333	-0.019583	738000.000000
124.062500	-0.019427	738200.000000
124.166667	-0.020346	738400.000000
124.270833	-0.021220	738600.000000
124.375000	-0.021828	738800.000000
124.479167	-0.022276	739000.000000
124.583333	-0.022237	739200.000000
124.687500	-0.021865	739400.000000
124.791667	-0.022322	739600.000000
124.895833	-0.023739	739800.000000
125.000000	-0.025212	740000.000000
125.104167	-0.026092	740200.000000
125.208333	-0.025644	740400.000000
125.312500	-0.023816	740600.000000
125.416667	-0.021877	740800.000000
125.520833	-0.020196	741000.000000
125.625000	-0.019764	741200.000000
125.729167	-0.020557	741400.000000
125.833333	-0.022216	741600.000000
125.937500	-0.024051	741800.000000
126.041667	-0.025351	742000.000000
126.145833	-0.026179	742200.000000
126.250000	-0.026083	742400.000000
126.354167	-0.025350	742600.000000
126.458333	-0.024817	742800.000000
126.562500	-0.024601	743000.000000
126.666667	-0.025331	743200.000000
126.770833	-0.026202	743400.000000
126.875000	-0.026722	743600.000000
126.979167	-0.026773	743800.000000
127.083333	-0.025816	744000.000000
127.187500	-0.024399	744200.000000
127.291667	-0.022841	744400.000000
127.395833	-0.022045	744600.000000
127.500000	-0.021887	744800.000000
127.604167	-0.022757	745000.000000
127.708333	-0.023746	745200.000000
127.812500	-0.024426	745400.000000
127.916667	-0.024704	745600.000000
128.020833	-0.023856	745800.000000
128.125000	-0.022598	746000.000000
128.229167	-0.021797	746200.000000
128.333333	-0.021705	746400.000000
128.437500	-0.022608	746600.000000
128.541667	-0.024372	746800.000000
128.645833	-0.025354	747000.000000
128.750000	-0.025525	747200.000000
128.854167	-0.024606	747400.000000
128.958333	-0.022943	747600.000000
129.062500	-0.021586	747800.000000
129.166667	-0.020648	748000.000000
129.270833	-0.020134	748200.000000
129.375000	-0.019847	748400.000000
129.479167	-0.020288	748600.000000
129.583333	-0.020906	748800.000000
129.687500	-0.022067	749000.000000
129.791667	-0.023220	749200.000000
129.895833	-0.024460	749400.000000
130.000000	-0.025340	749600.000000
130.104167	-0.026288	749800.000000
130.208333	-0.026957	750000.000000
