0.000000	-0.021038	500000.000000
0.104167	-0.020894	500200.000000
0.208333	-0.020943	500400.000000
0.312500	-0.021139	500600.000000
0.416667	-0.020972	500800.000000
0.520833	-0.020821	501000.000000
0.625000	-0.020882	501200.000000
0.729167	-0.021089	501400.000000
0.833333	-0.021035	501600.000000
0.937500	-0.020977	501800.000000
1.041667	-0.021032	502000.000000
1.145833	-0.020749	502200.000000
1.250000	-0.020679	502400.000000
1.354167	-0.020938	502600.000000
1.458333	-0.020779	502800.000000
1.562500	-0.020738	503000.000000
1.666667	-0.020880	503200.000000
1.770833	-0.020910	503400.000000
1.875000	-0.020976	503600.000000
1.979167	-0.021176	503800.000000
2.083333	-0.021002	504000.000000
2.187500	-0.020986	504200.000000
2.291667	-0.020946	504400.000000
2.395833	-0.021136	504600.000000
2.500000	-0.021003	504800.000000
2.604167	-0.020916	505000.000000
2.708333	-0.021037	505200.000000
2.812500	-0.021009	505400.000000
2.916667	-0.020611	505600.000000
3.020833	-0.020822	505800.000000
3.125000	-0.020938	506000.000000
3.229167	-0.020851	506200.000000
3.333333	-0.020983	506400.000000
3.437500	-0.020881	506600.000000
3.541667	-0.020753	506800.000000
3.645833	-0.020839	507000.000000
3.750000	-0.020762	507200.000000
3.854167	-0.020743	507400.000000
3.958333	-0.020899	507600.000000
4.062500	-0.020764	507800.000000
4.166667	-0.020704	508000.000000
4.270833	-0.020768	508200.000000
4.375000	-0.020708	508400.000000
4.479167	-0.020532	508600.000000
4.583333	-0.020878	508800.000000
4.687500	-0.020809	509000.000000
4.791667	-0.020739	509200.000000
4.895833	-0.020859	509400.000000
5.000000	-0.020844	509600.000000
5.104167	-0.020884	509800.000000
5.208333	-0.021033	510000.000000
5.312500	-0.021144	510200.000000
5.416667	-0.021001	510400.000000
5.520833	-0.020884	510600.000000
5.625000	-0.020792	510800.000000
5.729167	-0.020940	511000.000000
5.833333	-0.021181	511200.000000
5.937500	-0.021092	511400.000000
6.041667	-0.021091	511600.000000
6.145833	-0.021141	511800.000000
6.250000	-0.020919	512000.000000
6.354167	-0.021114	512200.000000
6.458333	-0.020911	512400.000000
6.562500	-0.020916	512600.000000
6.666667	-0.020919	512800.000000
6.770833	-0.021209	513000.000000
6.875000	-0.020995	513200.000000
6.979167	-0.021051	513400.000000
7.083333	-0.020942	513600.000000
7.187500	-0.021173	513800.000000
7.291667	-0.021052	514000.000000
7.395833	-0.021075	514200.000000
7.500000	-0.020958	514400.000000
7.604167	-0.021101	514600.000000
7.708333	-0.021075	514800.000000
7.812500	-0.020883	515000.000000
7.916667	-0.021060	515200.000000
8.020833	-0.021015	515400.000000
8.125000	-0.021017	515600.000000
8.229167	-0.021189	515800.000000
8.333333	-0.021078	516000.000000
8.437500	-0.021070	516200.000000
8.541667	-0.020910	516400.000000
8.645833	-0.021048	516600.000000
8.750000	-0.020981	516800.000000
8.854167	-0.021092	517000.000000
8.958333	-0.021198	517200.000000
9.062500	-0.021059	517400.000000
9.166667	-0.021179	517600.000000
9.270833	-0.020993	517800.000000
9.375000	-0.020929	518000.000000
9.479167	-0.021182	518200.000000
9.583333	-0.021099	518400.000000
9.687500	-0.021190	518600.000000
9.791667	-0.021053	518800.000000
9.895833	-0.021107	519000.000000
10.000000	-0.021216	519200.000000
10.104167	-0.021043	519400.000000
10.208333	-0.020980	519600.000000
10.312500	-0.020962	519800.000000
10.416667	-0.021044	520000.000000
10.520833	-0.020966	520200.000000
10.625000	-0.020940	520400.000000
10.729167	-0.021056	520600.000000
10.833333	-0.020866	520800.000000
10.937500	-0.021187	521000.000000
11.041667	-0.021214	521200.000000
11.145833	-0.021106	521400.000000
11.250000	-0.021050	521600.000000
11.354167	-0.021144	521800.000000
11.458333	-0.021121	522000.000000
11.562500	-0.021129	522200.000000
11.666667	-0.020997	522400.000000
11.770833	-0.020964	522600.000000
11.875000	-0.021080	522800.000000
11.979167	-0.021113	523000.000000
12.083333	-0.020968	523200.000000
12.187500	-0.021055	523400.000000
12.291667	-0.020955	523600.000000
12.395833	-0.021037	523800.000000
12.500000	-0.020986	524000.000000
12.604167	-0.021013	524200.000000
12.708333	-0.021071	524400.000000
12.812500	-0.021261	524600.000000
12.916667	-0.021267	524800.000000
13.020833	-0.021269	525000.000000
13.125000	-0.021269	525200.000000
13.229167	-0.021195	525400.000000
13.333333	-0.021533	525600.000000
13.437500	-0.021458	525800.000000
13.541667	-0.021295	526000.000000
13.645833	-0.021530	526200.000000
13.750000	-0.021396	526400.000000
13.854167	-0.021375	526600.000000
13.958333	-0.021499	526800.000000
14.062500	-0.021538	527000.000000
14.166667	-0.021572	527200.000000
14.270833	-0.021379	527400.000000
14.375000	-0.021474	527600.000000
14.479167	-0.021572	527800.000000
14.583333	-0.021859	528000.000000
14.687500	-0.021483	528200.000000
14.791667	-0.021595	528400.000000
14.895833	-0.021485	528600.000000
15.000000	-0.021585	528800.000000
15.104167	-0.021660	529000.000000
15.208333	-0.021691	529200.000000
15.312500	-0.021813	529400.000000
15.416667	-0.021817	529600.000000
15.520833	-0.021843	529800.000000
15.625000	-0.021946	530000.000000
15.729167	-0.021863	530200.000000
15.833333	-0.021798	530400.000000
15.937500	-0.021888	530600.000000
16.041667	-0.022149	530800.000000
16.145833	-0.021831	531000.000000
16.250000	-0.021961	531200.000000
16.354167	-0.022221	531400.000000
16.458333	-0.022113	531600.000000
16.562500	-0.022114	531800.000000
16.666667	-0.022397	532000.000000
16.770833	-0.022408	532200.000000
16.875000	-0.022735	532400.000000
16.979167	-0.022740	532600.000000
17.083333	-0.022931	532800.000000
17.187500	-0.022908	533000.000000
17.291667	-0.023146	533200.000000
17.395833	-0.023386	533400.000000
17.500000	-0.023662	533600.000000
17.604167	-0.023903	533800.000000
17.708333	-0.024111	534000.000000
17.812500	-0.024464	534200.000000
17.916667	-0.024766	534400.000000
18.020833	-0.025152	534600.000000
18.125000	-0.025550	534800.000000
18.229167	-0.026202	535000.000000
18.333333	-0.026294	535200.000000
18.437500	-0.026579	535400.000000
18.541667	-0.027324	535600.000000
18.645833	-0.027787	535800.000000
18.750000	-0.028739	536000.000000
18.854167	-0.029506	536200.000000
18.958333	-0.030206	536400.000000
19.062500	-0.031349	536600.000000
19.166667	-0.032362	536800.000000
19.270833	-0.033737	537000.000000
19.375000	-0.035149	537200.000000
19.479167	-0.036423	537400.000000
19.583333	-0.038267	537600.000000
19.687500	-0.040193	537800.000000
19.791667	-0.042363	538000.000000
19.895833	-0.044902	538200.000000
20.000000	-0.047720	538400.000000
20.104167	-0.050430	538600.000000
20.208333	-0.053834	538800.000000
20.312500	-0.057449	539000.000000
20.416667	-0.061252	539200.000000
20.520833	-0.065124	539400.000000
20.625000	-0.069247	539600.000000
20.729167	-0.073569	539800.000000
20.833333	-0.077755	540000.000000
20.937500	-0.081626	540200.000000
21.041667	-0.085356	540400.000000
21.145833	-0.088527	540600.000000
21.250000	-0.090977	540800.000000
21.354167	-0.092239	541000.000000
21.458333	-0.091974	541200.000000
21.562500	-0.089707	541400.000000
21.666667	-0.083665	541600.000000
21.770833	-0.070289	541800.000000
21.875000	-0.040781	542000.000000
21.979167	0.021017	542200.000000
22.083333	0.142646	542400.000000
22.187500	0.342559	542600.000000
22.291667	0.620975	542800.000000
22.395833	0.919335	543000.000000
22.500000	1.128363	543200.000000
22.604167	1.148138	543400.000000
22.708333	0.936488	543600.000000
22.812500	0.555431	543800.000000
22.916667	0.105833	544000.000000
23.020833	-0.278836	544200.000000
23.125000	-0.523447	544400.000000
23.229167	-0.616157	544600.000000
23.333333	-0.606265	544800.000000
23.437500	-0.555499	545000.000000
23.541667	-0.502834	545200.000000
23.645833	-0.454408	545400.000000
23.750000	-0.405227	545600.000000
23.854167	-0.356492	545800.000000
23.958333	-0.319701	546000.000000
24.062500	-0.308161	546200.000000
24.166667	-0.318158	546400.000000
24.270833	-0.324888	546600.000000
24.375000	-0.299581	546800.000000
24.479167	-0.228739	547000.000000
24.583333	-0.133140	547200.000000
24.687500	-0.046042	547400.000000
24.791667	0.000259	547600.000000
24.895833	0.000309	547800.000000
25.000000	-0.027654	548000.000000
25.104167	-0.054961	548200.000000
25.208333	-0.063188	548400.000000
25.312500	-0.049218	548600.000000
25.416667	-0.020503	548800.000000
25.520833	0.012806	549000.000000
25.625000	0.039654	549200.000000
25.729167	0.050295	549400.000000
25.833333	0.038625	549600.000000
25.937500	0.006808	549800.000000
26.041667	-0.029794	550000.000000
26.145833	-0.048336	550200.000000
26.250000	-0.035644	550400.000000
26.354167	0.001288	550600.000000
26.458333	0.038182	550800.000000
26.562500	0.054954	551000.000000
26.666667	0.045708	551200.000000
26.770833	0.027029	551400.000000
26.875000	0.017495	551600.000000
26.979167	0.026964	551800.000000
27.083333	0.048363	552000.000000
27.187500	0.064737	552200.000000
27.291667	0.061768	552400.000000
27.395833	0.038324	552600.000000
27.500000	0.005967	552800.000000
27.604167	-0.022427	553000.000000
27.708333	-0.041446	553200.000000
27.812500	-0.050378	553400.000000
27.916667	-0.051664	553600.000000
28.020833	-0.047613	553800.000000
28.125000	-0.038342	554000.000000
28.229167	-0.022043	554200.000000
28.333333	-0.002154	554400.000000
28.437500	0.018274	554600.000000
28.541667	0.031612	554800.000000
28.645833	0.031098	555000.000000
28.750000	0.017277	555200.000000
28.854167	-0.002430	555400.000000
28.958333	-0.018616	555600.000000
29.062500	-0.024051	555800.000000
29.166667	-0.019787	556000.000000
29.270833	-0.012657	556200.000000
29.375000	-0.010439	556400.000000
29.479167	-0.016269	556600.000000
29.583333	-0.027454	556800.000000
29.687500	-0.037358	557000.000000
29.791667	-0.040087	557200.000000
29.895833	-0.033410	557400.000000
30.000000	-0.019288	557600.000000
30.104167	-0.003349	557800.000000
30.208333	0.007556	558000.000000
30.312500	0.011518	558200.000000
30.416667	0.010267	558400.000000
30.520833	0.007082	558600.000000
30.625000	0.004423	558800.000000
30.729167	0.001698	559000.000000
30.833333	-0.001881	559200.000000
30.937500	-0.005560	559400.000000
31.041667	-0.007697	559600.000000
31.145833	-0.008402	559800.000000
31.250000	-0.010885	560000.000000
31.354167	-0.020015	560200.000000
31.458333	-0.039895	560400.000000
31.562500	-0.067152	560600.000000
31.666667	-0.092593	560800.000000
31.770833	-0.101820	561000.000000
31.875000	-0.088475	561200.000000
31.979167	-0.057350	561400.000000
32.083333	-0.022807	561600.000000
32.187500	0.002097	561800.000000
32.291667	0.009300	562000.000000
32.395833	0.000777	562200.000000
32.500000	-0.015030	562400.000000
32.604167	-0.028606	562600.000000
32.708333	-0.035145	562800.000000
32.812500	-0.035346	563000.000000
32.916667	-0.032446	563200.000000
33.020833	-0.030160	563400.000000
33.125000	-0.029784	563600.000000
33.229167	-0.030804	563800.000000
33.333333	-0.032888	564000.000000
33.437500	-0.034122	564200.000000
33.541667	-0.032942	564400.000000
33.645833	-0.027688	564600.000000
33.750000	-0.018233	564800.000000
33.854167	-0.004429	565000.000000
33.958333	0.011446	565200.000000
34.062500	0.024976	565400.000000
34.166667	0.028893	565600.000000
34.270833	0.018877	565800.000000
34.375000	-0.004660	566000.000000
34.479167	-0.033299	566200.000000
34.583333	-0.053929	566400.000000
34.687500	-0.054194	566600.000000
34.791667	-0.034563	566800.000000
34.895833	-0.006604	567000.000000
35.000000	0.011718	567200.000000
35.104167	0.009442	567400.000000
35.208333	-0.010568	567600.000000
35.312500	-0.033367	567800.000000
35.416667	-0.043797	568000.000000
35.520833	-0.034326	568200.000000
35.625000	-0.010992	568400.000000
35.729167	0.012768	568600.000000
35.833333	0.025296	568800.000000
35.937500	0.024508	569000.000000
36.041667	0.014491	569200.000000
36.145833	0.000849	569400.000000
36.250000	-0.011575	569600.000000
36.354167	-0.018215	569800.000000
36.458333	-0.017171	570000.000000
36.562500	-0.009630	570200.000000
36.666667	-0.002537	570400.000000
36.770833	-0.004301	570600.000000
36.875000	-0.019121	570800.000000
36.979167	-0.040617	571000.000000
37.083333	-0.056476	571200.000000
37.187500	-0.057151	571400.000000
37.291667	-0.041506	571600.000000
37.395833	-0.016542	571800.000000
37.500000	0.009808	572000.000000
37.604167	0.028036	572200.000000
37.708333	0.031683	572400.000000
37.812500	0.019203	572600.000000
37.916667	-0.005209	572800.000000
38.020833	-0.033215	573000.000000
38.125000	-0.054226	573200.000000
38.229167	-0.058746	573400.000000
38.333333	-0.048121	573600.000000
38.437500	-0.033384	573800.000000
38.541667	-0.030643	574000.000000
38.645833	-0.043027	574200.000000
38.750000	-0.062123	574400.000000
38.854167	-0.071903	574600.000000
38.958333	-0.062767	574800.000000
39.062500	-0.034667	575000.000000
39.166667	0.001593	575200.000000
39.270833	0.028199	575400.000000
39.375000	0.035190	575600.000000
39.479167	0.020131	575800.000000
39.583333	-0.008350	576000.000000
39.687500	-0.035540	576200.000000
39.791667	-0.048993	576400.000000
39.895833	-0.046987	576600.000000
40.000000	-0.034666	576800.000000
40.104167	-0.020217	577000.000000
40.208333	-0.011572	577200.000000
40.312500	-0.012493	577400.000000
40.416667	-0.021927	577600.000000
40.520833	-0.036051	577800.000000
40.625000	-0.049102	578000.000000
40.729167	-0.055063	578200.000000
40.833333	-0.050425	578400.000000
40.937500	-0.035622	578600.000000
41.041667	-0.016971	578800.000000
41.145833	-0.003643	579000.000000
41.250000	-0.000195	579200.000000
41.354167	-0.005738	579400.000000
41.458333	-0.015180	579600.000000
41.562500	-0.023569	579800.000000
41.666667	-0.026737	580000.000000
41.770833	-0.024092	580200.000000
41.875000	-0.019019	580400.000000
41.979167	-0.017469	580600.000000
42.083333	-0.023149	580800.000000
42.187500	-0.035571	581000.000000
42.291667	-0.049665	581200.000000
42.395833	-0.058367	581400.000000
42.500000	-0.056111	581600.000000
42.604167	-0.043959	581800.000000
42.708333	-0.027457	582000.000000
42.812500	-0.012220	582200.000000
42.916667	-0.003471	582400.000000
43.020833	-0.001392	582600.000000
43.125000	-0.004183	582800.000000
43.229167	-0.007904	583000.000000
43.333333	-0.010014	583200.000000
43.437500	-0.011876	583400.000000
43.541667	-0.017329	583600.000000
43.645833	-0.027189	583800.000000
43.750000	-0.040827	584000.000000
43.854167	-0.051969	584200.000000
43.958333	-0.054764	584400.000000
44.062500	-0.047401	584600.000000
44.166667	-0.034001	584800.000000
44.270833	-0.022006	585000.000000
44.375000	-0.016461	585200.000000
44.479167	-0.015388	585400.000000
44.583333	-0.015147	585600.000000
44.687500	-0.013250	585800.000000
44.791667	-0.010353	586000.000000
44.895833	-0.009892	586200.000000
45.000000	-0.013066	586400.000000
45.104167	-0.017856	586600.000000
45.208333	-0.020667	586800.000000
45.312500	-0.020395	587000.000000
45.416667	-0.019664	587200.000000
45.520833	-0.021467	587400.000000
45.625000	-0.027256	587600.000000
45.729167	-0.033813	587800.000000
45.833333	-0.037680	588000.000000
45.937500	-0.035940	588200.000000
46.041667	-0.029439	588400.000000
46.145833	-0.022802	588600.000000
46.250000	-0.020035	588800.000000
46.354167	-0.020912	589000.000000
46.458333	-0.023268	589200.000000
46.562500	-0.023763	589400.000000
46.666667	-0.020567	589600.000000
46.770833	-0.013985	589800.000000
46.875000	-0.006911	590000.000000
46.979167	-0.002294	590200.000000
47.083333	-0.002290	590400.000000
47.187500	-0.008593	590600.000000
47.291667	-0.020357	590800.000000
47.395833	-0.033801	591000.000000
47.500000	-0.043134	591200.000000
47.604167	-0.044251	591400.000000
47.708333	-0.038388	591600.000000
47.812500	-0.031208	591800.000000
47.916667	-0.027786	592000.000000
48.020833	-0.028141	592200.000000
48.125000	-0.027224	592400.000000
48.229167	-0.020921	592600.000000
48.333333	-0.009817	592800.000000
48.437500	0.001569	593000.000000
48.541667	0.007254	593200.000000
48.645833	0.003993	593400.000000
48.750000	-0.007051	593600.000000
48.854167	-0.020293	593800.000000
48.958333	-0.031943	594000.000000
49.062500	-0.039757	594200.000000
49.166667	-0.043212	594400.000000
49.270833	-0.041867	594600.000000
49.375000	-0.036009	594800.000000
49.479167	-0.026589	595000.000000
49.583333	-0.018139	595200.000000
49.687500	-0.013656	595400.000000
49.791667	-0.014781	595600.000000
49.895833	-0.018843	595800.000000
50.000000	-0.021709	596000.000000
50.104167	-0.020475	596200.000000
50.208333	-0.014509	596400.000000
50.312500	-0.005873	596600.000000
50.416667	0.000166	596800.000000
50.520833	-0.000233	597000.000000
50.625000	-0.008470	597200.000000
50.729167	-0.020651	597400.000000
50.833333	-0.031159	597600.000000
50.937500	-0.034794	597800.000000
51.041667	-0.030925	598000.000000
51.145833	-0.022618	598200.000000
51.250000	-0.015547	598400.000000
51.354167	-0.013439	598600.000000
51.458333	-0.017638	598800.000000
51.562500	-0.024564	599000.000000
51.666667	-0.030582	599200.000000
51.770833	-0.030794	599400.000000
51.875000	-0.024885	599600.000000
51.979167	-0.014593	599800.000000
52.083333	-0.004163	600000.000000
52.187500	0.002704	600200.000000
52.291667	0.003309	600400.000000
52.395833	-0.002082	600600.000000
52.500000	-0.010380	600800.000000
52.604167	-0.018864	601000.000000
52.708333	-0.026289	601200.000000
52.812500	-0.033053	601400.000000
52.916667	-0.038747	601600.000000
53.020833	-0.041830	601800.000000
53.125000	-0.040541	602000.000000
53.229167	-0.034461	602200.000000
53.333333	-0.026146	602400.000000
53.437500	-0.018180	602600.000000
53.541667	-0.012954	602800.000000
53.645833	-0.010360	603000.000000
53.750000	-0.008785	603200.000000
53.854167	-0.007552	603400.000000
53.958333	-0.007281	603600.000000
54.062500	-0.009307	603800.000000
54.166667	-0.013612	604000.000000
54.270833	-0.019254	604200.000000
54.375000	-0.024585	604400.000000
54.479167	-0.028846	604600.000000
54.583333	-0.032366	604800.000000
54.687500	-0.035026	605000.000000
54.791667	-0.035819	605200.000000
54.895833	-0.033556	605400.000000
55.000000	-0.029169	605600.000000
55.104167	-0.024130	605800.000000
55.208333	-0.019595	606000.000000
55.312500	-0.016319	606200.000000
55.416667	-0.014408	606400.000000
55.520833	-0.015664	606600.000000
55.625000	-0.020496	606800.000000
55.729167	-0.026003	607000.000000
55.833333	-0.028870	607200.000000
55.937500	-0.026679	607400.000000
56.041667	-0.021206	607600.000000
56.145833	-0.017204	607800.000000
56.250000	-0.018603	608000.000000
56.354167	-0.025404	608200.000000
56.458333	-0.034135	608400.000000
56.562500	-0.039446	608600.000000
56.666667	-0.038678	608800.000000
56.770833	-0.033474	609000.000000
56.875000	-0.028515	609200.000000
56.979167	-0.026278	609400.000000
57.083333	-0.027266	609600.000000
57.187500	-0.028047	609800.000000
57.291667	-0.026742	610000.000000
57.395833	-0.022468	610200.000000
57.500000	-0.016259	610400.000000
57.604167	-0.010016	610600.000000
57.708333	-0.006456	610800.000000
57.812500	-0.008088	611000.000000
57.916667	-0.015693	611200.000000
58.020833	-0.027958	611400.000000
58.125000	-0.039633	611600.000000
58.229167	-0.047000	611800.000000
58.333333	-0.046654	612000.000000
58.437500	-0.039800	612200.000000
58.541667	-0.030693	612400.000000
58.645833	-0.024449	612600.000000
58.750000	-0.022738	612800.000000
58.854167	-0.023050	613000.000000
58.958333	-0.022406	613200.000000
59.062500	-0.019637	613400.000000
59.166667	-0.015915	613600.000000
59.270833	-0.013180	613800.000000
59.375000	-0.011881	614000.000000
59.479167	-0.012933	614200.000000
59.583333	-0.015845	614400.000000
59.687500	-0.020753	614600.000000
59.791667	-0.028025	614800.000000
59.895833	-0.035683	615000.000000
60.000000	-0.040240	615200.000000
60.104167	-0.038437	615400.000000
60.208333	-0.030276	615600.000000
60.312500	-0.020169	615800.000000
60.416667	-0.013148	616000.000000
60.520833	-0.012294	616200.000000
60.625000	-0.016018	616400.000000
60.729167	-0.020799	616600.000000
60.833333	-0.023439	616800.000000
60.937500	-0.022725	617000.000000
61.041667	-0.019961	617200.000000
61.145833	-0.016380	617400.000000
61.250000	-0.013361	617600.000000
61.354167	-0.011049	617800.000000
61.458333	-0.010155	618000.000000
61.562500	-0.010853	618200.000000
61.666667	-0.013123	618400.000000
61.770833	-0.016967	618600.000000
61.875000	-0.021624	618800.000000
61.979167	-0.026047	619000.000000
62.083333	-0.028461	619200.000000
62.187500	-0.028054	619400.000000
62.291667	-0.025208	619600.000000
62.395833	-0.020865	619800.000000
62.500000	-0.015828	620000.000000
62.604167	-0.011707	620200.000000
62.708333	-0.009941	620400.000000
62.812500	-0.010217	620600.000000
62.916667	-0.011736	620800.000000
63.020833	-0.013243	621000.000000
63.125000	-0.013244	621200.000000
63.229167	-0.011923	621400.000000
63.333333	-0.011246	621600.000000
63.437500	-0.013520	621800.000000
63.541667	-0.018995	622000.000000
63.645833	-0.026291	622200.000000
63.750000	-0.031253	622400.000000
63.854167	-0.030912	622600.000000
63.958333	-0.025421	622800.000000
64.062500	-0.017313	623000.000000
64.166667	-0.008726	623200.000000
64.270833	-0.002460	623400.000000
64.375000	-0.000685	623600.000000
64.479167	-0.003076	623800.000000
64.583333	-0.008029	624000.000000
64.687500	-0.014132	624200.000000
64.791667	-0.018588	624400.000000
64.895833	-0.021181	624600.000000
65.000000	-0.022338	624800.000000
65.104167	-0.023119	625000.000000
65.208333	-0.025295	625200.000000
65.312500	-0.028804	625400.000000
65.416667	-0.032689	625600.000000
65.520833	-0.035310	625800.000000
65.625000	-0.035084	626000.000000
65.729167	-0.031624	626200.000000
65.833333	-0.026507	626400.000000
65.937500	-0.021672	626600.000000
66.041667	-0.019843	626800.000000
66.145833	-0.022472	627000.000000
66.250000	-0.026978	627200.000000
66.354167	-0.030109	627400.000000
66.458333	-0.028329	627600.000000
66.562500	-0.021582	627800.000000
66.666667	-0.013294	628000.000000
66.770833	-0.008658	628200.000000
66.875000	-0.010363	628400.000000
66.979167	-0.017557	628600.000000
67.083333	-0.026838	628800.000000
67.187500	-0.033931	629000.000000
67.291667	-0.036112	629200.000000
67.395833	-0.033333	629400.000000
67.500000	-0.028550	629600.000000
67.604167	-0.023808	629800.000000
67.708333	-0.021599	630000.000000
67.812500	-0.021876	630200.000000
67.916667	-0.023781	630400.000000
68.020833	-0.024857	630600.000000
68.125000	-0.023067	630800.000000
68.229167	-0.017651	631000.000000
68.333333	-0.011256	631200.000000
68.437500	-0.006853	631400.000000
68.541667	-0.007922	631600.000000
68.645833	-0.014409	631800.000000
68.750000	-0.023021	632000.000000
68.854167	-0.030624	632200.000000
68.958333	-0.034330	632400.000000
69.062500	-0.033787	632600.000000
69.166667	-0.030720	632800.000000
69.270833	-0.025972	633000.000000
69.375000	-0.021216	633200.000000
69.479167	-0.015975	633400.000000
69.583333	-0.010607	633600.000000
69.687500	-0.006509	633800.000000
69.791667	-0.005019	634000.000000
69.895833	-0.005498	634200.000000
70.000000	-0.007394	634400.000000
70.104167	-0.009886	634600.000000
70.208333	-0.012234	634800.000000
70.312500	-0.014833	635000.000000
70.416667	-0.017014	635200.000000
70.520833	-0.018705	635400.000000
70.625000	-0.020058	635600.000000
70.729167	-0.020750	635800.000000
70.833333	-0.022235	636000.000000
70.937500	-0.025578	636200.000000
71.041667	-0.030207	636400.000000
71.145833	-0.034842	636600.000000
71.250000	-0.037146	636800.000000
71.354167	-0.036086	637000.000000
71.458333	-0.033082	637200.000000
71.562500	-0.030097	637400.000000
71.666667	-0.029561	637600.000000
71.770833	-0.031975	637800.000000
71.875000	-0.035792	638000.000000
71.979167	-0.039267	638200.000000
72.083333	-0.040093	638400.000000
72.187500	-0.037979	638600.000000
72.291667	-0.033885	638800.000000
72.395833	-0.029490	639000.000000
72.500000	-0.027005	639200.000000
72.604167	-0.027961	639400.000000
72.708333	-0.031625	639600.000000
72.812500	-0.035735	639800.000000
72.916667	-0.037676	640000.000000
73.020833	-0.035141	640200.000000
73.125000	-0.027859	640400.000000
73.229167	-0.018227	640600.000000
73.333333	-0.009873	640800.000000
73.437500	-0.005999	641000.000000
73.541667	-0.005727	641200.000000
73.645833	-0.008153	641400.000000
73.750000	-0.011149	641600.000000
73.854167	-0.012768	641800.000000
73.958333	-0.013343	642000.000000
74.062500	-0.013705	642200.000000
74.166667	-0.015246	642400.000000
74.270833	-0.018821	642600.000000
74.375000	-0.024334	642800.000000
74.479167	-0.029023	643000.000000
74.583333	-0.030972	643200.000000
74.687500	-0.028735	643400.000000
74.791667	-0.023307	643600.000000
74.895833	-0.016722	643800.000000
75.000000	-0.012843	644000.000000
75.104167	-0.012836	644200.000000
75.208333	-0.016780	644400.000000
75.312500	-0.022081	644600.000000
75.416667	-0.026154	644800.000000
75.520833	-0.026844	645000.000000
75.625000	-0.024499	645200.000000
75.729167	-0.020775	645400.000000
75.833333	-0.018194	645600.000000
75.937500	-0.017974	645800.000000
76.041667	-0.020705	646000.000000
76.145833	-0.024609	646200.000000
76.250000	-0.027232	646400.000000
76.354167	-0.026433	646600.000000
76.458333	-0.021580	646800.000000
76.562500	-0.014817	647000.000000
76.666667	-0.009548	647200.000000
76.770833	-0.009180	647400.000000
76.875000	-0.013003	647600.000000
76.979167	-0.019269	647800.000000
77.083333	-0.024308	648000.000000
77.187500	-0.025920	648200.000000
77.291667	-0.024081	648400.000000
77.395833	-0.020427	648600.000000
77.500000	-0.017127	648800.000000
77.604167	-0.016633	649000.000000
77.708333	-0.019286	649200.000000
77.812500	-0.024793	649400.000000
77.916667	-0.031341	649600.000000
78.020833	-0.036856	649800.000000
78.125000	-0.039822	650000.000000
78.229167	-0.038843	650200.000000
78.333333	-0.035067	650400.000000
78.437500	-0.030293	650600.000000
78.541667	-0.026224	650800.000000
78.645833	-0.023651	651000.000000
78.750000	-0.021807	651200.000000
78.854167	-0.020259	651400.000000
78.958333	-0.019434	651600.000000
79.062500	-0.019600	651800.000000
79.166667	-0.020616	652000.000000
79.270833	-0.022298	652200.000000
79.375000	-0.024990	652400.000000
79.479167	-0.027485	652600.000000
79.583333	-0.029484	652800.000000
79.687500	-0.030657	653000.000000
79.791667	-0.031054	653200.000000
79.895833	-0.030970	653400.000000
80.000000	-0.030765	653600.000000
80.104167	-0.029662	653800.000000
80.208333	-0.028070	654000.000000
80.312500	-0.025985	654200.000000
80.416667	-0.023797	654400.000000
80.520833	-0.021531	654600.000000
80.625000	-0.020450	654800.000000
80.729167	-0.020443	655000.000000
80.833333	-0.021201	655200.000000
80.937500	-0.022429	655400.000000
81.041667	-0.022976	655600.000000
81.145833	-0.023430	655800.000000
81.250000	-0.023786	656000.000000
81.354167	-0.023794	656200.000000
81.458333	-0.023060	656400.000000
81.562500	-0.021993	656600.000000
81.666667	-0.021188	656800.000000
81.770833	-0.021573	657000.000000
81.875000	-0.022483	657200.000000
81.979167	-0.023212	657400.000000
82.083333	-0.023461	657600.000000
82.187500	-0.022542	657800.000000
82.291667	-0.021170	658000.000000
82.395833	-0.019911	658200.000000
82.500000	-0.018320	658400.000000
82.604167	-0.016397	658600.000000
82.708333	-0.014048	658800.000000
82.812500	-0.011781	659000.000000
82.916667	-0.010907	659200.000000
83.020833	-0.012491	659400.000000
83.125000	-0.015855	659600.000000
83.229167	-0.019631	659800.000000
83.333333	-0.022913	660000.000000
83.437500	-0.024199	660200.000000
83.541667	-0.024143	660400.000000
83.645833	-0.022824	660600.000000
83.750000	-0.020050	660800.000000
83.854167	-0.016705	661000.000000
83.958333	-0.013580	661200.000000
84.062500	-0.011500	661400.000000
84.166667	-0.012001	661600.000000
84.270833	-0.013644	661800.000000
84.375000	-0.015138	662000.000000
84.479167	-0.014906	662200.000000
84.583333	-0.014316	662400.000000
84.687500	-0.013910	662600.000000
84.791667	-0.015402	662800.000000
84.895833	-0.018880	663000.000000
85.000000	-0.023348	663200.000000
85.104167	-0.026671	663400.000000
85.208333	-0.027423	663600.000000
85.312500	-0.025967	663800.000000
85.416667	-0.023156	664000.000000
85.520833	-0.019594	664200.000000
85.625000	-0.016378	664400.000000
85.729167	-0.014679	664600.000000
85.833333	-0.014835	664800.000000
85.937500	-0.016845	665000.000000
86.041667	-0.019649	665200.000000
86.145833	-0.021747	665400.000000
86.250000	-0.022272	665600.000000
86.354167	-0.021215	665800.000000
86.458333	-0.020220	666000.000000
86.562500	-0.019868	666200.000000
86.666667	-0.020601	666400.000000
86.770833	-0.021760	666600.000000
86.875000	-0.023120	666800.000000
86.979167	-0.023847	667000.000000
87.083333	-0.024095	667200.000000
87.187500	-0.024387	667400.000000
87.291667	-0.024860	667600.000000
87.395833	-0.025285	667800.000000
87.500000	-0.024807	668000.000000
87.604167	-0.023207	668200.000000
87.708333	-0.020685	668400.000000
87.812500	-0.018517	668600.000000
87.916667	-0.016802	668800.000000
88.020833	-0.015730	669000.000000
88.125000	-0.015529	669200.000000
88.229167	-0.016203	669400.000000
88.333333	-0.017136	669600.000000
88.437500	-0.019462	669800.000000
88.541667	-0.021830	670000.000000
88.645833	-0.023852	670200.000000
88.750000	-0.025500	670400.000000
88.854167	-0.026269	670600.000000
88.958333	-0.026337	670800.000000
89.062500	-0.025799	671000.000000
89.166667	-0.024998	671200.000000
89.270833	-0.023460	671400.000000
89.375000	-0.021508	671600.000000
89.479167	-0.019073	671800.000000
89.583333	-0.017065	672000.000000
89.687500	-0.015982	672200.000000
89.791667	-0.015993	672400.000000
89.895833	-0.017138	672600.000000
90.000000	-0.019380	672800.000000
90.104167	-0.022007	673000.000000
90.208333	-0.024749	673200.000000
90.312500	-0.027075	673400.000000
90.416667	-0.028389	673600.000000
90.520833	-0.028693	673800.000000
90.625000	-0.027752	674000.000000
90.729167	-0.025927	674200.000000
90.833333	-0.024013	674400.000000
90.937500	-0.022704	674600.000000
91.041667	-0.022044	674800.000000
91.145833	-0.022394	675000.000000
91.250000	-0.023366	675200.000000
91.354167	-0.024537	675400.000000
91.458333	-0.025416	675600.000000
91.562500	-0.025560	675800.000000
91.666667	-0.024558	676000.000000
91.770833	-0.022958	676200.000000
91.875000	-0.021612	676400.000000
91.979167	-0.020935	676600.000000
92.083333	-0.021360	676800.000000
92.187500	-0.023005	677000.000000
92.291667	-0.024823	677200.000000
92.395833	-0.026104	677400.000000
92.500000	-0.026455	677600.000000
92.604167	-0.025330	677800.000000
92.708333	-0.023478	678000.000000
92.812500	-0.021598	678200.000000
92.916667	-0.019910	678400.000000
93.020833	-0.019028	678600.000000
93.125000	-0.018979	678800.000000
93.229167	-0.019520	679000.000000
93.333333	-0.019948	679200.000000
93.437500	-0.019488	679400.000000
93.541667	-0.018859	679600.000000
93.645833	-0.018427	679800.000000
93.750000	-0.018533	680000.000000
93.854167	-0.020063	680200.000000
93.958333	-0.022618	680400.000000
94.062500	-0.026061	680600.000000
94.166667	-0.029297	680800.000000
94.270833	-0.031381	681000.000000
94.375000	-0.031339	681200.000000
94.479167	-0.029363	681400.000000
94.583333	-0.025267	681600.000000
94.687500	-0.020660	681800.000000
94.791667	-0.017791	682000.000000
94.895833	-0.016940	682200.000000
95.000000	-0.018037	682400.000000
95.104167	-0.020224	682600.000000
95.208333	-0.022163	682800.000000
95.312500	-0.022906	683000.000000
95.416667	-0.023329	683200.000000
95.520833	-0.023357	683400.000000
95.625000	-0.024165	683600.000000
95.729167	-0.024979	683800.000000
95.833333	-0.025743	684000.000000
95.937500	-0.026349	684200.000000
96.041667	-0.026232	684400.000000
96.145833	-0.025475	684600.000000
96.250000	-0.024132	684800.000000
96.354167	-0.023128	685000.000000
96.458333	-0.021511	685200.000000
96.562500	-0.021092	685400.000000
96.666667	-0.021251	685600.000000
96.770833	-0.021399	685800.000000
96.875000	-0.021317	686000.000000
96.979167	-0.020862	686200.000000
97.083333	-0.019647	686400.000000
97.187500	-0.018382	686600.000000
97.291667	-0.017372	686800.000000
97.395833	-0.017405	687000.000000
97.500000	-0.017952	687200.000000
97.604167	-0.019379	687400.000000
97.708333	-0.021135	687600.000000
97.812500	-0.023056	687800.000000
97.916667	-0.024012	688000.000000
98.020833	-0.024474	688200.000000
98.125000	-0.024356	688400.000000
98.229167	-0.023466	688600.000000
98.333333	-0.022741	688800.000000
98.437500	-0.022972	689000.000000
98.541667	-0.023684	689200.000000
98.645833	-0.024330	689400.000000
98.750000	-0.023694	689600.000000
98.854167	-0.022303	689800.000000
98.958333	-0.020110	690000.000000
99.062500	-0.018750	690200.000000
99.166667	-0.019533	690400.000000
99.270833	-0.022195	690600.000000
99.375000	-0.025917	690800.000000
99.479167	-0.028904	691000.000000
99.583333	-0.030051	691200.000000
99.687500	-0.028815	691400.000000
99.791667	-0.025828	691600.000000
99.895833	-0.022210	691800.000000
100.000000	-0.019366	692000.000000
100.104167	-0.018289	692200.000000
100.208333	-0.018933	692400.000000
100.312500	-0.020556	692600.000000
100.416667	-0.022278	692800.000000
100.520833	-0.023330	693000.000000
100.625000	-0.022738	693200.000000
100.729167	-0.021373	693400.000000
100.833333	-0.020231	693600.000000
100.937500	-0.019797	693800.000000
101.041667	-0.020473	694000.000000
101.145833	-0.022048	694200.000000
101.250000	-0.023546	694400.000000
101.354167	-0.024137	694600.000000
101.458333	-0.023694	694800.000000
101.562500	-0.022407	695000.000000
101.666667	-0.020820	695200.000000
101.770833	-0.020148	695400.000000
101.875000	-0.020516	695600.000000
101.979167	-0.021807	695800.000000
102.083333	-0.023470	696000.000000
102.187500	-0.024700	696200.000000
102.291667	-0.025387	696400.000000
102.395833	-0.025048	696600.000000
102.500000	-0.023449	696800.000000
102.604167	-0.022153	697000.000000
102.708333	-0.021268	697200.000000
102.812500	-0.021691	697400.000000
102.916667	-0.022924	697600.000000
103.020833	-0.025093	697800.000000
103.125000	-0.026870	698000.000000
103.229167	-0.028197	698200.000000
103.333333	-0.028925	698400.000000
103.437500	-0.029188	698600.000000
103.541667	-0.028935	698800.000000
103.645833	-0.027670	699000.000000
103.750000	-0.025421	699200.000000
103.854167	-0.023054	699400.000000
103.958333	-0.021257	699600.000000
104.062500	-0.020447	699800.000000
104.166667	-0.020843	700000.000000
104.270833	-0.021958	700200.000000
104.375000	-0.022684	700400.000000
104.479167	-0.023437	700600.000000
104.583333	-0.023627	700800.000000
104.687500	-0.023679	701000.000000
104.791667	-0.024205	701200.000000
104.895833	-0.025041	701400.000000
105.000000	-0.025866	701600.000000
105.104167	-0.026046	701800.000000
105.208333	-0.024968	702000.000000
105.312500	-0.022852	702200.000000
105.416667	-0.020609	702400.000000
105.520833	-0.018837	702600.000000
105.625000	-0.018065	702800.000000
105.729167	-0.018320	703000.000000
105.833333	-0.019187	703200.000000
105.937500	-0.020460	703400.000000
106.041667	-0.021502	703600.000000
106.145833	-0.022425	703800.000000
106.250000	-0.023240	704000.000000
106.354167	-0.022845	704200.000000
106.458333	-0.022543	704400.000000
106.562500	-0.022759	704600.000000
106.666667	-0.023089	704800.000000
106.770833	-0.024109	705000.000000
106.875000	-0.024706	705200.000000
106.979167	-0.024326	705400.000000
107.083333	-0.023132	705600.000000
107.187500	-0.021215	705800.000000
107.291667	-0.019739	706000.000000
107.395833	-0.019261	706200.000000
107.500000	-0.019881	706400.000000
107.604167	-0.020918	706600.000000
107.708333	-0.021948	706800.000000
107.812500	-0.021808	707000.000000
107.916667	-0.020439	707200.000000
108.020833	-0.018302	707400.000000
108.125000	-0.016611	707600.000000
108.229167	-0.016084	707800.000000
108.333333	-0.017778	708000.000000
108.437500	-0.021221	708200.000000
108.541667	-0.025297	708400.000000
108.645833	-0.027630	708600.000000
108.750000	-0.027967	708800.000000
108.854167	-0.025525	709000.000000
108.958333	-0.022503	709200.000000
109.062500	-0.020205	709400.000000
109.166667	-0.019762	709600.000000
109.270833	-0.021452	709800.000000
109.375000	-0.023724	710000.000000
109.479167	-0.025217	710200.000000
109.583333	-0.025572	710400.000000
109.687500	-0.024776	710600.000000
109.791667	-0.023307	710800.000000
109.895833	-0.022537	711000.000000
110.000000	-0.022680	711200.000000
110.104167	-0.023893	711400.000000
110.208333	-0.025792	711600.000000
110.312500	-0.027635	711800.000000
110.416667	-0.028039	712000.000000
110.520833	-0.026531	712200.000000
110.625000	-0.023779	712400.000000
110.729167	-0.020673	712600.000000
110.833333	-0.018280	712800.000000
110.937500	-0.017002	713000.000000
111.041667	-0.017436	713200.000000
111.145833	-0.018864	713400.000000
111.250000	-0.020656	713600.000000
111.354167	-0.022285	713800.000000
111.458333	-0.022865	714000.000000
111.562500	-0.022548	714200.000000
111.666667	-0.021988	714400.000000
111.770833	-0.021525	714600.000000
111.875000	-0.021478	714800.000000
111.979167	-0.022251	715000.000000
112.083333	-0.023397	715200.000000
112.187500	-0.023939	715400.000000
112.291667	-0.024071	715600.000000
112.395833	-0.023468	715800.000000
112.500000	-0.022655	716000.000000
112.604167	-0.022501	716200.000000
112.708333	-0.022589	716400.000000
112.812500	-0.022542	716600.000000
112.916667	-0.022376	716800.000000
113.020833	-0.021745	717000.000000
113.125000	-0.021034	717200.000000
113.229167	-0.020346	717400.000000
113.333333	-0.019810	717600.000000
113.437500	-0.019175	717800.000000
113.541667	-0.019145	718000.000000
113.645833	-0.019183	718200.000000
113.750000	-0.020125	718400.000000
113.854167	-0.021130	718600.000000
113.958333	-0.022080	718800.000000
114.062500	-0.023261	719000.000000
114.166667	-0.023336	719200.000000
114.270833	-0.022702	719400.000000
114.375000	-0.021139	719600.000000
114.479167	-0.019470	719800.000000
114.583333	-0.017877	720000.000000
114.687500	-0.017157	720200.000000
114.791667	-0.017991	720400.000000
114.895833	-0.019181	720600.000000
115.000000	-0.020660	720800.000000
115.104167	-0.021855	721000.000000
115.208333	-0.022165	721200.000000
115.312500	-0.022758	721400.000000
115.416667	-0.023412	721600.000000
115.520833	-0.024381	721800.000000
115.625000	-0.025952	722000.000000
115.729167	-0.026647	722200.000000
115.833333	-0.026400	722400.000000
115.937500	-0.025209	722600.000000
116.041667	-0.023507	722800.000000
116.145833	-0.021366	723000.000000
116.250000	-0.020352	723200.000000
116.354167	-0.020095	723400.000000
116.458333	-0.020258	723600.000000
116.562500	-0.021116	723800.000000
116.666667	-0.021457	724000.000000
116.770833	-0.021731	724200.000000
116.875000	-0.021163	724400.000000
116.979167	-0.019852	724600.000000
117.083333	-0.018240	724800.000000
117.187500	-0.016715	725000.000000
117.291667	-0.016327	725200.000000
117.395833	-0.016666	725400.000000
117.500000	-0.017721	725600.000000
117.604167	-0.018734	725800.000000
117.708333	-0.019647	726000.000000
117.812500	-0.019596	726200.000000
117.916667	-0.019194	726400.000000
118.020833	-0.019324	726600.000000
118.125000	-0.020120	726800.000000
118.229167	-0.022129	727000.000000
118.333333	-0.025158	727200.000000
118.437500	-0.027894	727400.000000
118.541667	-0.029188	727600.000000
118.645833	-0.029153	727800.000000
118.750000	-0.028133	728000.000000
118.854167	-0.026781	728200.000000
118.958333	-0.025938	728400.000000
119.062500	-0.026143	728600.000000
119.166667	-0.027311	728800.000000
119.270833	-0.028665	729000.000000
119.375000	-0.029584	729200.000000
119.479167	-0.029755	729400.000000
119.583333	-0.028919	729600.000000
119.687500	-0.027500	729800.000000
119.791667	-0.025681	730000.000000
119.895833	-0.023752	730200.000000
120.000000	-0.022141	730400.000000
120.104167	-0.020408	730600.000000
120.208333	-0.019249	730800.000000
120.312500	-0.018550	731000.000000
120.416667	-0.019145	731200.000000
120.520833	-0.020285	731400.000000
120.625000	-0.021870	731600.000000
120.729167	-0.023188	731800.000000
120.833333	-0.023491	732000.000000
120.937500	-0.022955	732200.000000
121.041667	-0.022200	732400.000000
121.145833	-0.021920	732600.000000
121.250000	-0.021988	732800.000000
121.354167	-0.022267	733000.000000
121.458333	-0.023279	733200.000000
121.562500	-0.024053	733400.000000
121.666667	-0.024657	733600.000000
121.770833	-0.024716	733800.000000
121.875000	-0.024088	734000.000000
121.979167	-0.023185	734200.000000
122.083333	-0.022514	734400.000000
122.187500	-0.022121	734600.000000
122.291667	-0.021969	734800.000000
122.395833	-0.022122	735000.000000
122.500000	-0.022034	735200.000000
122.604167	-0.021620	735400.000000
122.708333	-0.021146	735600.000000
122.812500	-0.020898	735800.000000
122.916667	-0.020862	736000.000000
123.020833	-0.021657	736200.000000
123.125000	-0.022690	736400.000000
123.229167	-0.023199	736600.000000
123.333333	-0.023126	736800.000000
123.437500	-0.022552	737000.000000
123.541667	-0.021314	737200.000000
123.645833	-0.020022	737400.000000
123.750000	-0.019444	737600.000000
123.854167	-0.019246	737800.000000
123.958333	-0.019900	738000.000000
124.062500	-0.020834	738200.000000
124.166667	-0.021522	738400.000000
124.270833	-0.021779	738600.000000
124.375000	-0.021730	738800.000000
124.479167	-0.021662	739000.000000
124.583333	-0.021638	739200.000000
124.687500	-0.022694	739400.000000
124.791667	-0.024318	739600.000000
124.895833	-0.025552	739800.000000
125.000000	-0.025866	740000.000000
125.104167	-0.024817	740200.000000
125.208333	-0.022969	740400.000000
125.312500	-0.021166	740600.000000
125.416667	-0.020816	740800.000000
125.520833	-0.021487	741000.000000
125.625000	-0.023325	741200.000000
125.729167	-0.025241	741400.000000
125.833333	-0.026903	741600.000000
125.937500	-0.027850	741800.000000
126.041667	-0.027593	742000.000000
126.145833	-0.026839	742200.000000
126.250000	-0.025826	742400.000000
126.354167	-0.025391	742600.000000
126.458333	-0.025871	742800.000000
126.562500	-0.026776	743000.000000
126.666667	-0.027430	743200.000000
126.770833	-0.027772	743400.000000
126.875000	-0.026890	743600.000000
126.979167	-0.025113	743800.000000
127.083333	-0.023516	744000.000000
127.187500	-0.022288	744200.000000
127.291667	-0.021853	744400.000000
127.395833	-0.022633	744600.000000
127.500000	-0.023756	744800.000000
127.604167	-0.024843	745000.000000
127.708333	-0.025188	745200.000000
127.812500	-0.024174	745400.000000
127.916667	-0.022561	745600.000000
128.020833	-0.021353	745800.000000
128.125000	-0.020751	746000.000000
128.229167	-0.021577	746200.000000
128.333333	-0.023138	746400.000000
128.437500	-0.024433	746600.000000
128.541667	-0.024709	746800.000000
128.645833	-0.023843	747000.000000
128.750000	-0.022118	747200.000000
128.854167	-0.020316	747400.000000
128.958333	-0.019262	747600.000000
129.062500	-0.018563	747800.000000
129.166667	-0.019025	748000.000000
129.270833	-0.019476	748200.000000
129.375000	-0.020282	748400.000000
129.479167	-0.021383	748600.000000
129.583333	-0.023078	748800.000000
129.687500	-0.024228	749000.000000
129.791667	-0.025548	749200.000000
129.895833	-0.026546	749400.000000
130.000000	-0.027461	749600.000000
130.104167	-0.028079	749800.000000
130.208333	-0.028484	750000.000000
