0.000000	-0.021959	500000.000000
0.104167	-0.021762	500200.000000
0.208333	-0.021683	500400.000000
0.312500	-0.022072	500600.000000
0.416667	-0.022108	500800.000000
0.520833	-0.022088	501000.000000
0.625000	-0.021955	501200.000000
0.729167	-0.021852	501400.000000
0.833333	-0.021738	501600.000000
0.937500	-0.021904	501800.000000
1.041667	-0.022090	502000.000000
1.145833	-0.021983	502200.000000
1.250000	-0.021913	502400.000000
1.354167	-0.022123	502600.000000
1.458333	-0.022024	502800.000000
1.562500	-0.021873	503000.000000
1.666667	-0.021989	503200.000000
1.770833	-0.021888	503400.000000
1.875000	-0.021981	503600.000000
1.979167	-0.021893	503800.000000
2.083333	-0.021772	504000.000000
2.187500	-0.021935	504200.000000
2.291667	-0.021887	504400.000000
2.395833	-0.022036	504600.000000
2.500000	-0.022138	504800.000000
2.604167	-0.022025	505000.000000
2.708333	-0.022074	505200.000000
2.812500	-0.021983	505400.000000
2.916667	-0.021981	505600.000000
3.020833	-0.021945	505800.000000
3.125000	-0.021964	506000.000000
3.229167	-0.021860	506200.000000
3.333333	-0.021915	506400.000000
3.437500	-0.022078	506600.000000
3.541667	-0.022035	506800.000000
3.645833	-0.022132	507000.000000
3.750000	-0.021941	507200.000000
3.854167	-0.021829	507400.000000
3.958333	-0.022028	507600.000000
4.062500	-0.022031	507800.000000
4.166667	-0.022042	508000.000000
4.270833	-0.022096	508200.000000
4.375000	-0.022112	508400.000000
4.479167	-0.022015	508600.000000
4.583333	-0.021999	508800.000000
4.687500	-0.022074	509000.000000
4.791667	-0.021862	509200.000000
4.895833	-0.022144	509400.000000
5.000000	-0.022153	509600.000000
5.104167	-0.022056	509800.000000
5.208333	-0.021994	510000.000000
5.312500	-0.022047	510200.000000
5.416667	-0.021879	510400.000000
5.520833	-0.021939	510600.000000
5.625000	-0.021935	510800.000000
5.729167	-0.022069	511000.000000
5.833333	-0.022152	511200.000000
5.937500	-0.022023	511400.000000
6.041667	-0.021847	511600.000000
6.145833	-0.022064	511800.000000
6.250000	-0.021960	512000.000000
6.354167	-0.022102	512200.000000
6.458333	-0.022266	512400.000000
6.562500	-0.022108	512600.000000
6.666667	-0.021930	512800.000000
6.770833	-0.021987	513000.000000
6.875000	-0.022103	513200.000000
6.979167	-0.022139	513400.000000
7.083333	-0.022086	513600.000000
7.187500	-0.021949	513800.000000
7.291667	-0.022048	514000.000000
7.395833	-0.022165	514200.000000
7.500000	-0.022080	514400.000000
7.604167	-0.022311	514600.000000
7.708333	-0.022071	514800.000000
7.812500	-0.022058	515000.000000
7.916667	-0.021979	515200.000000
8.020833	-0.022135	515400.000000
8.125000	-0.022058	515600.000000
8.229167	-0.022181	515800.000000
8.333333	-0.022136	516000.000000
8.437500	-0.021955	516200.000000
8.541667	-0.022209	516400.000000
8.645833	-0.022195	516600.000000
8.750000	-0.022217	516800.000000
8.854167	-0.022258	517000.000000
8.958333	-0.022128	517200.000000
9.062500	-0.022006	517400.000000
9.166667	-0.022038	517600.000000
9.270833	-0.022162	517800.000000
9.375000	-0.022154	518000.000000
9.479167	-0.022261	518200.000000
9.583333	-0.021916	518400.000000
9.687500	-0.021952	518600.000000
9.791667	-0.022080	518800.000000
9.895833	-0.021987	519000.000000
10.000000	-0.022081	519200.000000
10.104167	-0.022154	519400.000000
10.208333	-0.021916	519600.000000
10.312500	-0.022043	519800.000000
10.416667	-0.022186	520000.000000
10.520833	-0.022041	520200.000000
10.625000	-0.021942	520400.000000
10.729167	-0.022196	520600.000000
10.833333	-0.021945	520800.000000
10.937500	-0.022153	521000.000000
11.041667	-0.022197	521200.000000
11.145833	-0.022046	521400.000000
11.250000	-0.022110	521600.000000
11.354167	-0.022368	521800.000000
11.458333	-0.022255	522000.000000
11.562500	-0.022108	522200.000000
11.666667	-0.022151	522400.000000
11.770833	-0.022164	522600.000000
11.875000	-0.022138	522800.000000
11.979167	-0.021994	523000.000000
12.083333	-0.022012	523200.000000
12.187500	-0.022115	523400.000000
12.291667	-0.022070	523600.000000
12.395833	-0.022111	523800.000000
12.500000	-0.022069	524000.000000
12.604167	-0.022160	524200.000000
12.708333	-0.022234	524400.000000
12.812500	-0.022309	524600.000000
12.916667	-0.022134	524800.000000
13.020833	-0.022052	525000.000000
13.125000	-0.022130	525200.000000
13.229167	-0.022199	525400.000000
13.333333	-0.022230	525600.000000
13.437500	-0.022288	525800.000000
13.541667	-0.022247	526000.000000
13.645833	-0.022293	526200.000000
13.750000	-0.022271	526400.000000
13.854167	-0.022219	526600.000000
13.958333	-0.022162	526800.000000
14.062500	-0.022219	527000.000000
14.166667	-0.021926	527200.000000
14.270833	-0.022280	527400.000000
14.375000	-0.022235	527600.000000
14.479167	-0.022129	527800.000000
14.583333	-0.022203	528000.000000
14.687500	-0.022247	528200.000000
14.791667	-0.022216	528400.000000
14.895833	-0.022154	528600.000000
15.000000	-0.022270	528800.000000
15.104167	-0.022170	529000.000000
15.208333	-0.022157	529200.000000
15.312500	-0.022297	529400.000000
15.416667	-0.022235	529600.000000
15.520833	-0.022144	529800.000000
15.625000	-0.022285	530000.000000
15.729167	-0.022274	530200.000000
15.833333	-0.022216	530400.000000
15.937500	-0.022176	530600.000000
16.041667	-0.022239	530800.000000
16.145833	-0.021922	531000.000000
16.250000	-0.022293	531200.000000
16.354167	-0.022188	531400.000000
16.458333	-0.022287	531600.000000
16.562500	-0.022137	531800.000000
16.666667	-0.022066	532000.000000
16.770833	-0.022218	532200.000000
16.875000	-0.022354	532400.000000
16.979167	-0.022420	532600.000000
17.083333	-0.022280	532800.000000
17.187500	-0.022200	533000.000000
17.291667	-0.022223	533200.000000
17.395833	-0.022510	533400.000000
17.500000	-0.022185	533600.000000
17.604167	-0.022174	533800.000000
17.708333	-0.022394	534000.000000
17.812500	-0.022204	534200.000000
17.916667	-0.022263	534400.000000
18.020833	-0.022178	534600.000000
18.125000	-0.022200	534800.000000
18.229167	-0.022358	535000.000000
18.333333	-0.022132	535200.000000
18.437500	-0.022171	535400.000000
18.541667	-0.022271	535600.000000
18.645833	-0.022360	535800.000000
18.750000	-0.022293	536000.000000
18.854167	-0.022375	536200.000000
18.958333	-0.022381	536400.000000
19.062500	-0.022482	536600.000000
19.166667	-0.022399	536800.000000
19.270833	-0.022397	537000.000000
19.375000	-0.022351	537200.000000
19.479167	-0.022532	537400.000000
19.583333	-0.022402	537600.000000
19.687500	-0.022377	537800.000000
19.791667	-0.022515	538000.000000
19.895833	-0.022392	538200.000000
20.000000	-0.022480	538400.000000
20.104167	-0.022377	538600.000000
20.208333	-0.022544	538800.000000
20.312500	-0.022304	539000.000000
20.416667	-0.022208	539200.000000
20.520833	-0.022374	539400.000000
20.625000	-0.022499	539600.000000
20.729167	-0.022588	539800.000000
20.833333	-0.022539	540000.000000
20.937500	-0.022704	540200.000000
21.041667	-0.022649	540400.000000
21.145833	-0.022480	540600.000000
21.250000	-0.022435	540800.000000
21.354167	-0.022555	541000.000000
21.458333	-0.022459	541200.000000
21.562500	-0.022701	541400.000000
21.666667	-0.022378	541600.000000
21.770833	-0.022171	541800.000000
21.875000	-0.022059	542000.000000
21.979167	-0.021865	542200.000000
22.083333	-0.021060	542400.000000
22.187500	-0.019712	542600.000000
22.291667	-0.018121	542800.000000
22.395833	-0.016070	543000.000000
22.500000	-0.015740	543200.000000
22.604167	-0.017607	543400.000000
22.708333	-0.021764	543600.000000
22.812500	-0.026546	543800.000000
22.916667	-0.030147	544000.000000
23.020833	-0.031383	544200.000000
23.125000	-0.029997	544400.000000
23.229167	-0.026858	544600.000000
23.333333	-0.023994	544800.000000
23.437500	-0.022305	545000.000000
23.541667	-0.021718	545200.000000
23.645833	-0.021623	545400.000000
23.750000	-0.021656	545600.000000
23.854167	-0.021499	545800.000000
23.958333	-0.021565	546000.000000
24.062500	-0.022049	546200.000000
24.166667	-0.022616	546400.000000
24.270833	-0.023228	546600.000000
24.375000	-0.023109	546800.000000
24.479167	-0.021846	547000.000000
24.583333	-0.020745	547200.000000
24.687500	-0.020133	547400.000000
24.791667	-0.020489	547600.000000
24.895833	-0.021413	547800.000000
25.000000	-0.022492	548000.000000
25.104167	-0.023074	548200.000000
25.208333	-0.023051	548400.000000
25.312500	-0.022707	548600.000000
25.416667	-0.022125	548800.000000
25.520833	-0.021787	549000.000000
25.625000	-0.021843	549200.000000
25.729167	-0.021775	549400.000000
25.833333	-0.022087	549600.000000
25.937500	-0.022673	549800.000000
26.041667	-0.023032	550000.000000
26.145833	-0.023188	550200.000000
26.250000	-0.022813	550400.000000
26.354167	-0.021902	550600.000000
26.458333	-0.021592	550800.000000
26.562500	-0.021781	551000.000000
26.666667	-0.022040	551200.000000
26.770833	-0.022659	551400.000000
26.875000	-0.022926	551600.000000
26.979167	-0.022603	551800.000000
27.083333	-0.022159	552000.000000
27.187500	-0.021888	552200.000000
27.291667	-0.022084	552400.000000
27.395833	-0.022739	552600.000000
27.500000	-0.023131	552800.000000
27.604167	-0.023215	553000.000000
27.708333	-0.023026	553200.000000
27.812500	-0.022904	553400.000000
27.916667	-0.022548	553600.000000
28.020833	-0.022560	553800.000000
28.125000	-0.022255	554000.000000
28.229167	-0.022071	554200.000000
28.333333	-0.022252	554400.000000
28.437500	-0.022064	554600.000000
28.541667	-0.021961	554800.000000
28.645833	-0.022269	555000.000000
28.750000	-0.022574	555200.000000
28.854167	-0.022782	555400.000000
28.958333	-0.022891	555600.000000
29.062500	-0.022847	555800.000000
29.166667	-0.022598	556000.000000
29.270833	-0.022365	556200.000000
29.375000	-0.022222	556400.000000
29.479167	-0.022293	556600.000000
29.583333	-0.022624	556800.000000
29.687500	-0.022722	557000.000000
29.791667	-0.022632	557200.000000
29.895833	-0.022475	557400.000000
30.000000	-0.022221	557600.000000
30.104167	-0.022307	557800.000000
30.208333	-0.022282	558000.000000
30.312500	-0.022115	558200.000000
30.416667	-0.022267	558400.000000
30.520833	-0.022530	558600.000000
30.625000	-0.022496	558800.000000
30.729167	-0.022628	559000.000000
30.833333	-0.022679	559200.000000
30.937500	-0.022633	559400.000000
31.041667	-0.022714	559600.000000
31.145833	-0.022595	559800.000000
31.250000	-0.022537	560000.000000
31.354167	-0.022648	560200.000000
31.458333	-0.022522	560400.000000
31.562500	-0.022721	560600.000000
31.666667	-0.023079	560800.000000
31.770833	-0.023046	561000.000000
31.875000	-0.022803	561200.000000
31.979167	-0.022137	561400.000000
32.083333	-0.021749	561600.000000
32.187500	-0.021849	561800.000000
32.291667	-0.021991	562000.000000
32.395833	-0.022271	562200.000000
32.500000	-0.022835	562400.000000
32.604167	-0.023080	562600.000000
32.708333	-0.022948	562800.000000
32.812500	-0.022591	563000.000000
32.916667	-0.022573	563200.000000
33.020833	-0.022436	563400.000000
33.125000	-0.022422	563600.000000
33.229167	-0.022528	563800.000000
33.333333	-0.022278	564000.000000
33.437500	-0.022562	564200.000000
33.541667	-0.022712	564400.000000
33.645833	-0.022460	564600.000000
33.750000	-0.022508	564800.000000
33.854167	-0.022504	565000.000000
33.958333	-0.022220	565200.000000
34.062500	-0.022119	565400.000000
34.166667	-0.022369	565600.000000
34.270833	-0.022487	565800.000000
34.375000	-0.022716	566000.000000
34.479167	-0.023077	566200.000000
34.583333	-0.023128	566400.000000
34.687500	-0.022912	566600.000000
34.791667	-0.022581	566800.000000
34.895833	-0.022028	567000.000000
35.000000	-0.021997	567200.000000
35.104167	-0.022151	567400.000000
35.208333	-0.022528	567600.000000
35.312500	-0.022992	567800.000000
35.416667	-0.023075	568000.000000
35.520833	-0.022644	568200.000000
35.625000	-0.022376	568400.000000
35.729167	-0.021985	568600.000000
35.833333	-0.022092	568800.000000
35.937500	-0.022403	569000.000000
36.041667	-0.022650	569200.000000
36.145833	-0.022895	569400.000000
36.250000	-0.023048	569600.000000
36.354167	-0.022792	569800.000000
36.458333	-0.022624	570000.000000
36.562500	-0.022329	570200.000000
36.666667	-0.022297	570400.000000
36.770833	-0.022458	570600.000000
36.875000	-0.022674	570800.000000
36.979167	-0.022904	571000.000000
37.083333	-0.023040	571200.000000
37.187500	-0.023020	571400.000000
37.291667	-0.022650	571600.000000
37.395833	-0.022242	571800.000000
37.500000	-0.021985	572000.000000
37.604167	-0.021900	572200.000000
37.708333	-0.022385	572400.000000
37.812500	-0.022598	572600.000000
37.916667	-0.022868	572800.000000
38.020833	-0.023160	573000.000000
38.125000	-0.023238	573200.000000
38.229167	-0.022919	573400.000000
38.333333	-0.022657	573600.000000
38.437500	-0.022256	573800.000000
38.541667	-0.022320	574000.000000
38.645833	-0.022479	574200.000000
38.750000	-0.022900	574400.000000
38.854167	-0.023213	574600.000000
38.958333	-0.022846	574800.000000
39.062500	-0.022324	575000.000000
39.166667	-0.021950	575200.000000
39.270833	-0.021841	575400.000000
39.375000	-0.021892	575600.000000
39.479167	-0.022430	575800.000000
39.583333	-0.022860	576000.000000
39.687500	-0.023077	576200.000000
39.791667	-0.022977	576400.000000
39.895833	-0.022912	576600.000000
40.000000	-0.022390	576800.000000
40.104167	-0.022174	577000.000000
40.208333	-0.022297	577200.000000
40.312500	-0.022479	577400.000000
40.416667	-0.022564	577600.000000
40.520833	-0.022762	577800.000000
40.625000	-0.022626	578000.000000
40.729167	-0.022685	578200.000000
40.833333	-0.022543	578400.000000
40.937500	-0.022343	578600.000000
41.041667	-0.022351	578800.000000
41.145833	-0.022238	579000.000000
41.250000	-0.022196	579200.000000
41.354167	-0.022192	579400.000000
41.458333	-0.022654	579600.000000
41.562500	-0.022822	579800.000000
41.666667	-0.022730	580000.000000
41.770833	-0.022624	580200.000000
41.875000	-0.022467	580400.000000
41.979167	-0.022523	580600.000000
42.083333	-0.022484	580800.000000
42.187500	-0.022545	581000.000000
42.291667	-0.022886	581200.000000
42.395833	-0.022796	581400.000000
42.500000	-0.022688	581600.000000
42.604167	-0.022496	581800.000000
42.708333	-0.022295	582000.000000
42.812500	-0.022250	582200.000000
42.916667	-0.022362	582400.000000
43.020833	-0.022519	582600.000000
43.125000	-0.022645	582800.000000
43.229167	-0.022593	583000.000000
43.333333	-0.022475	583200.000000
43.437500	-0.022471	583400.000000
43.541667	-0.022578	583600.000000
43.645833	-0.022558	583800.000000
43.750000	-0.022908	584000.000000
43.854167	-0.022919	584200.000000
43.958333	-0.022634	584400.000000
44.062500	-0.022411	584600.000000
44.166667	-0.022261	584800.000000
44.270833	-0.022226	585000.000000
44.375000	-0.022316	585200.000000
44.479167	-0.022487	585400.000000
44.583333	-0.022456	585600.000000
44.687500	-0.022657	585800.000000
44.791667	-0.022479	586000.000000
44.895833	-0.022445	586200.000000
45.000000	-0.022490	586400.000000
45.104167	-0.022686	586600.000000
45.208333	-0.022596	586800.000000
45.312500	-0.022559	587000.000000
45.416667	-0.022633	587200.000000
45.520833	-0.022514	587400.000000
45.625000	-0.022553	587600.000000
45.729167	-0.022532	587800.000000
45.833333	-0.022676	588000.000000
45.937500	-0.022956	588200.000000
46.041667	-0.022314	588400.000000
46.145833	-0.022375	588600.000000
46.250000	-0.022465	588800.000000
46.354167	-0.022510	589000.000000
46.458333	-0.022370	589200.000000
46.562500	-0.022788	589400.000000
46.666667	-0.022598	589600.000000
46.770833	-0.022641	589800.000000
46.875000	-0.022400	590000.000000
46.979167	-0.022264	590200.000000
47.083333	-0.022489	590400.000000
47.187500	-0.022588	590600.000000
47.291667	-0.022549	590800.000000
47.395833	-0.022790	591000.000000
47.500000	-0.022954	591200.000000
47.604167	-0.022797	591400.000000
47.708333	-0.022635	591600.000000
47.812500	-0.022557	591800.000000
47.916667	-0.022527	592000.000000
48.020833	-0.022495	592200.000000
48.125000	-0.022696	592400.000000
48.229167	-0.022555	592600.000000
48.333333	-0.022676	592800.000000
48.437500	-0.022400	593000.000000
48.541667	-0.022356	593200.000000
48.645833	-0.022560	593400.000000
48.750000	-0.022708	593600.000000
48.854167	-0.022895	593800.000000
48.958333	-0.022921	594000.000000
49.062500	-0.022887	594200.000000
49.166667	-0.022781	594400.000000
49.270833	-0.022837	594600.000000
49.375000	-0.022569	594800.000000
49.479167	-0.022734	595000.000000
49.583333	-0.022689	595200.000000
49.687500	-0.022577	595400.000000
49.791667	-0.022558	595600.000000
49.895833	-0.022834	595800.000000
50.000000	-0.022737	596000.000000
50.104167	-0.022872	596200.000000
50.208333	-0.022734	596400.000000
50.312500	-0.022432	596600.000000
50.416667	-0.022436	596800.000000
50.520833	-0.022578	597000.000000
50.625000	-0.022694	597200.000000
50.729167	-0.022918	597400.000000
50.833333	-0.023073	597600.000000
50.937500	-0.022935	597800.000000
51.041667	-0.022681	598000.000000
51.145833	-0.022497	598200.000000
51.250000	-0.022410	598400.000000
51.354167	-0.022462	598600.000000
51.458333	-0.022730	598800.000000
51.562500	-0.022816	599000.000000
51.666667	-0.022869	599200.000000
51.770833	-0.022829	599400.000000
51.875000	-0.022663	599600.000000
51.979167	-0.022534	599800.000000
52.083333	-0.022500	600000.000000
52.187500	-0.022367	600200.000000
52.291667	-0.022346	600400.000000
52.395833	-0.022653	600600.000000
52.500000	-0.022723	600800.000000
52.604167	-0.022954	601000.000000
52.708333	-0.022796	601200.000000
52.812500	-0.022875	601400.000000
52.916667	-0.022867	601600.000000
53.020833	-0.022983	601800.000000
53.125000	-0.022777	602000.000000
53.229167	-0.022804	602200.000000
53.333333	-0.022438	602400.000000
53.437500	-0.022475	602600.000000
53.541667	-0.022561	602800.000000
53.645833	-0.022647	603000.000000
53.750000	-0.022311	603200.000000
53.854167	-0.022578	603400.000000
53.958333	-0.022682	603600.000000
54.062500	-0.022732	603800.000000
54.166667	-0.022627	604000.000000
54.270833	-0.022540	604200.000000
54.375000	-0.022737	604400.000000
54.479167	-0.022829	604600.000000
54.583333	-0.022674	604800.000000
54.687500	-0.022741	605000.000000
54.791667	-0.022816	605200.000000
54.895833	-0.022464	605400.000000
55.000000	-0.022619	605600.000000
55.104167	-0.022638	605800.000000
55.208333	-0.022600	606000.000000
55.312500	-0.022545	606200.000000
55.416667	-0.022660	606400.000000
55.520833	-0.022804	606600.000000
55.625000	-0.022791	606800.000000
55.729167	-0.022906	607000.000000
55.833333	-0.022876	607200.000000
55.937500	-0.022819	607400.000000
56.041667	-0.022606	607600.000000
56.145833	-0.022527	607800.000000
56.250000	-0.022634	608000.000000
56.354167	-0.022569	608200.000000
56.458333	-0.022771	608400.000000
56.562500	-0.022989	608600.000000
56.666667	-0.022876	608800.000000
56.770833	-0.022778	609000.000000
56.875000	-0.022834	609200.000000
56.979167	-0.022717	609400.000000
57.083333	-0.022617	609600.000000
57.187500	-0.022612	609800.000000
57.291667	-0.022696	610000.000000
57.395833	-0.022798	610200.000000
57.500000	-0.022876	610400.000000
57.604167	-0.022635	610600.000000
57.708333	-0.022706	610800.000000
57.812500	-0.022637	611000.000000
57.916667	-0.022617	611200.000000
58.020833	-0.023056	611400.000000
58.125000	-0.023230	611600.000000
58.229167	-0.023140	611800.000000
58.333333	-0.022942	612000.000000
58.437500	-0.022724	612200.000000
58.541667	-0.022621	612400.000000
58.645833	-0.022673	612600.000000
58.750000	-0.022631	612800.000000
58.854167	-0.022813	613000.000000
58.958333	-0.022807	613200.000000
59.062500	-0.022863	613400.000000
59.166667	-0.022601	613600.000000
59.270833	-0.022691	613800.000000
59.375000	-0.022795	614000.000000
59.479167	-0.022730	614200.000000
59.583333	-0.023064	614400.000000
59.687500	-0.022961	614600.000000
59.791667	-0.023114	614800.000000
59.895833	-0.023016	615000.000000
60.000000	-0.023095	615200.000000
60.104167	-0.022909	615400.000000
60.208333	-0.022796	615600.000000
60.312500	-0.022574	615800.000000
60.416667	-0.022631	616000.000000
60.520833	-0.022622	616200.000000
60.625000	-0.022614	616400.000000
60.729167	-0.022827	616600.000000
60.833333	-0.022987	616800.000000
60.937500	-0.022857	617000.000000
61.041667	-0.022866	617200.000000
61.145833	-0.022775	617400.000000
61.250000	-0.023045	617600.000000
61.354167	-0.023055	617800.000000
61.458333	-0.023023	618000.000000
61.562500	-0.022831	618200.000000
61.666667	-0.023077	618400.000000
61.770833	-0.022880	618600.000000
61.875000	-0.022891	618800.000000
61.979167	-0.023201	619000.000000
62.083333	-0.023111	619200.000000
62.187500	-0.023052	619400.000000
62.291667	-0.022910	619600.000000
62.395833	-0.023048	619800.000000
62.500000	-0.022970	620000.000000
62.604167	-0.023063	620200.000000
62.708333	-0.022900	620400.000000
62.812500	-0.022745	620600.000000
62.916667	-0.022995	620800.000000
63.020833	-0.023115	621000.000000
63.125000	-0.022990	621200.000000
63.229167	-0.023289	621400.000000
63.333333	-0.023014	621600.000000
63.437500	-0.022988	621800.000000
63.541667	-0.022956	622000.000000
63.645833	-0.023175	622200.000000
63.750000	-0.023221	622400.000000
63.854167	-0.023268	622600.000000
63.958333	-0.023042	622800.000000
64.062500	-0.023078	623000.000000
64.166667	-0.022804	623200.000000
64.270833	-0.022883	623400.000000
64.375000	-0.022720	623600.000000
64.479167	-0.022941	623800.000000
64.583333	-0.023075	624000.000000
64.687500	-0.023031	624200.000000
64.791667	-0.023099	624400.000000
64.895833	-0.023137	624600.000000
65.000000	-0.023058	624800.000000
65.104167	-0.023036	625000.000000
65.208333	-0.022998	625200.000000
65.312500	-0.023018	625400.000000
65.416667	-0.023127	625600.000000
65.520833	-0.023166	625800.000000
65.625000	-0.023014	626000.000000
65.729167	-0.023060	626200.000000
65.833333	-0.022960	626400.000000
65.937500	-0.022946	626600.000000
66.041667	-0.022847	626800.000000
66.145833	-0.023005	627000.000000
66.250000	-0.023046	627200.000000
66.354167	-0.023045	627400.000000
66.458333	-0.022965	627600.000000
66.562500	-0.022948	627800.000000
66.666667	-0.022967	628000.000000
66.770833	-0.022874	628200.000000
66.875000	-0.022869	628400.000000
66.979167	-0.022988	628600.000000
67.083333	-0.023268	628800.000000
67.187500	-0.023234	629000.000000
67.291667	-0.023125	629200.000000
67.395833	-0.023052	629400.000000
67.500000	-0.022979	629600.000000
67.604167	-0.022950	629800.000000
67.708333	-0.022763	630000.000000
67.812500	-0.022827	630200.000000
67.916667	-0.022928	630400.000000
68.020833	-0.022883	630600.000000
68.125000	-0.023056	630800.000000
68.229167	-0.022828	631000.000000
68.333333	-0.022913	631200.000000
68.437500	-0.022903	631400.000000
68.541667	-0.023007	631600.000000
68.645833	-0.023127	631800.000000
68.750000	-0.023230	632000.000000
68.854167	-0.023163	632200.000000
68.958333	-0.023004	632400.000000
69.062500	-0.023002	632600.000000
69.166667	-0.022970	632800.000000
69.270833	-0.023012	633000.000000
69.375000	-0.022884	633200.000000
69.479167	-0.023001	633400.000000
69.583333	-0.022892	633600.000000
69.687500	-0.022993	633800.000000
69.791667	-0.022915	634000.000000
69.895833	-0.022867	634200.000000
70.000000	-0.023005	634400.000000
70.104167	-0.023043	634600.000000
70.208333	-0.023224	634800.000000
70.312500	-0.023173	635000.000000
70.416667	-0.023004	635200.000000
70.520833	-0.023059	635400.000000
70.625000	-0.023049	635600.000000
70.729167	-0.022970	635800.000000
70.833333	-0.022931	636000.000000
70.937500	-0.023070	636200.000000
71.041667	-0.023141	636400.000000
71.145833	-0.023000	636600.000000
71.250000	-0.022953	636800.000000
71.354167	-0.023093	637000.000000
71.458333	-0.023114	637200.000000
71.562500	-0.023056	637400.000000
71.666667	-0.023013	637600.000000
71.770833	-0.022976	637800.000000
71.875000	-0.022982	638000.000000
71.979167	-0.023177	638200.000000
72.083333	-0.023240	638400.000000
72.187500	-0.023071	638600.000000
72.291667	-0.022853	638800.000000
72.395833	-0.022908	639000.000000
72.500000	-0.022923	639200.000000
72.604167	-0.023047	639400.000000
72.708333	-0.023158	639600.000000
72.812500	-0.023097	639800.000000
72.916667	-0.023074	640000.000000
73.020833	-0.023113	640200.000000
73.125000	-0.023065	640400.000000
73.229167	-0.022872	640600.000000
73.333333	-0.022902	640800.000000
73.437500	-0.022915	641000.000000
73.541667	-0.022859	641200.000000
73.645833	-0.022947	641400.000000
73.750000	-0.023035	641600.000000
73.854167	-0.022981	641800.000000
73.958333	-0.023153	642000.000000
74.062500	-0.023002	642200.000000
74.166667	-0.023117	642400.000000
74.270833	-0.023197	642600.000000
74.375000	-0.023003	642800.000000
74.479167	-0.023196	643000.000000
74.583333	-0.023297	643200.000000
74.687500	-0.023108	643400.000000
74.791667	-0.022831	643600.000000
74.895833	-0.022649	643800.000000
75.000000	-0.022762	644000.000000
75.104167	-0.022972	644200.000000
75.208333	-0.023116	644400.000000
75.312500	-0.023308	644600.000000
75.416667	-0.023400	644800.000000
75.520833	-0.023124	645000.000000
75.625000	-0.022779	645200.000000
75.729167	-0.022965	645400.000000
75.833333	-0.022982	645600.000000
75.937500	-0.022886	645800.000000
76.041667	-0.023059	646000.000000
76.145833	-0.023108	646200.000000
76.250000	-0.023031	646400.000000
76.354167	-0.023101	646600.000000
76.458333	-0.022910	646800.000000
76.562500	-0.023010	647000.000000
76.666667	-0.022927	647200.000000
76.770833	-0.023075	647400.000000
76.875000	-0.023046	647600.000000
76.979167	-0.023164	647800.000000
77.083333	-0.023261	648000.000000
77.187500	-0.023199	648200.000000
77.291667	-0.023311	648400.000000
77.395833	-0.023107	648600.000000
77.500000	-0.023056	648800.000000
77.604167	-0.023228	649000.000000
77.708333	-0.022992	649200.000000
77.812500	-0.023223	649400.000000
77.916667	-0.023171	649600.000000
78.020833	-0.023151	649800.000000
78.125000	-0.023181	650000.000000
78.229167	-0.023081	650200.000000
78.333333	-0.023116	650400.000000
78.437500	-0.022968	650600.000000
78.541667	-0.023025	650800.000000
78.645833	-0.022821	651000.000000
78.750000	-0.023014	651200.000000
78.854167	-0.022960	651400.000000
78.958333	-0.023056	651600.000000
79.062500	-0.023125	651800.000000
79.166667	-0.023027	652000.000000
79.270833	-0.023136	652200.000000
79.375000	-0.023345	652400.000000
79.479167	-0.023102	652600.000000
79.583333	-0.023154	652800.000000
79.687500	-0.023159	653000.000000
79.791667	-0.022970	653200.000000
79.895833	-0.022953	653400.000000
80.000000	-0.022988	653600.000000
80.104167	-0.022956	653800.000000
80.208333	-0.023006	654000.000000
80.312500	-0.022882	654200.000000
80.416667	-0.022796	654400.000000
80.520833	-0.022893	654600.000000
80.625000	-0.023252	654800.000000
80.729167	-0.022932	655000.000000
80.833333	-0.022957	655200.000000
80.937500	-0.023049	655400.000000
81.041667	-0.023052	655600.000000
81.145833	-0.022991	655800.000000
81.250000	-0.022918	656000.000000
81.354167	-0.022833	656200.000000
81.458333	-0.023105	656400.000000
81.562500	-0.023040	656600.000000
81.666667	-0.023026	656800.000000
81.770833	-0.023155	657000.000000
81.875000	-0.023254	657200.000000
81.979167	-0.023052	657400.000000
82.083333	-0.023335	657600.000000
82.187500	-0.023028	657800.000000
82.291667	-0.023050	658000.000000
82.395833	-0.023024	658200.000000
82.500000	-0.023261	658400.000000
82.604167	-0.023048	658600.000000
82.708333	-0.023322	658800.000000
82.812500	-0.023124	659000.000000
82.916667	-0.023037	659200.000000
83.020833	-0.023063	659400.000000
83.125000	-0.023223	659600.000000
83.229167	-0.023139	659800.000000
83.333333	-0.023364	660000.000000
83.437500	-0.023133	660200.000000
83.541667	-0.023153	660400.000000
83.645833	-0.023407	660600.000000
83.750000	-0.023131	660800.000000
83.854167	-0.023048	661000.000000
83.958333	-0.023112	661200.000000
84.062500	-0.022831	661400.000000
84.166667	-0.023119	661600.000000
84.270833	-0.023182	661800.000000
84.375000	-0.023223	662000.000000
84.479167	-0.023237	662200.000000
84.583333	-0.023051	662400.000000
84.687500	-0.023088	662600.000000
84.791667	-0.023197	662800.000000
84.895833	-0.023192	663000.000000
85.000000	-0.023079	663200.000000
85.104167	-0.023225	663400.000000
85.208333	-0.023170	663600.000000
85.312500	-0.023312	663800.000000
85.416667	-0.023015	664000.000000
85.520833	-0.023224	664200.000000
85.625000	-0.023136	664400.000000
85.729167	-0.023109	664600.000000
85.833333	-0.023111	664800.000000
85.937500	-0.022955	665000.000000
86.041667	-0.023289	665200.000000
86.145833	-0.023170	665400.000000
86.250000	-0.023224	665600.000000
86.354167	-0.023097	665800.000000
86.458333	-0.023216	666000.000000
86.562500	-0.023185	666200.000000
86.666667	-0.023218	666400.000000
86.770833	-0.023240	666600.000000
86.875000	-0.023054	666800.000000
86.979167	-0.023265	667000.000000
87.083333	-0.023149	667200.000000
87.187500	-0.023305	667400.000000
87.291667	-0.023216	667600.000000
87.395833	-0.023322	667800.000000
87.500000	-0.023091	668000.000000
87.604167	-0.023110	668200.000000
87.708333	-0.023017	668400.000000
87.812500	-0.023179	668600.000000
87.916667	-0.023138	668800.000000
88.020833	-0.023019	669000.000000
88.125000	-0.023209	669200.000000
88.229167	-0.023336	669400.000000
88.333333	-0.023128	669600.000000
88.437500	-0.023220	669800.000000
88.541667	-0.023229	670000.000000
88.645833	-0.023169	670200.000000
88.750000	-0.023096	670400.000000
88.854167	-0.023186	670600.000000
88.958333	-0.023013	670800.000000
89.062500	-0.023335	671000.000000
89.166667	-0.023115	671200.000000
89.270833	-0.023064	671400.000000
89.375000	-0.023223	671600.000000
89.479167	-0.023139	671800.000000
89.583333	-0.022970	672000.000000
89.687500	-0.023141	672200.000000
89.791667	-0.022959	672400.000000
89.895833	-0.023138	672600.000000
90.000000	-0.023330	672800.000000
90.104167	-0.023214	673000.000000
90.208333	-0.023209	673200.000000
90.312500	-0.023068	673400.000000
90.416667	-0.023173	673600.000000
90.520833	-0.023212	673800.000000
90.625000	-0.023185	674000.000000
90.729167	-0.023217	674200.000000
90.833333	-0.023018	674400.000000
90.937500	-0.023144	674600.000000
91.041667	-0.023159	674800.000000
91.145833	-0.023313	675000.000000
91.250000	-0.023076	675200.000000
91.354167	-0.023320	675400.000000
91.458333	-0.023241	675600.000000
91.562500	-0.023317	675800.000000
91.666667	-0.023107	676000.000000
91.770833	-0.023054	676200.000000
91.875000	-0.022981	676400.000000
91.979167	-0.023254	676600.000000
92.083333	-0.023110	676800.000000
92.187500	-0.023069	677000.000000
92.291667	-0.023224	677200.000000
92.395833	-0.023069	677400.000000
92.500000	-0.023137	677600.000000
92.604167	-0.023042	677800.000000
92.708333	-0.022939	678000.000000
92.812500	-0.023033	678200.000000
92.916667	-0.023236	678400.000000
93.020833	-0.022979	678600.000000
93.125000	-0.023037	678800.000000
93.229167	-0.023136	679000.000000
93.333333	-0.023267	679200.000000
93.437500	-0.023289	679400.000000
93.541667	-0.023192	679600.000000
93.645833	-0.023042	679800.000000
93.750000	-0.023043	680000.000000
93.854167	-0.023051	680200.000000
93.958333	-0.023267	680400.000000
94.062500	-0.023236	680600.000000
94.166667	-0.023336	680800.000000
94.270833	-0.023304	681000.000000
94.375000	-0.023229	681200.000000
94.479167	-0.023195	681400.000000
94.583333	-0.023202	681600.000000
94.687500	-0.023112	681800.000000
94.791667	-0.023043	682000.000000
94.895833	-0.022967	682200.000000
95.000000	-0.023117	682400.000000
95.104167	-0.023252	682600.000000
95.208333	-0.023322	682800.000000
95.312500	-0.023164	683000.000000
95.416667	-0.023060	683200.000000
95.520833	-0.022888	683400.000000
95.625000	-0.023008	683600.000000
95.729167	-0.023201	683800.000000
95.833333	-0.023234	684000.000000
95.937500	-0.023096	684200.000000
96.041667	-0.023095	684400.000000
96.145833	-0.023280	684600.000000
96.250000	-0.023182	684800.000000
96.354167	-0.023110	685000.000000
96.458333	-0.023210	685200.000000
96.562500	-0.022967	685400.000000
96.666667	-0.023243	685600.000000
96.770833	-0.023153	685800.000000
96.875000	-0.023215	686000.000000
96.979167	-0.023270	686200.000000
97.083333	-0.023190	686400.000000
97.187500	-0.023121	686600.000000
97.291667	-0.023205	686800.000000
97.395833	-0.023177	687000.000000
97.500000	-0.023212	687200.000000
97.604167	-0.023308	687400.000000
97.708333	-0.023229	687600.000000
97.812500	-0.023106	687800.000000
97.916667	-0.023073	688000.000000
98.020833	-0.023169	688200.000000
98.125000	-0.023147	688400.000000
98.229167	-0.023093	688600.000000
98.333333	-0.023129	688800.000000
98.437500	-0.023209	689000.000000
98.541667	-0.023048	689200.000000
98.645833	-0.023215	689400.000000
98.750000	-0.023234	689600.000000
98.854167	-0.023199	689800.000000
98.958333	-0.023281	690000.000000
99.062500	-0.023471	690200.000000
99.166667	-0.023069	690400.000000
99.270833	-0.023194	690600.000000
99.375000	-0.023279	690800.000000
99.479167	-0.023227	691000.000000
99.583333	-0.023227	691200.000000
99.687500	-0.023298	691400.000000
99.791667	-0.023083	691600.000000
99.895833	-0.022952	691800.000000
100.000000	-0.023146	692000.000000
100.104167	-0.023220	692200.000000
100.208333	-0.023267	692400.000000
100.312500	-0.023208	692600.000000
100.416667	-0.023395	692800.000000
100.520833	-0.023238	693000.000000
100.625000	-0.023172	693200.000000
100.729167	-0.023013	693400.000000
100.833333	-0.023085	693600.000000
100.937500	-0.023274	693800.000000
101.041667	-0.023254	694000.000000
101.145833	-0.023148	694200.000000
101.250000	-0.023211	694400.000000
101.354167	-0.023237	694600.000000
101.458333	-0.023222	694800.000000
101.562500	-0.023075	695000.000000
101.666667	-0.023186	695200.000000
101.770833	-0.023074	695400.000000
101.875000	-0.023081	695600.000000
101.979167	-0.023229	695800.000000
102.083333	-0.023088	696000.000000
102.187500	-0.023106	696200.000000
102.291667	-0.023074	696400.000000
102.395833	-0.023162	696600.000000
102.500000	-0.023225	696800.000000
102.604167	-0.023254	697000.000000
102.708333	-0.023450	697200.000000
102.812500	-0.023420	697400.000000
102.916667	-0.023206	697600.000000
103.020833	-0.023168	697800.000000
103.125000	-0.023451	698000.000000
103.229167	-0.023222	698200.000000
103.333333	-0.023296	698400.000000
103.437500	-0.023297	698600.000000
103.541667	-0.023247	698800.000000
103.645833	-0.023273	699000.000000
103.750000	-0.023140	699200.000000
103.854167	-0.023254	699400.000000
103.958333	-0.023199	699600.000000
104.062500	-0.023311	699800.000000
104.166667	-0.023310	700000.000000
104.270833	-0.023439	700200.000000
104.375000	-0.023270	700400.000000
104.479167	-0.023250	700600.000000
104.583333	-0.023194	700800.000000
104.687500	-0.023288	701000.000000
104.791667	-0.023205	701200.000000
104.895833	-0.023315	701400.000000
105.000000	-0.023232	701600.000000
105.104167	-0.023118	701800.000000
105.208333	-0.023364	702000.000000
105.312500	-0.023079	702200.000000
105.416667	-0.023127	702400.000000
105.520833	-0.023237	702600.000000
105.625000	-0.023170	702800.000000
105.729167	-0.023069	703000.000000
105.833333	-0.023152	703200.000000
105.937500	-0.023302	703400.000000
106.041667	-0.023206	703600.000000
106.145833	-0.023386	703800.000000
106.250000	-0.023259	704000.000000
106.354167	-0.023427	704200.000000
106.458333	-0.023226	704400.000000
106.562500	-0.023112	704600.000000
106.666667	-0.023185	704800.000000
106.770833	-0.023203	705000.000000
106.875000	-0.023260	705200.000000
106.979167	-0.023273	705400.000000
107.083333	-0.023066	705600.000000
107.187500	-0.022981	705800.000000
107.291667	-0.023154	706000.000000
107.395833	-0.023360	706200.000000
107.500000	-0.023417	706400.000000
107.604167	-0.023380	706600.000000
107.708333	-0.023224	706800.000000
107.812500	-0.023142	707000.000000
107.916667	-0.023395	707200.000000
108.020833	-0.023277	707400.000000
108.125000	-0.023231	707600.000000
108.229167	-0.023257	707800.000000
108.333333	-0.023352	708000.000000
108.437500	-0.023291	708200.000000
108.541667	-0.023626	708400.000000
108.645833	-0.023346	708600.000000
108.750000	-0.023293	708800.000000
108.854167	-0.023245	709000.000000
108.958333	-0.023217	709200.000000
109.062500	-0.023379	709400.000000
109.166667	-0.023391	709600.000000
109.270833	-0.023314	709800.000000
109.375000	-0.023469	710000.000000
109.479167	-0.023395	710200.000000
109.583333	-0.023202	710400.000000
109.687500	-0.023353	710600.000000
109.791667	-0.023063	710800.000000
109.895833	-0.023244	711000.000000
110.000000	-0.023331	711200.000000
110.104167	-0.023458	711400.000000
110.208333	-0.023159	711600.000000
110.312500	-0.023490	711800.000000
110.416667	-0.023432	712000.000000
110.520833	-0.023186	712200.000000
110.625000	-0.023264	712400.000000
110.729167	-0.023331	712600.000000
110.833333	-0.023141	712800.000000
110.937500	-0.023244	713000.000000
111.041667	-0.023226	713200.000000
111.145833	-0.023285	713400.000000
111.250000	-0.023277	713600.000000
111.354167	-0.023282	713800.000000
111.458333	-0.023368	714000.000000
111.562500	-0.023557	714200.000000
111.666667	-0.023231	714400.000000
111.770833	-0.023232	714600.000000
111.875000	-0.023141	714800.000000
111.979167	-0.023336	715000.000000
112.083333	-0.023339	715200.000000
112.187500	-0.023190	715400.000000
112.291667	-0.023168	715600.000000
112.395833	-0.023314	715800.000000
112.500000	-0.023376	716000.000000
112.604167	-0.023143	716200.000000
112.708333	-0.023093	716400.000000
112.812500	-0.023265	716600.000000
112.916667	-0.023248	716800.000000
113.020833	-0.023276	717000.000000
113.125000	-0.023301	717200.000000
113.229167	-0.023362	717400.000000
113.333333	-0.023071	717600.000000
113.437500	-0.023186	717800.000000
113.541667	-0.023147	718000.000000
113.645833	-0.023403	718200.000000
113.750000	-0.023434	718400.000000
113.854167	-0.023352	718600.000000
113.958333	-0.023340	718800.000000
114.062500	-0.023514	719000.000000
114.166667	-0.023697	719200.000000
114.270833	-0.023489	719400.000000
114.375000	-0.023376	719600.000000
114.479167	-0.023123	719800.000000
114.583333	-0.023245	720000.000000
114.687500	-0.023379	720200.000000
114.791667	-0.023142	720400.000000
114.895833	-0.023327	720600.000000
115.000000	-0.023211	720800.000000
115.104167	-0.023057	721000.000000
115.208333	-0.023517	721200.000000
115.312500	-0.023262	721400.000000
115.416667	-0.023253	721600.000000
115.520833	-0.023358	721800.000000
115.625000	-0.023306	722000.000000
115.729167	-0.023202	722200.000000
115.833333	-0.023347	722400.000000
115.937500	-0.023370	722600.000000
116.041667	-0.023330	722800.000000
116.145833	-0.023355	723000.000000
116.250000	-0.023252	723200.000000
116.354167	-0.023506	723400.000000
116.458333	-0.023503	723600.000000
116.562500	-0.023391	723800.000000
116.666667	-0.023374	724000.000000
116.770833	-0.023337	724200.000000
116.875000	-0.023316	724400.000000
116.979167	-0.023497	724600.000000
117.083333	-0.023323	724800.000000
117.187500	-0.023411	725000.000000
117.291667	-0.023560	725200.000000
117.395833	-0.023384	725400.000000
117.500000	-0.023386	725600.000000
117.604167	-0.023477	725800.000000
117.708333	-0.023364	726000.000000
117.812500	-0.023252	726200.000000
117.916667	-0.023437	726400.000000
118.020833	-0.023286	726600.000000
118.125000	-0.023444	726800.000000
118.229167	-0.023439	727000.000000
118.333333	-0.023359	727200.000000
118.437500	-0.023421	727400.000000
118.541667	-0.023416	727600.000000
118.645833	-0.023291	727800.000000
118.750000	-0.023272	728000.000000
118.854167	-0.023287	728200.000000
118.958333	-0.023351	728400.000000
119.062500	-0.023432	728600.000000
119.166667	-0.023436	728800.000000
119.270833	-0.023430	729000.000000
119.375000	-0.023383	729200.000000
119.479167	-0.023466	729400.000000
119.583333	-0.023321	729600.000000
119.687500	-0.023388	729800.000000
119.791667	-0.023334	730000.000000
119.895833	-0.023506	730200.000000
120.000000	-0.023181	730400.000000
120.104167	-0.023277	730600.000000
120.208333	-0.023151	730800.000000
120.312500	-0.023210	731000.000000
120.416667	-0.023484	731200.000000
120.520833	-0.023366	731400.000000
120.625000	-0.023333	731600.000000
120.729167	-0.023395	731800.000000
120.833333	-0.023340	732000.000000
120.937500	-0.023482	732200.000000
121.041667	-0.023347	732400.000000
121.145833	-0.023312	732600.000000
121.250000	-0.023424	732800.000000
121.354167	-0.023312	733000.000000
121.458333	-0.023319	733200.000000
121.562500	-0.023196	733400.000000
121.666667	-0.023367	733600.000000
121.770833	-0.023449	733800.000000
121.875000	-0.023381	734000.000000
121.979167	-0.023477	734200.000000
122.083333	-0.023305	734400.000000
122.187500	-0.023303	734600.000000
122.291667	-0.023285	734800.000000
122.395833	-0.023159	735000.000000
122.500000	-0.023340	735200.000000
122.604167	-0.023449	735400.000000
122.708333	-0.023388	735600.000000
122.812500	-0.023510	735800.000000
122.916667	-0.023365	736000.000000
123.020833	-0.023564	736200.000000
123.125000	-0.023643	736400.000000
123.229167	-0.023347	736600.000000
123.333333	-0.023404	736800.000000
123.437500	-0.023306	737000.000000
123.541667	-0.023330	737200.000000
123.645833	-0.023362	737400.000000
123.750000	-0.023529	737600.000000
123.854167	-0.023405	737800.000000
123.958333	-0.023348	738000.000000
124.062500	-0.023485	738200.000000
124.166667	-0.023468	738400.000000
124.270833	-0.023349	738600.000000
124.375000	-0.023465	738800.000000
124.479167	-0.023483	739000.000000
124.583333	-0.023576	739200.000000
124.687500	-0.023641	739400.000000
124.791667	-0.023476	739600.000000
124.895833	-0.023772	739800.000000
125.000000	-0.023430	740000.000000
125.104167	-0.023284	740200.000000
125.208333	-0.023439	740400.000000
125.312500	-0.023471	740600.000000
125.416667	-0.023506	740800.000000
125.520833	-0.023473	741000.000000
125.625000	-0.023562	741200.000000
125.729167	-0.023485	741400.000000
125.833333	-0.023491	741600.000000
125.937500	-0.023232	741800.000000
126.041667	-0.023421	742000.000000
126.145833	-0.023467	742200.000000
126.250000	-0.023295	742400.000000
126.354167	-0.023393	742600.000000
126.458333	-0.023418	742800.000000
126.562500	-0.023387	743000.000000
126.666667	-0.023502	743200.000000
126.770833	-0.023452	743400.000000
126.875000	-0.023486	743600.000000
126.979167	-0.023461	743800.000000
127.083333	-0.023606	744000.000000
127.187500	-0.023307	744200.000000
127.291667	-0.023299	744400.000000
127.395833	-0.023380	744600.000000
127.500000	-0.023648	744800.000000
127.604167	-0.023347	745000.000000
127.708333	-0.023368	745200.000000
127.812500	-0.023267	745400.000000
127.916667	-0.023270	745600.000000
128.020833	-0.023215	745800.000000
128.125000	-0.023383	746000.000000
128.229167	-0.023401	746200.000000
128.333333	-0.023529	746400.000000
128.437500	-0.023422	746600.000000
128.541667	-0.023661	746800.000000
128.645833	-0.023604	747000.000000
128.750000	-0.023346	747200.000000
128.854167	-0.023550	747400.000000
128.958333	-0.023313	747600.000000
129.062500	-0.023493	747800.000000
129.166667	-0.023518	748000.000000
129.270833	-0.023627	748200.000000
129.375000	-0.023500	748400.000000
129.479167	-0.023617	748600.000000
129.583333	-0.023641	748800.000000
129.687500	-0.023485	749000.000000
129.791667	-0.023490	749200.000000
129.895833	-0.023414	749400.000000
130.000000	-0.023461	749600.000000
130.104167	-0.023514	749800.000000
130.208333	-0.023498	750000.000000
