0.000000	-0.022616	500000.000000
0.104167	-0.022579	500200.000000
0.208333	-0.022718	500400.000000
0.312500	-0.022629	500600.000000
0.416667	-0.022645	500800.000000
0.520833	-0.022517	501000.000000
0.625000	-0.022626	501200.000000
0.729167	-0.022523	501400.000000
0.833333	-0.022509	501600.000000
0.937500	-0.022560	501800.000000
1.041667	-0.022553	502000.000000
1.145833	-0.022470	502200.000000
1.250000	-0.022647	502400.000000
1.354167	-0.022493	502600.000000
1.458333	-0.022657	502800.000000
1.562500	-0.022477	503000.000000
1.666667	-0.022517	503200.000000
1.770833	-0.022533	503400.000000
1.875000	-0.022618	503600.000000
1.979167	-0.022559	503800.000000
2.083333	-0.022634	504000.000000
2.187500	-0.022615	504200.000000
2.291667	-0.022561	504400.000000
2.395833	-0.022550	504600.000000
2.500000	-0.022558	504800.000000
2.604167	-0.022685	505000.000000
2.708333	-0.022577	505200.000000
2.812500	-0.022586	505400.000000
2.916667	-0.022626	505600.000000
3.020833	-0.022719	505800.000000
3.125000	-0.022566	506000.000000
3.229167	-0.022697	506200.000000
3.333333	-0.022628	506400.000000
3.437500	-0.022532	506600.000000
3.541667	-0.022662	506800.000000
3.645833	-0.022557	507000.000000
3.750000	-0.022599	507200.000000
3.854167	-0.022616	507400.000000
3.958333	-0.022551	507600.000000
4.062500	-0.022625	507800.000000
4.166667	-0.022713	508000.000000
4.270833	-0.022604	508200.000000
4.375000	-0.022527	508400.000000
4.479167	-0.022540	508600.000000
4.583333	-0.022390	508800.000000
4.687500	-0.022656	509000.000000
4.791667	-0.022585	509200.000000
4.895833	-0.022535	509400.000000
5.000000	-0.022749	509600.000000
5.104167	-0.022644	509800.000000
5.208333	-0.022479	510000.000000
5.312500	-0.022485	510200.000000
5.416667	-0.022585	510400.000000
5.520833	-0.022613	510600.000000
5.625000	-0.022902	510800.000000
5.729167	-0.022745	511000.000000
5.833333	-0.022651	511200.000000
5.937500	-0.022767	511400.000000
6.041667	-0.022894	511600.000000
6.145833	-0.022872	511800.000000
6.250000	-0.022737	512000.000000
6.354167	-0.022749	512200.000000
6.458333	-0.022651	512400.000000
6.562500	-0.022696	512600.000000
6.666667	-0.022795	512800.000000
6.770833	-0.022707	513000.000000
6.875000	-0.022801	513200.000000
6.979167	-0.022738	513400.000000
7.083333	-0.022764	513600.000000
7.187500	-0.022833	513800.000000
7.291667	-0.022671	514000.000000
7.395833	-0.022727	514200.000000
7.500000	-0.022793	514400.000000
7.604167	-0.022705	514600.000000
7.708333	-0.022712	514800.000000
7.812500	-0.022617	515000.000000
7.916667	-0.022848	515200.000000
8.020833	-0.022866	515400.000000
8.125000	-0.022948	515600.000000
8.229167	-0.022781	515800.000000
8.333333	-0.022838	516000.000000
8.437500	-0.022884	516200.000000
8.541667	-0.022937	516400.000000
8.645833	-0.022879	516600.000000
8.750000	-0.022785	516800.000000
8.854167	-0.022833	517000.000000
8.958333	-0.022873	517200.000000
9.062500	-0.022762	517400.000000
9.166667	-0.022650	517600.000000
9.270833	-0.022760	517800.000000
9.375000	-0.022827	518000.000000
9.479167	-0.022763	518200.000000
9.583333	-0.022821	518400.000000
9.687500	-0.022848	518600.000000
9.791667	-0.022973	518800.000000
9.895833	-0.023008	519000.000000
10.000000	-0.023175	519200.000000
10.104167	-0.022810	519400.000000
10.208333	-0.022775	519600.000000
10.312500	-0.022886	519800.000000
10.416667	-0.022982	520000.000000
10.520833	-0.022683	520200.000000
10.625000	-0.022766	520400.000000
10.729167	-0.022813	520600.000000
10.833333	-0.022945	520800.000000
10.937500	-0.022570	521000.000000
11.041667	-0.022890	521200.000000
11.145833	-0.022913	521400.000000
11.250000	-0.022753	521600.000000
11.354167	-0.022790	521800.000000
11.458333	-0.022760	522000.000000
11.562500	-0.022669	522200.000000
11.666667	-0.022802	522400.000000
11.770833	-0.022672	522600.000000
11.875000	-0.022721	522800.000000
11.979167	-0.022682	523000.000000
12.083333	-0.022725	523200.000000
12.187500	-0.022792	523400.000000
12.291667	-0.022825	523600.000000
12.395833	-0.022756	523800.000000
12.500000	-0.022866	524000.000000
12.604167	-0.022895	524200.000000
12.708333	-0.022880	524400.000000
12.812500	-0.022658	524600.000000
12.916667	-0.022985	524800.000000
13.020833	-0.022943	525000.000000
13.125000	-0.022862	525200.000000
13.229167	-0.023013	525400.000000
13.333333	-0.023009	525600.000000
13.437500	-0.022935	525800.000000
13.541667	-0.023115	526000.000000
13.645833	-0.023116	526200.000000
13.750000	-0.023221	526400.000000
13.854167	-0.023122	526600.000000
13.958333	-0.023125	526800.000000
14.062500	-0.022933	527000.000000
14.166667	-0.023122	527200.000000
14.270833	-0.022987	527400.000000
14.375000	-0.023045	527600.000000
14.479167	-0.023166	527800.000000
14.583333	-0.023115	528000.000000
14.687500	-0.023068	528200.000000
14.791667	-0.023093	528400.000000
14.895833	-0.023056	528600.000000
15.000000	-0.023102	528800.000000
15.104167	-0.023121	529000.000000
15.208333	-0.023139	529200.000000
15.312500	-0.023189	529400.000000
15.416667	-0.023270	529600.000000
15.520833	-0.023156	529800.000000
15.625000	-0.023249	530000.000000
15.729167	-0.023143	530200.000000
15.833333	-0.023082	530400.000000
15.937500	-0.023261	530600.000000
16.041667	-0.023293	530800.000000
16.145833	-0.023177	531000.000000
16.250000	-0.023282	531200.000000
16.354167	-0.023304	531400.000000
16.458333	-0.023377	531600.000000
16.562500	-0.023324	531800.000000
16.666667	-0.023286	532000.000000
16.770833	-0.023218	532200.000000
16.875000	-0.023622	532400.000000
16.979167	-0.023576	532600.000000
17.083333	-0.023633	532800.000000
17.187500	-0.023893	533000.000000
17.291667	-0.023854	533200.000000
17.395833	-0.023949	533400.000000
17.500000	-0.024301	533600.000000
17.604167	-0.024307	533800.000000
17.708333	-0.024377	534000.000000
17.812500	-0.024607	534200.000000
17.916667	-0.024556	534400.000000
18.020833	-0.024876	534600.000000
18.125000	-0.024901	534800.000000
18.229167	-0.024941	535000.000000
18.333333	-0.025220	535200.000000
18.437500	-0.025389	535400.000000
18.541667	-0.025796	535600.000000
18.645833	-0.025875	535800.000000
18.750000	-0.026482	536000.000000
18.854167	-0.026624	536200.000000
18.958333	-0.027202	536400.000000
19.062500	-0.027686	536600.000000
19.166667	-0.027865	536800.000000
19.270833	-0.028577	537000.000000
19.375000	-0.029353	537200.000000
19.479167	-0.030026	537400.000000
19.583333	-0.030716	537600.000000
19.687500	-0.031643	537800.000000
19.791667	-0.032537	538000.000000
19.895833	-0.033841	538200.000000
20.000000	-0.034893	538400.000000
20.104167	-0.036238	538600.000000
20.208333	-0.038046	538800.000000
20.312500	-0.039345	539000.000000
20.416667	-0.041033	539200.000000
20.520833	-0.042817	539400.000000
20.625000	-0.044610	539600.000000
20.729167	-0.046793	539800.000000
20.833333	-0.048804	540000.000000
20.937500	-0.050585	540200.000000
21.041667	-0.052549	540400.000000
21.145833	-0.054214	540600.000000
21.250000	-0.055627	540800.000000
21.354167	-0.056706	541000.000000
21.458333	-0.057317	541200.000000
21.562500	-0.056560	541400.000000
21.666667	-0.054399	541600.000000
21.770833	-0.048425	541800.000000
21.875000	-0.034493	542000.000000
21.979167	-0.004318	542200.000000
22.083333	0.056940	542400.000000
22.187500	0.155607	542600.000000
22.291667	0.289853	542800.000000
22.395833	0.426859	543000.000000
22.500000	0.511991	543200.000000
22.604167	0.503817	543400.000000
22.708333	0.393423	543600.000000
22.812500	0.211999	543800.000000
22.916667	0.013114	544000.000000
23.020833	-0.147155	544200.000000
23.125000	-0.249341	544400.000000
23.229167	-0.288506	544600.000000
23.333333	-0.284716	544800.000000
23.437500	-0.262113	545000.000000
23.541667	-0.237564	545200.000000
23.645833	-0.214554	545400.000000
23.750000	-0.191517	545600.000000
23.854167	-0.171484	545800.000000
23.958333	-0.159569	546000.000000
24.062500	-0.160973	546200.000000
24.166667	-0.170353	546400.000000
24.270833	-0.173499	546600.000000
24.375000	-0.156990	546800.000000
24.479167	-0.118841	547000.000000
24.583333	-0.073259	547200.000000
24.687500	-0.035472	547400.000000
24.791667	-0.016115	547600.000000
24.895833	-0.015041	547800.000000
25.000000	-0.024830	548000.000000
25.104167	-0.035282	548200.000000
25.208333	-0.038794	548400.000000
25.312500	-0.032343	548600.000000
25.416667	-0.018935	548800.000000
25.520833	-0.002311	549000.000000
25.625000	0.011020	549200.000000
25.729167	0.014718	549400.000000
25.833333	0.007146	549600.000000
25.937500	-0.009412	549800.000000
26.041667	-0.025534	550000.000000
26.145833	-0.031314	550200.000000
26.250000	-0.022522	550400.000000
26.354167	-0.005586	550600.000000
26.458333	0.008229	550800.000000
26.562500	0.010988	551000.000000
26.666667	0.004559	551200.000000
26.770833	-0.003070	551400.000000
26.875000	-0.004978	551600.000000
26.979167	0.000666	551800.000000
27.083333	0.009234	552000.000000
27.187500	0.013814	552200.000000
27.291667	0.010341	552400.000000
27.395833	-0.001312	552600.000000
27.500000	-0.015140	552800.000000
27.604167	-0.027526	553000.000000
27.708333	-0.035883	553200.000000
27.812500	-0.039425	553400.000000
27.916667	-0.039418	553600.000000
28.020833	-0.036767	553800.000000
28.125000	-0.031537	554000.000000
28.229167	-0.023161	554200.000000
28.333333	-0.012797	554400.000000
28.437500	-0.002807	554600.000000
28.541667	0.003018	554800.000000
28.645833	0.001596	555000.000000
28.750000	-0.005961	555200.000000
28.854167	-0.015017	555400.000000
28.958333	-0.021139	555600.000000
29.062500	-0.022458	555800.000000
29.166667	-0.020239	556000.000000
29.270833	-0.018023	556200.000000
29.375000	-0.017862	556400.000000
29.479167	-0.020795	556600.000000
29.583333	-0.026084	556800.000000
29.687500	-0.030435	557000.000000
29.791667	-0.031589	557200.000000
29.895833	-0.028625	557400.000000
30.000000	-0.021956	557600.000000
30.104167	-0.014597	557800.000000
30.208333	-0.010360	558000.000000
30.312500	-0.009227	558200.000000
30.416667	-0.009686	558400.000000
30.520833	-0.010845	558600.000000
30.625000	-0.012159	558800.000000
30.729167	-0.013970	559000.000000
30.833333	-0.016153	559200.000000
30.937500	-0.017362	559400.000000
31.041667	-0.017470	559600.000000
31.145833	-0.017156	559800.000000
31.250000	-0.018746	560000.000000
31.354167	-0.024251	560200.000000
31.458333	-0.034511	560400.000000
31.562500	-0.047430	560600.000000
31.666667	-0.058338	560800.000000
31.770833	-0.060744	561000.000000
31.875000	-0.052242	561200.000000
31.979167	-0.036579	561400.000000
32.083333	-0.021433	561600.000000
32.187500	-0.011830	561800.000000
32.291667	-0.009649	562000.000000
32.395833	-0.013899	562200.000000
32.500000	-0.021025	562400.000000
32.604167	-0.027308	562600.000000
32.708333	-0.030868	562800.000000
32.812500	-0.031463	563000.000000
32.916667	-0.030220	563200.000000
33.020833	-0.028723	563400.000000
33.125000	-0.027979	563600.000000
33.229167	-0.027797	563800.000000
33.333333	-0.027887	564000.000000
33.437500	-0.027759	564200.000000
33.541667	-0.026734	564400.000000
33.645833	-0.024515	564600.000000
33.750000	-0.020172	564800.000000
33.854167	-0.013969	565000.000000
33.958333	-0.006781	565200.000000
34.062500	-0.000903	565400.000000
34.166667	0.000026	565600.000000
34.270833	-0.005895	565800.000000
34.375000	-0.017645	566000.000000
34.479167	-0.030462	566200.000000
34.583333	-0.038404	566400.000000
34.687500	-0.036616	566600.000000
34.791667	-0.026281	566800.000000
34.895833	-0.014047	567000.000000
35.000000	-0.007840	567200.000000
35.104167	-0.010996	567400.000000
35.208333	-0.020877	567600.000000
35.312500	-0.030331	567800.000000
35.416667	-0.032952	568000.000000
35.520833	-0.027598	568200.000000
35.625000	-0.017516	568400.000000
35.729167	-0.008179	568600.000000
35.833333	-0.003503	568800.000000
35.937500	-0.003778	569000.000000
36.041667	-0.007737	569200.000000
36.145833	-0.013559	569400.000000
36.250000	-0.019131	569600.000000
36.354167	-0.021751	569800.000000
36.458333	-0.019868	570000.000000
36.562500	-0.015596	570200.000000
36.666667	-0.012781	570400.000000
36.770833	-0.015551	570600.000000
36.875000	-0.024153	570800.000000
36.979167	-0.034027	571000.000000
37.083333	-0.039643	571200.000000
37.187500	-0.038311	571400.000000
37.291667	-0.030599	571600.000000
37.395833	-0.019375	571800.000000
37.500000	-0.007498	572000.000000
37.604167	0.001041	572200.000000
37.708333	0.002516	572400.000000
37.812500	-0.004397	572600.000000
37.916667	-0.016913	572800.000000
38.020833	-0.029907	573000.000000
38.125000	-0.037611	573200.000000
38.229167	-0.037327	573400.000000
38.333333	-0.032185	573600.000000
38.437500	-0.027680	573800.000000
38.541667	-0.028910	574000.000000
38.645833	-0.036016	574200.000000
38.750000	-0.043903	574400.000000
38.854167	-0.046227	574600.000000
38.958333	-0.040195	574800.000000
39.062500	-0.026708	575000.000000
39.166667	-0.010380	575200.000000
39.270833	0.001435	575400.000000
39.375000	0.002869	575600.000000
39.479167	-0.005703	575800.000000
39.583333	-0.018745	576000.000000
39.687500	-0.030470	576200.000000
39.791667	-0.035438	576400.000000
39.895833	-0.033324	576600.000000
40.000000	-0.027861	576800.000000
40.104167	-0.022677	577000.000000
40.208333	-0.019516	577200.000000
40.312500	-0.020020	577400.000000
40.416667	-0.023661	577600.000000
40.520833	-0.030903	577800.000000
40.625000	-0.036551	578000.000000
40.729167	-0.038699	578200.000000
40.833333	-0.035642	578400.000000
40.937500	-0.028556	578600.000000
41.041667	-0.020555	578800.000000
41.145833	-0.015567	579000.000000
41.250000	-0.014258	579200.000000
41.354167	-0.016767	579400.000000
41.458333	-0.020696	579600.000000
41.562500	-0.023973	579800.000000
41.666667	-0.025004	580000.000000
41.770833	-0.023631	580200.000000
41.875000	-0.021919	580400.000000
41.979167	-0.022016	580600.000000
42.083333	-0.025623	580800.000000
42.187500	-0.031642	581000.000000
42.291667	-0.037206	581200.000000
42.395833	-0.040004	581400.000000
42.500000	-0.038088	581600.000000
42.604167	-0.032167	581800.000000
42.708333	-0.025366	582000.000000
42.812500	-0.018974	582200.000000
42.916667	-0.015187	582400.000000
43.020833	-0.014143	582600.000000
43.125000	-0.015208	582800.000000
43.229167	-0.016477	583000.000000
43.333333	-0.017041	583200.000000
43.437500	-0.017905	583400.000000
43.541667	-0.020764	583600.000000
43.645833	-0.026549	583800.000000
43.750000	-0.032946	584000.000000
43.854167	-0.037536	584200.000000
43.958333	-0.037703	584400.000000
44.062500	-0.033517	584600.000000
44.166667	-0.027680	584800.000000
44.270833	-0.022950	585000.000000
44.375000	-0.020939	585200.000000
44.479167	-0.020813	585400.000000
44.583333	-0.020233	585600.000000
44.687500	-0.018726	585800.000000
44.791667	-0.018150	586000.000000
44.895833	-0.018659	586200.000000
45.000000	-0.019906	586400.000000
45.104167	-0.021294	586600.000000
45.208333	-0.021733	586800.000000
45.312500	-0.021346	587000.000000
45.416667	-0.021820	587200.000000
45.520833	-0.023620	587400.000000
45.625000	-0.026888	587600.000000
45.729167	-0.029629	587800.000000
45.833333	-0.030790	588000.000000
45.937500	-0.029478	588200.000000
46.041667	-0.026402	588400.000000
46.145833	-0.023656	588600.000000
46.250000	-0.022878	588800.000000
46.354167	-0.023702	589000.000000
46.458333	-0.024361	589200.000000
46.562500	-0.023971	589400.000000
46.666667	-0.022325	589600.000000
46.770833	-0.019206	589800.000000
46.875000	-0.015987	590000.000000
46.979167	-0.014209	590200.000000
47.083333	-0.014708	590400.000000
47.187500	-0.018076	590600.000000
47.291667	-0.024275	590800.000000
47.395833	-0.030621	591000.000000
47.500000	-0.034619	591200.000000
47.604167	-0.034171	591400.000000
47.708333	-0.031084	591600.000000
47.812500	-0.028287	591800.000000
47.916667	-0.027618	592000.000000
48.020833	-0.027692	592200.000000
48.125000	-0.026593	592400.000000
48.229167	-0.022434	592600.000000
48.333333	-0.016992	592800.000000
48.437500	-0.012546	593000.000000
48.541667	-0.011114	593200.000000
48.645833	-0.013001	593400.000000
48.750000	-0.017815	593600.000000
48.854167	-0.023754	593800.000000
48.958333	-0.029133	594000.000000
49.062500	-0.032990	594200.000000
49.166667	-0.034277	594400.000000
49.270833	-0.032886	594600.000000
49.375000	-0.029880	594800.000000
49.479167	-0.025773	595000.000000
49.583333	-0.021988	595200.000000
49.687500	-0.020491	595400.000000
49.791667	-0.021098	595600.000000
49.895833	-0.022842	595800.000000
50.000000	-0.023973	596000.000000
50.104167	-0.022881	596200.000000
50.208333	-0.019838	596400.000000
50.312500	-0.016155	596600.000000
50.416667	-0.014059	596800.000000
50.520833	-0.014827	597000.000000
50.625000	-0.018930	597200.000000
50.729167	-0.024310	597400.000000
50.833333	-0.028473	597600.000000
50.937500	-0.029555	597800.000000
51.041667	-0.027178	598000.000000
51.145833	-0.023814	598200.000000
51.250000	-0.021405	598400.000000
51.354167	-0.021098	598600.000000
51.458333	-0.022996	598800.000000
51.562500	-0.025714	599000.000000
51.666667	-0.027887	599200.000000
51.770833	-0.027328	599400.000000
51.875000	-0.024504	599600.000000
51.979167	-0.019621	599800.000000
52.083333	-0.014894	600000.000000
52.187500	-0.012246	600200.000000
52.291667	-0.012163	600400.000000
52.395833	-0.014770	600600.000000
52.500000	-0.018292	600800.000000
52.604167	-0.021939	601000.000000
52.708333	-0.025312	601200.000000
52.812500	-0.028752	601400.000000
52.916667	-0.031734	601600.000000
53.020833	-0.033077	601800.000000
53.125000	-0.031749	602000.000000
53.229167	-0.028351	602200.000000
53.333333	-0.024362	602400.000000
53.437500	-0.020970	602600.000000
53.541667	-0.018557	602800.000000
53.645833	-0.017465	603000.000000
53.750000	-0.016564	603200.000000
53.854167	-0.016255	603400.000000
53.958333	-0.016880	603600.000000
54.062500	-0.018200	603800.000000
54.166667	-0.020086	604000.000000
54.270833	-0.022417	604200.000000
54.375000	-0.024480	604400.000000
54.479167	-0.026272	604600.000000
54.583333	-0.028027	604800.000000
54.687500	-0.029712	605000.000000
54.791667	-0.029861	605200.000000
54.895833	-0.028686	605400.000000
55.000000	-0.026290	605600.000000
55.104167	-0.023579	605800.000000
55.208333	-0.021439	606000.000000
55.312500	-0.019967	606200.000000
55.416667	-0.019296	606400.000000
55.520833	-0.020121	606600.000000
55.625000	-0.022922	606800.000000
55.729167	-0.025735	607000.000000
55.833333	-0.026474	607200.000000
55.937500	-0.024414	607400.000000
56.041667	-0.021462	607600.000000
56.145833	-0.020200	607800.000000
56.250000	-0.022044	608000.000000
56.354167	-0.025597	608200.000000
56.458333	-0.029240	608400.000000
56.562500	-0.031250	608600.000000
56.666667	-0.030518	608800.000000
56.770833	-0.028265	609000.000000
56.875000	-0.026561	609200.000000
56.979167	-0.025862	609400.000000
57.083333	-0.026287	609600.000000
57.187500	-0.026564	609800.000000
57.291667	-0.025807	610000.000000
57.395833	-0.023588	610200.000000
57.500000	-0.020758	610400.000000
57.604167	-0.017730	610600.000000
57.708333	-0.016393	610800.000000
57.812500	-0.017343	611000.000000
57.916667	-0.021567	611200.000000
58.020833	-0.027360	611400.000000
58.125000	-0.032956	611600.000000
58.229167	-0.035756	611800.000000
58.333333	-0.034955	612000.000000
58.437500	-0.031409	612200.000000
58.541667	-0.027516	612400.000000
58.645833	-0.025102	612600.000000
58.750000	-0.024409	612800.000000
58.854167	-0.024081	613000.000000
58.958333	-0.023534	613200.000000
59.062500	-0.022334	613400.000000
59.166667	-0.020946	613600.000000
59.270833	-0.019727	613800.000000
59.375000	-0.019325	614000.000000
59.479167	-0.019398	614200.000000
59.583333	-0.020758	614400.000000
59.687500	-0.023583	614600.000000
59.791667	-0.027597	614800.000000
59.895833	-0.031054	615000.000000
60.000000	-0.032254	615200.000000
60.104167	-0.030703	615400.000000
60.208333	-0.026610	615600.000000
60.312500	-0.022620	615800.000000
60.416667	-0.019998	616000.000000
60.520833	-0.020048	616200.000000
60.625000	-0.021617	616400.000000
60.729167	-0.023467	616600.000000
60.833333	-0.024337	616800.000000
60.937500	-0.024105	617000.000000
61.041667	-0.022681	617200.000000
61.145833	-0.021301	617400.000000
61.250000	-0.019810	617600.000000
61.354167	-0.018553	617800.000000
61.458333	-0.018146	618000.000000
61.562500	-0.018657	618200.000000
61.666667	-0.019720	618400.000000
61.770833	-0.021426	618600.000000
61.875000	-0.023989	618800.000000
61.979167	-0.025972	619000.000000
62.083333	-0.027301	619200.000000
62.187500	-0.026957	619400.000000
62.291667	-0.025324	619600.000000
62.395833	-0.022972	619800.000000
62.500000	-0.020735	620000.000000
62.604167	-0.018654	620200.000000
62.708333	-0.017696	620400.000000
62.812500	-0.017918	620600.000000
62.916667	-0.018933	620800.000000
63.020833	-0.019737	621000.000000
63.125000	-0.019662	621200.000000
63.229167	-0.018806	621400.000000
63.333333	-0.018859	621600.000000
63.437500	-0.020349	621800.000000
63.541667	-0.022863	622000.000000
63.645833	-0.025812	622200.000000
63.750000	-0.027697	622400.000000
63.854167	-0.027401	622600.000000
63.958333	-0.024986	622800.000000
64.062500	-0.021213	623000.000000
64.166667	-0.017311	623200.000000
64.270833	-0.014520	623400.000000
64.375000	-0.013888	623600.000000
64.479167	-0.014944	623800.000000
64.583333	-0.017497	624000.000000
64.687500	-0.020236	624200.000000
64.791667	-0.022187	624400.000000
64.895833	-0.023137	624600.000000
65.000000	-0.023395	624800.000000
65.104167	-0.024208	625000.000000
65.208333	-0.025122	625200.000000
65.312500	-0.026746	625400.000000
65.416667	-0.028398	625600.000000
65.520833	-0.029294	625800.000000
65.625000	-0.029115	626000.000000
65.729167	-0.027654	626200.000000
65.833333	-0.025222	626400.000000
65.937500	-0.023416	626600.000000
66.041667	-0.023106	626800.000000
66.145833	-0.024575	627000.000000
66.250000	-0.026562	627200.000000
66.354167	-0.027402	627400.000000
66.458333	-0.026038	627600.000000
66.562500	-0.022799	627800.000000
66.666667	-0.019488	628000.000000
66.770833	-0.018072	628200.000000
66.875000	-0.019277	628400.000000
66.979167	-0.022650	628600.000000
67.083333	-0.026432	628800.000000
67.187500	-0.029084	629000.000000
67.291667	-0.029874	629200.000000
67.395833	-0.028580	629400.000000
67.500000	-0.026651	629600.000000
67.604167	-0.024765	629800.000000
67.708333	-0.023657	630000.000000
67.812500	-0.023832	630200.000000
67.916667	-0.024313	630400.000000
68.020833	-0.024442	630600.000000
68.125000	-0.023316	630800.000000
68.229167	-0.020590	631000.000000
68.333333	-0.017652	631200.000000
68.437500	-0.016252	631400.000000
68.541667	-0.017516	631600.000000
68.645833	-0.020502	631800.000000
68.750000	-0.024286	632000.000000
68.854167	-0.027148	632200.000000
68.958333	-0.028644	632400.000000
69.062500	-0.028495	632600.000000
69.166667	-0.027078	632800.000000
69.270833	-0.024977	633000.000000
69.375000	-0.022857	633200.000000
69.479167	-0.020368	633400.000000
69.583333	-0.017811	633600.000000
69.687500	-0.016176	633800.000000
69.791667	-0.015354	634000.000000
69.895833	-0.015564	634200.000000
70.000000	-0.016709	634400.000000
70.104167	-0.018011	634600.000000
70.208333	-0.019026	634800.000000
70.312500	-0.020564	635000.000000
70.416667	-0.021622	635200.000000
70.520833	-0.022216	635400.000000
70.625000	-0.022487	635600.000000
70.729167	-0.022484	635800.000000
70.833333	-0.023494	636000.000000
70.937500	-0.025564	636200.000000
71.041667	-0.027881	636400.000000
71.145833	-0.029755	636600.000000
71.250000	-0.030846	636800.000000
71.354167	-0.029901	637000.000000
71.458333	-0.028356	637200.000000
71.562500	-0.027171	637400.000000
71.666667	-0.027327	637600.000000
71.770833	-0.028826	637800.000000
71.875000	-0.030577	638000.000000
71.979167	-0.032266	638200.000000
72.083333	-0.032317	638400.000000
72.187500	-0.031255	638600.000000
72.291667	-0.029155	638800.000000
72.395833	-0.027027	639000.000000
72.500000	-0.026545	639200.000000
72.604167	-0.027216	639400.000000
72.708333	-0.029170	639600.000000
72.812500	-0.031168	639800.000000
72.916667	-0.031812	640000.000000
73.020833	-0.030162	640200.000000
73.125000	-0.026601	640400.000000
73.229167	-0.022473	640600.000000
73.333333	-0.018838	640800.000000
73.437500	-0.017119	641000.000000
73.541667	-0.017026	641200.000000
73.645833	-0.018064	641400.000000
73.750000	-0.019058	641600.000000
73.854167	-0.019607	641800.000000
73.958333	-0.019908	642000.000000
74.062500	-0.019988	642200.000000
74.166667	-0.021067	642400.000000
74.270833	-0.022825	642600.000000
74.375000	-0.025462	642800.000000
74.479167	-0.027330	643000.000000
74.583333	-0.027824	643200.000000
74.687500	-0.026050	643400.000000
74.791667	-0.023411	643600.000000
74.895833	-0.020766	643800.000000
75.000000	-0.019348	644000.000000
75.104167	-0.019825	644200.000000
75.208333	-0.021979	644400.000000
75.312500	-0.024083	644600.000000
75.416667	-0.025608	644800.000000
75.520833	-0.025627	645000.000000
75.625000	-0.024284	645200.000000
75.729167	-0.022654	645400.000000
75.833333	-0.021661	645600.000000
75.937500	-0.021961	645800.000000
76.041667	-0.023263	646000.000000
76.145833	-0.025119	646200.000000
76.250000	-0.025960	646400.000000
76.354167	-0.024995	646600.000000
76.458333	-0.022784	646800.000000
76.562500	-0.019902	647000.000000
76.666667	-0.018447	647200.000000
76.770833	-0.018790	647400.000000
76.875000	-0.020882	647600.000000
76.979167	-0.023630	647800.000000
77.083333	-0.025504	648000.000000
77.187500	-0.025686	648200.000000
77.291667	-0.024734	648400.000000
77.395833	-0.023245	648600.000000
77.500000	-0.021653	648800.000000
77.604167	-0.021736	649000.000000
77.708333	-0.023333	649200.000000
77.812500	-0.026155	649400.000000
77.916667	-0.029331	649600.000000
78.020833	-0.031662	649800.000000
78.125000	-0.032602	650000.000000
78.229167	-0.032062	650200.000000
78.333333	-0.030540	650400.000000
78.437500	-0.028366	650600.000000
78.541667	-0.026603	650800.000000
78.645833	-0.025457	651000.000000
78.750000	-0.024556	651200.000000
78.854167	-0.023948	651400.000000
78.958333	-0.023391	651600.000000
79.062500	-0.023595	651800.000000
79.166667	-0.024199	652000.000000
79.270833	-0.025047	652200.000000
79.375000	-0.026277	652400.000000
79.479167	-0.027550	652600.000000
79.583333	-0.028362	652800.000000
79.687500	-0.028705	653000.000000
79.791667	-0.028680	653200.000000
79.895833	-0.028325	653400.000000
80.000000	-0.027907	653600.000000
80.104167	-0.027595	653800.000000
80.208333	-0.027018	654000.000000
80.312500	-0.026245	654200.000000
80.416667	-0.025081	654400.000000
80.520833	-0.023985	654600.000000
80.625000	-0.023367	654800.000000
80.729167	-0.023273	655000.000000
80.833333	-0.023474	655200.000000
80.937500	-0.023827	655400.000000
81.041667	-0.024259	655600.000000
81.145833	-0.024309	655800.000000
81.250000	-0.024501	656000.000000
81.354167	-0.024556	656200.000000
81.458333	-0.023992	656400.000000
81.562500	-0.023261	656600.000000
81.666667	-0.023051	656800.000000
81.770833	-0.023105	657000.000000
81.875000	-0.023656	657200.000000
81.979167	-0.024133	657400.000000
82.083333	-0.023938	657600.000000
82.187500	-0.023740	657800.000000
82.291667	-0.023417	658000.000000
82.395833	-0.022693	658200.000000
82.500000	-0.021944	658400.000000
82.604167	-0.020858	658600.000000
82.708333	-0.019659	658800.000000
82.812500	-0.018725	659000.000000
82.916667	-0.018788	659200.000000
83.020833	-0.019436	659400.000000
83.125000	-0.021343	659600.000000
83.229167	-0.023124	659800.000000
83.333333	-0.024128	660000.000000
83.437500	-0.024511	660200.000000
83.541667	-0.024619	660400.000000
83.645833	-0.023938	660600.000000
83.750000	-0.022724	660800.000000
83.854167	-0.020969	661000.000000
83.958333	-0.019613	661200.000000
84.062500	-0.019160	661400.000000
84.166667	-0.019319	661600.000000
84.270833	-0.020060	661800.000000
84.375000	-0.020484	662000.000000
84.479167	-0.019917	662200.000000
84.583333	-0.019709	662400.000000
84.687500	-0.019977	662600.000000
84.791667	-0.020851	662800.000000
84.895833	-0.022659	663000.000000
85.000000	-0.024597	663200.000000
85.104167	-0.025651	663400.000000
85.208333	-0.026131	663600.000000
85.312500	-0.025415	663800.000000
85.416667	-0.023951	664000.000000
85.520833	-0.022188	664200.000000
85.625000	-0.020877	664400.000000
85.729167	-0.020153	664600.000000
85.833333	-0.020493	664800.000000
85.937500	-0.021604	665000.000000
86.041667	-0.022832	665200.000000
86.145833	-0.023437	665400.000000
86.250000	-0.023270	665600.000000
86.354167	-0.022796	665800.000000
86.458333	-0.022630	666000.000000
86.562500	-0.022572	666200.000000
86.666667	-0.022986	666400.000000
86.770833	-0.023410	666600.000000
86.875000	-0.023755	666800.000000
86.979167	-0.024073	667000.000000
87.083333	-0.024317	667200.000000
87.187500	-0.024437	667400.000000
87.291667	-0.024513	667600.000000
87.395833	-0.024879	667800.000000
87.500000	-0.024671	668000.000000
87.604167	-0.023707	668200.000000
87.708333	-0.022581	668400.000000
87.812500	-0.021695	668600.000000
87.916667	-0.021130	668800.000000
88.020833	-0.020652	669000.000000
88.125000	-0.020527	669200.000000
88.229167	-0.021035	669400.000000
88.333333	-0.021658	669600.000000
88.437500	-0.022505	669800.000000
88.541667	-0.023741	670000.000000
88.645833	-0.024713	670200.000000
88.750000	-0.025524	670400.000000
88.854167	-0.025750	670600.000000
88.958333	-0.025663	670800.000000
89.062500	-0.025375	671000.000000
89.166667	-0.025248	671200.000000
89.270833	-0.024638	671400.000000
89.375000	-0.023260	671600.000000
89.479167	-0.022224	671800.000000
89.583333	-0.021326	672000.000000
89.687500	-0.020725	672200.000000
89.791667	-0.021031	672400.000000
89.895833	-0.021487	672600.000000
90.000000	-0.022541	672800.000000
90.104167	-0.023918	673000.000000
90.208333	-0.025221	673200.000000
90.312500	-0.026084	673400.000000
90.416667	-0.026708	673600.000000
90.520833	-0.026754	673800.000000
90.625000	-0.026356	674000.000000
90.729167	-0.025590	674200.000000
90.833333	-0.024834	674400.000000
90.937500	-0.024363	674600.000000
91.041667	-0.024072	674800.000000
91.145833	-0.024320	675000.000000
91.250000	-0.024678	675200.000000
91.354167	-0.025533	675400.000000
91.458333	-0.025775	675600.000000
91.562500	-0.025821	675800.000000
91.666667	-0.025438	676000.000000
91.770833	-0.024541	676200.000000
91.875000	-0.024004	676400.000000
91.979167	-0.023914	676600.000000
92.083333	-0.024061	676800.000000
92.187500	-0.024696	677000.000000
92.291667	-0.025802	677200.000000
92.395833	-0.026419	677400.000000
92.500000	-0.026313	677600.000000
92.604167	-0.025595	677800.000000
92.708333	-0.024530	678000.000000
92.812500	-0.023827	678200.000000
92.916667	-0.023247	678400.000000
93.020833	-0.023127	678600.000000
93.125000	-0.023392	678800.000000
93.229167	-0.023522	679000.000000
93.333333	-0.023600	679200.000000
93.437500	-0.023256	679400.000000
93.541667	-0.022738	679600.000000
93.645833	-0.022450	679800.000000
93.750000	-0.022878	680000.000000
93.854167	-0.023772	680200.000000
93.958333	-0.024817	680400.000000
94.062500	-0.026334	680600.000000
94.166667	-0.027760	680800.000000
94.270833	-0.028675	681000.000000
94.375000	-0.028324	681200.000000
94.479167	-0.026972	681400.000000
94.583333	-0.024934	681600.000000
94.687500	-0.023219	681800.000000
94.791667	-0.021863	682000.000000
94.895833	-0.021911	682200.000000
95.000000	-0.022630	682400.000000
95.104167	-0.023424	682600.000000
95.208333	-0.023982	682800.000000
95.312500	-0.024294	683000.000000
95.416667	-0.024459	683200.000000
95.520833	-0.024704	683400.000000
95.625000	-0.025094	683600.000000
95.729167	-0.025645	683800.000000
95.833333	-0.026051	684000.000000
95.937500	-0.026242	684200.000000
96.041667	-0.025936	684400.000000
96.145833	-0.025742	684600.000000
96.250000	-0.024896	684800.000000
96.354167	-0.023999	685000.000000
96.458333	-0.023609	685200.000000
96.562500	-0.023476	685400.000000
96.666667	-0.023454	685600.000000
96.770833	-0.023673	685800.000000
96.875000	-0.023524	686000.000000
96.979167	-0.023009	686200.000000
97.083333	-0.022450	686400.000000
97.187500	-0.021992	686600.000000
97.291667	-0.021821	686800.000000
97.395833	-0.021913	687000.000000
97.500000	-0.022031	687200.000000
97.604167	-0.022886	687400.000000
97.708333	-0.024028	687600.000000
97.812500	-0.024743	687800.000000
97.916667	-0.025386	688000.000000
98.020833	-0.025481	688200.000000
98.125000	-0.025002	688400.000000
98.229167	-0.024673	688600.000000
98.333333	-0.024738	688800.000000
98.437500	-0.024652	689000.000000
98.541667	-0.025079	689200.000000
98.645833	-0.025217	689400.000000
98.750000	-0.024657	689600.000000
98.854167	-0.023575	689800.000000
98.958333	-0.022561	690000.000000
99.062500	-0.022281	690200.000000
99.166667	-0.022716	690400.000000
99.270833	-0.024277	690600.000000
99.375000	-0.025758	690800.000000
99.479167	-0.027229	691000.000000
99.583333	-0.027580	691200.000000
99.687500	-0.026592	691400.000000
99.791667	-0.025387	691600.000000
99.895833	-0.023977	691800.000000
100.000000	-0.022599	692000.000000
100.104167	-0.022406	692200.000000
100.208333	-0.022436	692400.000000
100.312500	-0.023171	692600.000000
100.416667	-0.024092	692800.000000
100.520833	-0.024330	693000.000000
100.625000	-0.023848	693200.000000
100.729167	-0.023365	693400.000000
100.833333	-0.023164	693600.000000
100.937500	-0.022912	693800.000000
101.041667	-0.023406	694000.000000
101.145833	-0.024310	694200.000000
101.250000	-0.024745	694400.000000
101.354167	-0.025020	694600.000000
101.458333	-0.024490	694800.000000
101.562500	-0.024172	695000.000000
101.666667	-0.023266	695200.000000
101.770833	-0.023064	695400.000000
101.875000	-0.023270	695600.000000
101.979167	-0.023990	695800.000000
102.083333	-0.024547	696000.000000
102.187500	-0.025508	696200.000000
102.291667	-0.025784	696400.000000
102.395833	-0.025345	696600.000000
102.500000	-0.024613	696800.000000
102.604167	-0.023936	697000.000000
102.708333	-0.023831	697200.000000
102.812500	-0.024119	697400.000000
102.916667	-0.024781	697600.000000
103.020833	-0.025481	697800.000000
103.125000	-0.026183	698000.000000
103.229167	-0.026846	698200.000000
103.333333	-0.027145	698400.000000
103.437500	-0.027370	698600.000000
103.541667	-0.027316	698800.000000
103.645833	-0.026554	699000.000000
103.750000	-0.025590	699200.000000
103.854167	-0.024540	699400.000000
103.958333	-0.023974	699600.000000
104.062500	-0.023720	699800.000000
104.166667	-0.023736	700000.000000
104.270833	-0.024021	700200.000000
104.375000	-0.024621	700400.000000
104.479167	-0.024856	700600.000000
104.583333	-0.024814	700800.000000
104.687500	-0.024840	701000.000000
104.791667	-0.025017	701200.000000
104.895833	-0.025379	701400.000000
105.000000	-0.025804	701600.000000
105.104167	-0.025814	701800.000000
105.208333	-0.025268	702000.000000
105.312500	-0.024185	702200.000000
105.416667	-0.023122	702400.000000
105.520833	-0.022030	702600.000000
105.625000	-0.022077	702800.000000
105.729167	-0.022307	703000.000000
105.833333	-0.022763	703200.000000
105.937500	-0.023516	703400.000000
106.041667	-0.023769	703600.000000
106.145833	-0.024362	703800.000000
106.250000	-0.024514	704000.000000
106.354167	-0.024444	704200.000000
106.458333	-0.024542	704400.000000
106.562500	-0.024617	704600.000000
106.666667	-0.024886	704800.000000
106.770833	-0.025205	705000.000000
106.875000	-0.025400	705200.000000
106.979167	-0.025247	705400.000000
107.083333	-0.024493	705600.000000
107.187500	-0.023691	705800.000000
107.291667	-0.022800	706000.000000
107.395833	-0.022794	706200.000000
107.500000	-0.023144	706400.000000
107.604167	-0.023726	706600.000000
107.708333	-0.024063	706800.000000
107.812500	-0.023932	707000.000000
107.916667	-0.023195	707200.000000
108.020833	-0.022290	707400.000000
108.125000	-0.021433	707600.000000
108.229167	-0.021354	707800.000000
108.333333	-0.022313	708000.000000
108.437500	-0.023627	708200.000000
108.541667	-0.025506	708400.000000
108.645833	-0.026660	708600.000000
108.750000	-0.026536	708800.000000
108.854167	-0.025217	709000.000000
108.958333	-0.023842	709200.000000
109.062500	-0.022951	709400.000000
109.166667	-0.022921	709600.000000
109.270833	-0.023999	709800.000000
109.375000	-0.024731	710000.000000
109.479167	-0.025531	710200.000000
109.583333	-0.025620	710400.000000
109.687500	-0.025292	710600.000000
109.791667	-0.024503	710800.000000
109.895833	-0.024055	711000.000000
110.000000	-0.024005	711200.000000
110.104167	-0.024627	711400.000000
110.208333	-0.025742	711600.000000
110.312500	-0.026325	711800.000000
110.416667	-0.026584	712000.000000
110.520833	-0.025864	712200.000000
110.625000	-0.024551	712400.000000
110.729167	-0.023363	712600.000000
110.833333	-0.022290	712800.000000
110.937500	-0.021845	713000.000000
111.041667	-0.022031	713200.000000
111.145833	-0.022723	713400.000000
111.250000	-0.023409	713600.000000
111.354167	-0.024212	713800.000000
111.458333	-0.024539	714000.000000
111.562500	-0.024160	714200.000000
111.666667	-0.023695	714400.000000
111.770833	-0.023542	714600.000000
111.875000	-0.023394	714800.000000
111.979167	-0.023871	715000.000000
112.083333	-0.024247	715200.000000
112.187500	-0.024224	715400.000000
112.291667	-0.024323	715600.000000
112.395833	-0.024135	715800.000000
112.500000	-0.023831	716000.000000
112.604167	-0.023828	716200.000000
112.708333	-0.023971	716400.000000
112.812500	-0.023961	716600.000000
112.916667	-0.023907	716800.000000
113.020833	-0.023681	717000.000000
113.125000	-0.023537	717200.000000
113.229167	-0.023405	717400.000000
113.333333	-0.022896	717600.000000
113.437500	-0.022564	717800.000000
113.541667	-0.022499	718000.000000
113.645833	-0.022470	718200.000000
113.750000	-0.022738	718400.000000
113.854167	-0.023157	718600.000000
113.958333	-0.023701	718800.000000
114.062500	-0.024035	719000.000000
114.166667	-0.024046	719200.000000
114.270833	-0.023667	719400.000000
114.375000	-0.022798	719600.000000
114.479167	-0.022244	719800.000000
114.583333	-0.021543	720000.000000
114.687500	-0.021612	720200.000000
114.791667	-0.021820	720400.000000
114.895833	-0.022342	720600.000000
115.000000	-0.022828	720800.000000
115.104167	-0.023200	721000.000000
115.208333	-0.023320	721200.000000
115.312500	-0.023691	721400.000000
115.416667	-0.024209	721600.000000
115.520833	-0.024913	721800.000000
115.625000	-0.025650	722000.000000
115.729167	-0.025812	722200.000000
115.833333	-0.025709	722400.000000
115.937500	-0.025041	722600.000000
116.041667	-0.024168	722800.000000
116.145833	-0.023257	723000.000000
116.250000	-0.023061	723200.000000
116.354167	-0.022950	723400.000000
116.458333	-0.023198	723600.000000
116.562500	-0.023625	723800.000000
116.666667	-0.023848	724000.000000
116.770833	-0.023827	724200.000000
116.875000	-0.023383	724400.000000
116.979167	-0.022872	724600.000000
117.083333	-0.022252	724800.000000
117.187500	-0.021502	725000.000000
117.291667	-0.021521	725200.000000
117.395833	-0.021810	725400.000000
117.500000	-0.022463	725600.000000
117.604167	-0.022615	725800.000000
117.708333	-0.022727	726000.000000
117.812500	-0.022713	726200.000000
117.916667	-0.022630	726400.000000
118.020833	-0.023038	726600.000000
118.125000	-0.023743	726800.000000
118.229167	-0.024751	727000.000000
118.333333	-0.026104	727200.000000
118.437500	-0.027299	727400.000000
118.541667	-0.027735	727600.000000
118.645833	-0.027607	727800.000000
118.750000	-0.026876	728000.000000
118.854167	-0.026108	728200.000000
118.958333	-0.025711	728400.000000
119.062500	-0.026099	728600.000000
119.166667	-0.026418	728800.000000
119.270833	-0.027106	729000.000000
119.375000	-0.027415	729200.000000
119.479167	-0.027455	729400.000000
119.583333	-0.027342	729600.000000
119.687500	-0.026714	729800.000000
119.791667	-0.026055	730000.000000
119.895833	-0.025429	730200.000000
120.000000	-0.024243	730400.000000
120.104167	-0.023553	730600.000000
120.208333	-0.022998	730800.000000
120.312500	-0.022883	731000.000000
120.416667	-0.022662	731200.000000
120.520833	-0.023404	731400.000000
120.625000	-0.023889	731600.000000
120.729167	-0.024315	731800.000000
120.833333	-0.024013	732000.000000
120.937500	-0.023521	732200.000000
121.041667	-0.023419	732400.000000
121.145833	-0.023308	732600.000000
121.250000	-0.023259	732800.000000
121.354167	-0.023651	733000.000000
121.458333	-0.024184	733200.000000
121.562500	-0.024679	733400.000000
121.666667	-0.024864	733600.000000
121.770833	-0.024932	733800.000000
121.875000	-0.024605	734000.000000
121.979167	-0.024393	734200.000000
122.083333	-0.024128	734400.000000
122.187500	-0.024190	734600.000000
122.291667	-0.024227	734800.000000
122.395833	-0.024248	735000.000000
122.500000	-0.024281	735200.000000
122.604167	-0.024142	735400.000000
122.708333	-0.024069	735600.000000
122.812500	-0.023820	735800.000000
122.916667	-0.024274	736000.000000
123.020833	-0.024945	736200.000000
123.125000	-0.025437	736400.000000
123.229167	-0.025697	736600.000000
123.333333	-0.025803	736800.000000
123.437500	-0.025329	737000.000000
123.541667	-0.024679	737200.000000
123.645833	-0.023936	737400.000000
123.750000	-0.023546	737600.000000
123.854167	-0.023656	737800.000000
123.958333	-0.023979	738000.000000
124.062500	-0.024207	738200.000000
124.166667	-0.024593	738400.000000
124.270833	-0.024585	738600.000000
124.375000	-0.024395	738800.000000
124.479167	-0.024213	739000.000000
124.583333	-0.024414	739200.000000
124.687500	-0.024990	739400.000000
124.791667	-0.025525	739600.000000
124.895833	-0.026188	739800.000000
125.000000	-0.026146	740000.000000
125.104167	-0.025527	740200.000000
125.208333	-0.024593	740400.000000
125.312500	-0.023910	740600.000000
125.416667	-0.024030	740800.000000
125.520833	-0.024158	741000.000000
125.625000	-0.024904	741200.000000
125.729167	-0.025684	741400.000000
125.833333	-0.026314	741600.000000
125.937500	-0.026814	741800.000000
126.041667	-0.026564	742000.000000
126.145833	-0.026222	742200.000000
126.250000	-0.025776	742400.000000
126.354167	-0.025566	742600.000000
126.458333	-0.025738	742800.000000
126.562500	-0.026276	743000.000000
126.666667	-0.026536	743200.000000
126.770833	-0.026566	743400.000000
126.875000	-0.026054	743600.000000
126.979167	-0.025254	743800.000000
127.083333	-0.024640	744000.000000
127.187500	-0.024182	744200.000000
127.291667	-0.024166	744400.000000
127.395833	-0.024311	744600.000000
127.500000	-0.024761	744800.000000
127.604167	-0.025019	745000.000000
127.708333	-0.024814	745200.000000
127.812500	-0.024560	745400.000000
127.916667	-0.023887	745600.000000
128.020833	-0.023093	745800.000000
128.125000	-0.022923	746000.000000
128.229167	-0.023362	746200.000000
128.333333	-0.024007	746400.000000
128.437500	-0.024594	746600.000000
128.541667	-0.024754	746800.000000
128.645833	-0.024385	747000.000000
128.750000	-0.023803	747200.000000
128.854167	-0.023090	747400.000000
128.958333	-0.022728	747600.000000
129.062500	-0.022880	747800.000000
129.166667	-0.022977	748000.000000
129.270833	-0.023422	748200.000000
129.375000	-0.023723	748400.000000
129.479167	-0.024364	748600.000000
129.583333	-0.025064	748800.000000
129.687500	-0.025909	749000.000000
129.791667	-0.026488	749200.000000
129.895833	-0.027065	749400.000000
130.000000	-0.027283	749600.000000
130.104167	-0.027350	749800.000000
130.208333	-0.027296	750000.000000
