0.000000	-0.023691	500000.000000
0.104167	-0.023748	500200.000000
0.208333	-0.023767	500400.000000
0.312500	-0.023758	500600.000000
0.416667	-0.023749	500800.000000
0.520833	-0.023637	501000.000000
0.625000	-0.023535	501200.000000
0.729167	-0.023773	501400.000000
0.833333	-0.023961	501600.000000
0.937500	-0.023670	501800.000000
1.041667	-0.023889	502000.000000
1.145833	-0.023592	502200.000000
1.250000	-0.023591	502400.000000
1.354167	-0.023811	502600.000000
1.458333	-0.023676	502800.000000
1.562500	-0.023764	503000.000000
1.666667	-0.023683	503200.000000
1.770833	-0.023824	503400.000000
1.875000	-0.023583	503600.000000
1.979167	-0.023741	503800.000000
2.083333	-0.023948	504000.000000
2.187500	-0.023939	504200.000000
2.291667	-0.023909	504400.000000
2.395833	-0.023828	504600.000000
2.500000	-0.023733	504800.000000
2.604167	-0.023848	505000.000000
2.708333	-0.023866	505200.000000
2.812500	-0.023723	505400.000000
2.916667	-0.023763	505600.000000
3.020833	-0.023739	505800.000000
3.125000	-0.023792	506000.000000
3.229167	-0.023906	506200.000000
3.333333	-0.023933	506400.000000
3.437500	-0.023812	506600.000000
3.541667	-0.023716	506800.000000
3.645833	-0.023762	507000.000000
3.750000	-0.023618	507200.000000
3.854167	-0.023706	507400.000000
3.958333	-0.023748	507600.000000
4.062500	-0.023698	507800.000000
4.166667	-0.023634	508000.000000
4.270833	-0.023723	508200.000000
4.375000	-0.023748	508400.000000
4.479167	-0.023794	508600.000000
4.583333	-0.023710	508800.000000
4.687500	-0.023735	509000.000000
4.791667	-0.023761	509200.000000
4.895833	-0.023807	509400.000000
5.000000	-0.023776	509600.000000
5.104167	-0.023838	509800.000000
5.208333	-0.023961	510000.000000
5.312500	-0.024112	510200.000000
5.416667	-0.024010	510400.000000
5.520833	-0.023687	510600.000000
5.625000	-0.023994	510800.000000
5.729167	-0.024026	511000.000000
5.833333	-0.023852	511200.000000
5.937500	-0.024069	511400.000000
6.041667	-0.023921	511600.000000
6.145833	-0.023814	511800.000000
6.250000	-0.023837	512000.000000
6.354167	-0.023748	512200.000000
6.458333	-0.023759	512400.000000
6.562500	-0.023924	512600.000000
6.666667	-0.023672	512800.000000
6.770833	-0.023801	513000.000000
6.875000	-0.023670	513200.000000
6.979167	-0.023532	513400.000000
7.083333	-0.023719	513600.000000
7.187500	-0.023727	513800.000000
7.291667	-0.023612	514000.000000
7.395833	-0.023532	514200.000000
7.500000	-0.023768	514400.000000
7.604167	-0.023973	514600.000000
7.708333	-0.023924	514800.000000
7.812500	-0.023844	515000.000000
7.916667	-0.023621	515200.000000
8.020833	-0.023895	515400.000000
8.125000	-0.023785	515600.000000
8.229167	-0.023881	515800.000000
8.333333	-0.024091	516000.000000
8.437500	-0.023797	516200.000000
8.541667	-0.023979	516400.000000
8.645833	-0.023991	516600.000000
8.750000	-0.024000	516800.000000
8.854167	-0.024029	517000.000000
8.958333	-0.023883	517200.000000
9.062500	-0.024015	517400.000000
9.166667	-0.023993	517600.000000
9.270833	-0.023839	517800.000000
9.375000	-0.023780	518000.000000
9.479167	-0.023957	518200.000000
9.583333	-0.023968	518400.000000
9.687500	-0.023921	518600.000000
9.791667	-0.023977	518800.000000
9.895833	-0.023912	519000.000000
10.000000	-0.023820	519200.000000
10.104167	-0.023827	519400.000000
10.208333	-0.023911	519600.000000
10.312500	-0.023941	519800.000000
10.416667	-0.024039	520000.000000
10.520833	-0.023834	520200.000000
10.625000	-0.023806	520400.000000
10.729167	-0.024029	520600.000000
10.833333	-0.023757	520800.000000
10.937500	-0.023741	521000.000000
11.041667	-0.023881	521200.000000
11.145833	-0.023921	521400.000000
11.250000	-0.023906	521600.000000
11.354167	-0.024003	521800.000000
11.458333	-0.023960	522000.000000
11.562500	-0.023797	522200.000000
11.666667	-0.023863	522400.000000
11.770833	-0.023742	522600.000000
11.875000	-0.023814	522800.000000
11.979167	-0.023774	523000.000000
12.083333	-0.023723	523200.000000
12.187500	-0.023842	523400.000000
12.291667	-0.023889	523600.000000
12.395833	-0.023848	523800.000000
12.500000	-0.023934	524000.000000
12.604167	-0.023929	524200.000000
12.708333	-0.024064	524400.000000
12.812500	-0.024020	524600.000000
12.916667	-0.024157	524800.000000
13.020833	-0.024071	525000.000000
13.125000	-0.023981	525200.000000
13.229167	-0.024273	525400.000000
13.333333	-0.024058	525600.000000
13.437500	-0.024086	525800.000000
13.541667	-0.024193	526000.000000
13.645833	-0.024304	526200.000000
13.750000	-0.024048	526400.000000
13.854167	-0.023943	526600.000000
13.958333	-0.024269	526800.000000
14.062500	-0.024262	527000.000000
14.166667	-0.024185	527200.000000
14.270833	-0.024362	527400.000000
14.375000	-0.024325	527600.000000
14.479167	-0.024091	527800.000000
14.583333	-0.024359	528000.000000
14.687500	-0.024297	528200.000000
14.791667	-0.024277	528400.000000
14.895833	-0.024380	528600.000000
15.000000	-0.024422	528800.000000
15.104167	-0.024412	529000.000000
15.208333	-0.024453	529200.000000
15.312500	-0.024490	529400.000000
15.416667	-0.024524	529600.000000
15.520833	-0.024508	529800.000000
15.625000	-0.024365	530000.000000
15.729167	-0.024442	530200.000000
15.833333	-0.024627	530400.000000
15.937500	-0.024638	530600.000000
16.041667	-0.024594	530800.000000
16.145833	-0.024693	531000.000000
16.250000	-0.024843	531200.000000
16.354167	-0.024779	531400.000000
16.458333	-0.024868	531600.000000
16.562500	-0.025045	531800.000000
16.666667	-0.025108	532000.000000
16.770833	-0.025106	532200.000000
16.875000	-0.025328	532400.000000
16.979167	-0.025461	532600.000000
17.083333	-0.025641	532800.000000
17.187500	-0.025826	533000.000000
17.291667	-0.025853	533200.000000
17.395833	-0.026058	533400.000000
17.500000	-0.026179	533600.000000
17.604167	-0.026249	533800.000000
17.708333	-0.026513	534000.000000
17.812500	-0.026866	534200.000000
17.916667	-0.027072	534400.000000
18.020833	-0.027170	534600.000000
18.125000	-0.027786	534800.000000
18.229167	-0.028042	535000.000000
18.333333	-0.028250	535200.000000
18.437500	-0.028950	535400.000000
18.541667	-0.029339	535600.000000
18.645833	-0.029782	535800.000000
18.750000	-0.030352	536000.000000
18.854167	-0.031111	536200.000000
18.958333	-0.032040	536400.000000
19.062500	-0.032998	536600.000000
19.166667	-0.033829	536800.000000
19.270833	-0.034790	537000.000000
19.375000	-0.036124	537200.000000
19.479167	-0.037331	537400.000000
19.583333	-0.039064	537600.000000
19.687500	-0.040720	537800.000000
19.791667	-0.042840	538000.000000
19.895833	-0.044867	538200.000000
20.000000	-0.047309	538400.000000
20.104167	-0.050057	538600.000000
20.208333	-0.052737	538800.000000
20.312500	-0.056055	539000.000000
20.416667	-0.059568	539200.000000
20.520833	-0.063404	539400.000000
20.625000	-0.067182	539600.000000
20.729167	-0.070920	539800.000000
20.833333	-0.074736	540000.000000
20.937500	-0.078404	540200.000000
21.041667	-0.082113	540400.000000
21.145833	-0.084854	540600.000000
21.250000	-0.087005	540800.000000
21.354167	-0.088760	541000.000000
21.458333	-0.088783	541200.000000
21.562500	-0.086942	541400.000000
21.666667	-0.082025	541600.000000
21.770833	-0.070973	541800.000000
21.875000	-0.047450	542000.000000
21.979167	0.002351	542200.000000
22.083333	0.102894	542400.000000
22.187500	0.276085	542600.000000
22.291667	0.525375	542800.000000
22.395833	0.803705	543000.000000
22.500000	1.010636	543200.000000
22.604167	1.053573	543400.000000
22.708333	0.888822	543600.000000
22.812500	0.547720	543800.000000
22.916667	0.128615	544000.000000
23.020833	-0.234076	544200.000000
23.125000	-0.474108	544400.000000
23.229167	-0.574656	544600.000000
23.333333	-0.573159	544800.000000
23.437500	-0.526952	545000.000000
23.541667	-0.476336	545200.000000
23.645833	-0.427917	545400.000000
23.750000	-0.378437	545600.000000
23.854167	-0.329540	545800.000000
23.958333	-0.289403	546000.000000
24.062500	-0.273471	546200.000000
24.166667	-0.282037	546400.000000
24.270833	-0.294006	546600.000000
24.375000	-0.278930	546800.000000
24.479167	-0.219987	547000.000000
24.583333	-0.130877	547200.000000
24.687500	-0.046480	547400.000000
24.791667	0.002879	547600.000000
24.895833	0.006155	547800.000000
25.000000	-0.020202	548000.000000
25.104167	-0.049060	548200.000000
25.208333	-0.060534	548400.000000
25.312500	-0.050787	548600.000000
25.416667	-0.025639	548800.000000
25.520833	0.005085	549000.000000
25.625000	0.030884	549200.000000
25.729167	0.043403	549400.000000
25.833333	0.034921	549600.000000
25.937500	0.006229	549800.000000
26.041667	-0.030568	550000.000000
26.145833	-0.052565	550200.000000
26.250000	-0.045236	550400.000000
26.354167	-0.012029	550600.000000
26.458333	0.025682	550800.000000
26.562500	0.046080	551000.000000
26.666667	0.040892	551200.000000
26.770833	0.022503	551400.000000
26.875000	0.010587	551600.000000
26.979167	0.017361	551800.000000
27.083333	0.037991	552000.000000
27.187500	0.056196	552200.000000
27.291667	0.056382	552400.000000
27.395833	0.035954	552600.000000
27.500000	0.005398	552800.000000
27.604167	-0.023415	553000.000000
27.708333	-0.042790	553200.000000
27.812500	-0.052240	553400.000000
27.916667	-0.054121	553600.000000
28.020833	-0.051484	553800.000000
28.125000	-0.043837	554000.000000
28.229167	-0.029744	554200.000000
28.333333	-0.010484	554400.000000
28.437500	0.010290	554600.000000
28.541667	0.025364	554800.000000
28.645833	0.027302	555000.000000
28.750000	0.015347	555200.000000
28.854167	-0.004177	555400.000000
28.958333	-0.021564	555600.000000
29.062500	-0.028567	555800.000000
29.166667	-0.025226	556000.000000
29.270833	-0.018537	556200.000000
29.375000	-0.015340	556400.000000
29.479167	-0.019795	556600.000000
29.583333	-0.029787	556800.000000
29.687500	-0.039464	557000.000000
29.791667	-0.043230	557200.000000
29.895833	-0.038217	557400.000000
30.000000	-0.025617	557600.000000
30.104167	-0.010004	557800.000000
30.208333	0.001662	558000.000000
30.312500	0.006372	558200.000000
30.416667	0.005133	558400.000000
30.520833	0.001814	558600.000000
30.625000	-0.001138	558800.000000
30.729167	-0.003303	559000.000000
30.833333	-0.006180	559200.000000
30.937500	-0.009646	559400.000000
31.041667	-0.011820	559600.000000
31.145833	-0.011901	559800.000000
31.250000	-0.013313	560000.000000
31.354167	-0.020123	560200.000000
31.458333	-0.036514	560400.000000
31.562500	-0.062020	560600.000000
31.666667	-0.088081	560800.000000
31.770833	-0.100384	561000.000000
31.875000	-0.090830	561200.000000
31.979167	-0.062412	561400.000000
32.083333	-0.027996	561600.000000
32.187500	-0.002069	561800.000000
32.291667	0.007079	562000.000000
32.395833	0.000794	562200.000000
32.500000	-0.014119	562400.000000
32.604167	-0.028109	562600.000000
32.708333	-0.035474	562800.000000
32.812500	-0.036695	563000.000000
32.916667	-0.034786	563200.000000
33.020833	-0.032957	563400.000000
33.125000	-0.032545	563600.000000
33.229167	-0.033686	563800.000000
33.333333	-0.035820	564000.000000
33.437500	-0.037275	564200.000000
33.541667	-0.036847	564400.000000
33.645833	-0.033049	564600.000000
33.750000	-0.024226	564800.000000
33.854167	-0.011605	565000.000000
33.958333	0.003794	565200.000000
34.062500	0.018073	565400.000000
34.166667	0.024156	565600.000000
34.270833	0.016881	565800.000000
34.375000	-0.004013	566000.000000
34.479167	-0.032401	566200.000000
34.583333	-0.055022	566400.000000
34.687500	-0.059252	566600.000000
34.791667	-0.042731	566800.000000
34.895833	-0.014933	567000.000000
35.000000	0.005186	567200.000000
35.104167	0.006302	567400.000000
35.208333	-0.011212	567600.000000
35.312500	-0.034130	567800.000000
35.416667	-0.046937	568000.000000
35.520833	-0.040269	568200.000000
35.625000	-0.018950	568400.000000
35.729167	0.004614	568600.000000
35.833333	0.018602	568800.000000
35.937500	0.019364	569000.000000
36.041667	0.010748	569200.000000
36.145833	-0.002044	569400.000000
36.250000	-0.014536	569600.000000
36.354167	-0.021757	569800.000000
36.458333	-0.022373	570000.000000
36.562500	-0.015888	570200.000000
36.666667	-0.008617	570400.000000
36.770833	-0.008543	570600.000000
36.875000	-0.019898	570800.000000
36.979167	-0.039779	571000.000000
37.083333	-0.057149	571200.000000
37.187500	-0.060585	571400.000000
37.291667	-0.047881	571600.000000
37.395833	-0.022247	571800.000000
37.500000	0.002861	572000.000000
37.604167	0.021018	572200.000000
37.708333	0.026296	572400.000000
37.812500	0.016311	572600.000000
37.916667	-0.006064	572800.000000
38.020833	-0.033385	573000.000000
38.125000	-0.054352	573200.000000
38.229167	-0.060046	573400.000000
38.333333	-0.051065	573600.000000
38.437500	-0.037290	573800.000000
38.541667	-0.031659	574000.000000
38.645833	-0.041271	574200.000000
38.750000	-0.059187	574400.000000
38.854167	-0.071164	574600.000000
38.958333	-0.065602	574800.000000
39.062500	-0.041365	575000.000000
39.166667	-0.007086	575200.000000
39.270833	0.019902	575400.000000
39.375000	0.030319	575600.000000
39.479167	0.019167	575800.000000
39.583333	-0.005765	576000.000000
39.687500	-0.033281	576200.000000
39.791667	-0.049290	576400.000000
39.895833	-0.048848	576600.000000
40.000000	-0.037702	576800.000000
40.104167	-0.024477	577000.000000
40.208333	-0.015689	577200.000000
40.312500	-0.015273	577400.000000
40.416667	-0.022737	577600.000000
40.520833	-0.035438	577800.000000
40.625000	-0.047298	578000.000000
40.729167	-0.054270	578200.000000
40.833333	-0.051736	578400.000000
40.937500	-0.039504	578600.000000
41.041667	-0.022560	578800.000000
41.145833	-0.008124	579000.000000
41.250000	-0.002816	579200.000000
41.354167	-0.007220	579400.000000
41.458333	-0.015992	579600.000000
41.562500	-0.024124	579800.000000
41.666667	-0.027866	580000.000000
41.770833	-0.026110	580200.000000
41.875000	-0.021859	580400.000000
41.979167	-0.020348	580600.000000
42.083333	-0.024681	580800.000000
42.187500	-0.035655	581000.000000
42.291667	-0.048449	581200.000000
42.395833	-0.057303	581400.000000
42.500000	-0.056953	581600.000000
42.604167	-0.046861	581800.000000
42.708333	-0.031619	582000.000000
42.812500	-0.017019	582200.000000
42.916667	-0.007570	582400.000000
43.020833	-0.004529	582600.000000
43.125000	-0.006498	582800.000000
43.229167	-0.009902	583000.000000
43.333333	-0.012357	583200.000000
43.437500	-0.014041	583400.000000
43.541667	-0.018462	583600.000000
43.645833	-0.027491	583800.000000
43.750000	-0.040619	584000.000000
43.854167	-0.052631	584200.000000
43.958333	-0.056827	584400.000000
44.062500	-0.050360	584600.000000
44.166667	-0.037159	584800.000000
44.270833	-0.024959	585000.000000
44.375000	-0.018404	585200.000000
44.479167	-0.017449	585400.000000
44.583333	-0.017714	585600.000000
44.687500	-0.016002	585800.000000
44.791667	-0.013157	586000.000000
44.895833	-0.012365	586200.000000
45.000000	-0.015037	586400.000000
45.104167	-0.019883	586600.000000
45.208333	-0.023135	586800.000000
45.312500	-0.023386	587000.000000
45.416667	-0.022251	587200.000000
45.520833	-0.023410	587400.000000
45.625000	-0.028175	587600.000000
45.729167	-0.034859	587800.000000
45.833333	-0.039237	588000.000000
45.937500	-0.038078	588200.000000
46.041667	-0.032261	588400.000000
46.145833	-0.025589	588600.000000
46.250000	-0.022115	588800.000000
46.354167	-0.022745	589000.000000
46.458333	-0.025151	589200.000000
46.562500	-0.025977	589400.000000
46.666667	-0.023487	589600.000000
46.770833	-0.017877	589800.000000
46.875000	-0.011065	590000.000000
46.979167	-0.006212	590200.000000
47.083333	-0.005477	590400.000000
47.187500	-0.010021	590600.000000
47.291667	-0.020191	590800.000000
47.395833	-0.033146	591000.000000
47.500000	-0.043550	591200.000000
47.604167	-0.046195	591400.000000
47.708333	-0.041490	591600.000000
47.812500	-0.034105	591800.000000
47.916667	-0.029601	592000.000000
48.020833	-0.029491	592200.000000
48.125000	-0.029514	592400.000000
48.229167	-0.024835	592600.000000
48.333333	-0.014719	592800.000000
48.437500	-0.003424	593000.000000
48.541667	0.003159	593200.000000
48.645833	0.000864	593400.000000
48.750000	-0.008775	593600.000000
48.854167	-0.021232	593800.000000
48.958333	-0.032627	594000.000000
49.062500	-0.040772	594200.000000
49.166667	-0.044562	594400.000000
49.270833	-0.044370	594600.000000
49.375000	-0.039742	594800.000000
49.479167	-0.031499	595000.000000
49.583333	-0.022895	595200.000000
49.687500	-0.017997	595400.000000
49.791667	-0.017868	595600.000000
49.895833	-0.021296	595800.000000
50.000000	-0.024566	596000.000000
50.104167	-0.024643	596200.000000
50.208333	-0.019840	596400.000000
50.312500	-0.012209	596600.000000
50.416667	-0.005914	596800.000000
50.520833	-0.004835	597000.000000
50.625000	-0.011483	597200.000000
50.729167	-0.022651	597400.000000
50.833333	-0.033066	597600.000000
50.937500	-0.037793	597800.000000
51.041667	-0.034906	598000.000000
51.145833	-0.027761	598200.000000
51.250000	-0.020921	598400.000000
51.354167	-0.018487	598600.000000
51.458333	-0.021479	598800.000000
51.562500	-0.027566	599000.000000
51.666667	-0.032711	599200.000000
51.770833	-0.033959	599400.000000
51.875000	-0.029450	599600.000000
51.979167	-0.020861	599800.000000
52.083333	-0.011218	600000.000000
52.187500	-0.003948	600200.000000
52.291667	-0.002090	600400.000000
52.395833	-0.005947	600600.000000
52.500000	-0.013338	600800.000000
52.604167	-0.020824	601000.000000
52.708333	-0.028055	601200.000000
52.812500	-0.034645	601400.000000
52.916667	-0.040514	601600.000000
53.020833	-0.044545	601800.000000
53.125000	-0.044135	602000.000000
53.229167	-0.038764	602200.000000
53.333333	-0.029880	602400.000000
53.437500	-0.021497	602600.000000
53.541667	-0.015965	602800.000000
53.645833	-0.013232	603000.000000
53.750000	-0.012235	603200.000000
53.854167	-0.011454	603400.000000
53.958333	-0.011319	603600.000000
54.062500	-0.012691	603800.000000
54.166667	-0.016356	604000.000000
54.270833	-0.020864	604200.000000
54.375000	-0.025697	604400.000000
54.479167	-0.029772	604600.000000
54.583333	-0.033265	604800.000000
54.687500	-0.036288	605000.000000
54.791667	-0.037864	605200.000000
54.895833	-0.036497	605400.000000
55.000000	-0.032152	605600.000000
55.104167	-0.026704	605800.000000
55.208333	-0.021784	606000.000000
55.312500	-0.018089	606200.000000
55.416667	-0.016510	606400.000000
55.520833	-0.017509	606600.000000
55.625000	-0.021594	606800.000000
55.729167	-0.027326	607000.000000
55.833333	-0.030797	607200.000000
55.937500	-0.029392	607400.000000
56.041667	-0.023699	607600.000000
56.145833	-0.019019	607800.000000
56.250000	-0.019397	608000.000000
56.354167	-0.025665	608200.000000
56.458333	-0.034749	608400.000000
56.562500	-0.040821	608600.000000
56.666667	-0.040677	608800.000000
56.770833	-0.035609	609000.000000
56.875000	-0.030263	609200.000000
56.979167	-0.028033	609400.000000
57.083333	-0.028484	609600.000000
57.187500	-0.029543	609800.000000
57.291667	-0.029092	610000.000000
57.395833	-0.025535	610200.000000
57.500000	-0.020038	610400.000000
57.604167	-0.013948	610600.000000
57.708333	-0.009789	610800.000000
57.812500	-0.010258	611000.000000
57.916667	-0.016366	611200.000000
58.020833	-0.027158	611400.000000
58.125000	-0.039173	611600.000000
58.229167	-0.047362	611800.000000
58.333333	-0.048610	612000.000000
58.437500	-0.042633	612200.000000
58.541667	-0.033707	612400.000000
58.645833	-0.026715	612600.000000
58.750000	-0.024122	612800.000000
58.854167	-0.024548	613000.000000
58.958333	-0.024772	613200.000000
59.062500	-0.022692	613400.000000
59.166667	-0.019103	613600.000000
59.270833	-0.016262	613800.000000
59.375000	-0.014947	614000.000000
59.479167	-0.015455	614200.000000
59.583333	-0.017798	614400.000000
59.687500	-0.022560	614600.000000
59.791667	-0.029317	614800.000000
59.895833	-0.036744	615000.000000
60.000000	-0.041735	615200.000000
60.104167	-0.040860	615400.000000
60.208333	-0.034132	615600.000000
60.312500	-0.024710	615800.000000
60.416667	-0.017342	616000.000000
60.520833	-0.015646	616200.000000
60.625000	-0.018324	616400.000000
60.729167	-0.022860	616600.000000
60.833333	-0.025814	616800.000000
60.937500	-0.025828	617000.000000
61.041667	-0.023240	617200.000000
61.145833	-0.020190	617400.000000
61.250000	-0.017543	617600.000000
61.354167	-0.015297	617800.000000
61.458333	-0.014307	618000.000000
61.562500	-0.014694	618200.000000
61.666667	-0.016502	618400.000000
61.770833	-0.019858	618600.000000
61.875000	-0.024161	618800.000000
61.979167	-0.028257	619000.000000
62.083333	-0.030784	619200.000000
62.187500	-0.031104	619400.000000
62.291667	-0.028627	619600.000000
62.395833	-0.024302	619800.000000
62.500000	-0.019715	620000.000000
62.604167	-0.015566	620200.000000
62.708333	-0.013275	620400.000000
62.812500	-0.013262	620600.000000
62.916667	-0.014621	620800.000000
63.020833	-0.016249	621000.000000
63.125000	-0.016578	621200.000000
63.229167	-0.015724	621400.000000
63.333333	-0.014940	621600.000000
63.437500	-0.016357	621800.000000
63.541667	-0.020872	622000.000000
63.645833	-0.027327	622200.000000
63.750000	-0.032408	622400.000000
63.854167	-0.033641	622600.000000
63.958333	-0.029526	622800.000000
64.062500	-0.021981	623000.000000
64.166667	-0.013656	623200.000000
64.270833	-0.006950	623400.000000
64.375000	-0.004508	623600.000000
64.479167	-0.006179	623800.000000
64.583333	-0.010770	624000.000000
64.687500	-0.016331	624200.000000
64.791667	-0.021325	624400.000000
64.895833	-0.023961	624600.000000
65.000000	-0.025232	624800.000000
65.104167	-0.026155	625000.000000
65.208333	-0.027820	625200.000000
65.312500	-0.030406	625400.000000
65.416667	-0.033891	625600.000000
65.520833	-0.036439	625800.000000
65.625000	-0.036479	626000.000000
65.729167	-0.033995	626200.000000
65.833333	-0.029441	626400.000000
65.937500	-0.024881	626600.000000
66.041667	-0.022579	626800.000000
66.145833	-0.024114	627000.000000
66.250000	-0.027892	627200.000000
66.354167	-0.031417	627400.000000
66.458333	-0.030654	627600.000000
66.562500	-0.024926	627800.000000
66.666667	-0.017465	628000.000000
66.770833	-0.012405	628200.000000
66.875000	-0.013174	628400.000000
66.979167	-0.019526	628600.000000
67.083333	-0.027865	628800.000000
67.187500	-0.034583	629000.000000
67.291667	-0.037269	629200.000000
67.395833	-0.035385	629400.000000
67.500000	-0.031485	629600.000000
67.604167	-0.027677	629800.000000
67.708333	-0.025206	630000.000000
67.812500	-0.024905	630200.000000
67.916667	-0.026189	630400.000000
68.020833	-0.027279	630600.000000
68.125000	-0.026241	630800.000000
68.229167	-0.022104	631000.000000
68.333333	-0.015894	631200.000000
68.437500	-0.011468	631400.000000
68.541667	-0.011598	631600.000000
68.645833	-0.016725	631800.000000
68.750000	-0.024946	632000.000000
68.854167	-0.032372	632200.000000
68.958333	-0.036404	632400.000000
69.062500	-0.036411	632600.000000
69.166667	-0.033559	632800.000000
69.270833	-0.029348	633000.000000
69.375000	-0.025406	633200.000000
69.479167	-0.020671	633400.000000
69.583333	-0.015415	633600.000000
69.687500	-0.011227	633800.000000
69.791667	-0.009052	634000.000000
69.895833	-0.009054	634200.000000
70.000000	-0.010918	634400.000000
70.104167	-0.013436	634600.000000
70.208333	-0.016035	634800.000000
70.312500	-0.018319	635000.000000
70.416667	-0.020460	635200.000000
70.520833	-0.022121	635400.000000
70.625000	-0.023000	635600.000000
70.729167	-0.023369	635800.000000
70.833333	-0.024415	636000.000000
70.937500	-0.026995	636200.000000
71.041667	-0.031672	636400.000000
71.145833	-0.036247	636600.000000
71.250000	-0.038919	636800.000000
71.354167	-0.038187	637000.000000
71.458333	-0.034827	637200.000000
71.562500	-0.031829	637400.000000
71.666667	-0.030409	637600.000000
71.770833	-0.032427	637800.000000
71.875000	-0.036177	638000.000000
71.979167	-0.039726	638200.000000
72.083333	-0.041050	638400.000000
72.187500	-0.039295	638600.000000
72.291667	-0.035208	638800.000000
72.395833	-0.031125	639000.000000
72.500000	-0.028540	639200.000000
72.604167	-0.028768	639400.000000
72.708333	-0.031975	639600.000000
72.812500	-0.036011	639800.000000
72.916667	-0.038547	640000.000000
73.020833	-0.036948	640200.000000
73.125000	-0.030991	640400.000000
73.229167	-0.022282	640600.000000
73.333333	-0.013921	640800.000000
73.437500	-0.009563	641000.000000
73.541667	-0.008918	641200.000000
73.645833	-0.011444	641400.000000
73.750000	-0.014507	641600.000000
73.854167	-0.016266	641800.000000
73.958333	-0.016766	642000.000000
74.062500	-0.017284	642200.000000
74.166667	-0.018420	642400.000000
74.270833	-0.021833	642600.000000
74.375000	-0.026839	642800.000000
74.479167	-0.031313	643000.000000
74.583333	-0.033570	643200.000000
74.687500	-0.032097	643400.000000
74.791667	-0.027043	643600.000000
74.895833	-0.020624	643800.000000
75.000000	-0.016451	644000.000000
75.104167	-0.015889	644200.000000
75.208333	-0.019234	644400.000000
75.312500	-0.024231	644600.000000
75.416667	-0.028415	644800.000000
75.520833	-0.029417	645000.000000
75.625000	-0.027499	645200.000000
75.729167	-0.024145	645400.000000
75.833333	-0.021321	645600.000000
75.937500	-0.021016	645800.000000
76.041667	-0.023618	646000.000000
76.145833	-0.027179	646200.000000
76.250000	-0.029810	646400.000000
76.354167	-0.029465	646600.000000
76.458333	-0.025573	646800.000000
76.562500	-0.019167	647000.000000
76.666667	-0.014061	647200.000000
76.770833	-0.012974	647400.000000
76.875000	-0.016182	647600.000000
76.979167	-0.021971	647800.000000
77.083333	-0.027419	648000.000000
77.187500	-0.029138	648200.000000
77.291667	-0.027510	648400.000000
77.395833	-0.024219	648600.000000
77.500000	-0.020722	648800.000000
77.604167	-0.019578	649000.000000
77.708333	-0.021854	649200.000000
77.812500	-0.026695	649400.000000
77.916667	-0.032765	649600.000000
78.020833	-0.037798	649800.000000
78.125000	-0.040691	650000.000000
78.229167	-0.040289	650200.000000
78.333333	-0.037126	650400.000000
78.437500	-0.032857	650600.000000
78.541667	-0.029159	650800.000000
78.645833	-0.026511	651000.000000
78.750000	-0.024728	651200.000000
78.854167	-0.023246	651400.000000
78.958333	-0.022413	651600.000000
79.062500	-0.022027	651800.000000
79.166667	-0.022625	652000.000000
79.270833	-0.024300	652200.000000
79.375000	-0.026843	652400.000000
79.479167	-0.029595	652600.000000
79.583333	-0.031781	652800.000000
79.687500	-0.032740	653000.000000
79.791667	-0.033214	653200.000000
79.895833	-0.033047	653400.000000
80.000000	-0.032532	653600.000000
80.104167	-0.031688	653800.000000
80.208333	-0.030578	654000.000000
80.312500	-0.028782	654200.000000
80.416667	-0.026879	654400.000000
80.520833	-0.024747	654600.000000
80.625000	-0.023263	654800.000000
80.729167	-0.022941	655000.000000
80.833333	-0.023418	655200.000000
80.937500	-0.024219	655400.000000
81.041667	-0.025391	655600.000000
81.145833	-0.025933	655800.000000
81.250000	-0.026480	656000.000000
81.354167	-0.026734	656200.000000
81.458333	-0.026104	656400.000000
81.562500	-0.025076	656600.000000
81.666667	-0.024023	656800.000000
81.770833	-0.023921	657000.000000
81.875000	-0.024717	657200.000000
81.979167	-0.025584	657400.000000
82.083333	-0.026044	657600.000000
82.187500	-0.025614	657800.000000
82.291667	-0.024491	658000.000000
82.395833	-0.023287	658200.000000
82.500000	-0.021844	658400.000000
82.604167	-0.019907	658600.000000
82.708333	-0.017416	658800.000000
82.812500	-0.015199	659000.000000
82.916667	-0.014360	659200.000000
83.020833	-0.015902	659400.000000
83.125000	-0.018813	659600.000000
83.229167	-0.022337	659800.000000
83.333333	-0.025221	660000.000000
83.437500	-0.026446	660200.000000
83.541667	-0.026299	660400.000000
83.645833	-0.025462	660600.000000
83.750000	-0.023223	660800.000000
83.854167	-0.020245	661000.000000
83.958333	-0.017276	661200.000000
84.062500	-0.015381	661400.000000
84.166667	-0.015282	661600.000000
84.270833	-0.016672	661800.000000
84.375000	-0.017796	662000.000000
84.479167	-0.018097	662200.000000
84.583333	-0.017277	662400.000000
84.687500	-0.016774	662600.000000
84.791667	-0.017907	662800.000000
84.895833	-0.020985	663000.000000
85.000000	-0.025010	663200.000000
85.104167	-0.028491	663400.000000
85.208333	-0.029744	663600.000000
85.312500	-0.028760	663800.000000
85.416667	-0.025914	664000.000000
85.520833	-0.022477	664200.000000
85.625000	-0.019481	664400.000000
85.729167	-0.017527	664600.000000
85.833333	-0.017650	664800.000000
85.937500	-0.019321	665000.000000
86.041667	-0.021934	665200.000000
86.145833	-0.023620	665400.000000
86.250000	-0.024260	665600.000000
86.354167	-0.023359	665800.000000
86.458333	-0.022371	666000.000000
86.562500	-0.022294	666200.000000
86.666667	-0.022697	666400.000000
86.770833	-0.023874	666600.000000
86.875000	-0.025186	666800.000000
86.979167	-0.025815	667000.000000
87.083333	-0.026171	667200.000000
87.187500	-0.026422	667400.000000
87.291667	-0.026749	667600.000000
87.395833	-0.027218	667800.000000
87.500000	-0.027067	668000.000000
87.604167	-0.026058	668200.000000
87.708333	-0.024017	668400.000000
87.812500	-0.021783	668600.000000
87.916667	-0.020047	668800.000000
88.020833	-0.019062	669000.000000
88.125000	-0.018903	669200.000000
88.229167	-0.019336	669400.000000
88.333333	-0.020235	669600.000000
88.437500	-0.021875	669800.000000
88.541667	-0.024073	670000.000000
88.645833	-0.026257	670200.000000
88.750000	-0.028199	670400.000000
88.854167	-0.028851	670600.000000
88.958333	-0.028508	670800.000000
89.062500	-0.028172	671000.000000
89.166667	-0.027321	671200.000000
89.270833	-0.026307	671400.000000
89.375000	-0.024400	671600.000000
89.479167	-0.022386	671800.000000
89.583333	-0.020498	672000.000000
89.687500	-0.019139	672200.000000
89.791667	-0.018916	672400.000000
89.895833	-0.020023	672600.000000
90.000000	-0.021717	672800.000000
90.104167	-0.024250	673000.000000
90.208333	-0.026551	673200.000000
90.312500	-0.029033	673400.000000
90.416667	-0.030519	673600.000000
90.520833	-0.030902	673800.000000
90.625000	-0.030189	674000.000000
90.729167	-0.028539	674200.000000
90.833333	-0.026499	674400.000000
90.937500	-0.025094	674600.000000
91.041667	-0.024412	674800.000000
91.145833	-0.024527	675000.000000
91.250000	-0.025447	675200.000000
91.354167	-0.026560	675400.000000
91.458333	-0.027694	675600.000000
91.562500	-0.027910	675800.000000
91.666667	-0.026996	676000.000000
91.770833	-0.025541	676200.000000
91.875000	-0.023773	676400.000000
91.979167	-0.022907	676600.000000
92.083333	-0.023547	676800.000000
92.187500	-0.025055	677000.000000
92.291667	-0.027018	677200.000000
92.395833	-0.028694	677400.000000
92.500000	-0.028676	677600.000000
92.604167	-0.027830	677800.000000
92.708333	-0.026072	678000.000000
92.812500	-0.024126	678200.000000
92.916667	-0.022776	678400.000000
93.020833	-0.022210	678600.000000
93.125000	-0.022437	678800.000000
93.229167	-0.022654	679000.000000
93.333333	-0.022902	679200.000000
93.437500	-0.022528	679400.000000
93.541667	-0.021911	679600.000000
93.645833	-0.021299	679800.000000
93.750000	-0.021335	680000.000000
93.854167	-0.022557	680200.000000
93.958333	-0.024854	680400.000000
94.062500	-0.028164	680600.000000
94.166667	-0.031154	680800.000000
94.270833	-0.033218	681000.000000
94.375000	-0.033709	681200.000000
94.479167	-0.032007	681400.000000
94.583333	-0.028449	681600.000000
94.687500	-0.024336	681800.000000
94.791667	-0.021200	682000.000000
94.895833	-0.020233	682200.000000
95.000000	-0.021025	682400.000000
95.104167	-0.023006	682600.000000
95.208333	-0.024730	682800.000000
95.312500	-0.025695	683000.000000
95.416667	-0.025709	683200.000000
95.520833	-0.026003	683400.000000
95.625000	-0.026575	683600.000000
95.729167	-0.027476	683800.000000
95.833333	-0.028518	684000.000000
95.937500	-0.029064	684200.000000
96.041667	-0.028964	684400.000000
96.145833	-0.028115	684600.000000
96.250000	-0.026829	684800.000000
96.354167	-0.025671	685000.000000
96.458333	-0.024807	685200.000000
96.562500	-0.024191	685400.000000
96.666667	-0.024473	685600.000000
96.770833	-0.024631	685800.000000
96.875000	-0.024905	686000.000000
96.979167	-0.024164	686200.000000
97.083333	-0.023061	686400.000000
97.187500	-0.021939	686600.000000
97.291667	-0.020874	686800.000000
97.395833	-0.020496	687000.000000
97.500000	-0.021216	687200.000000
97.604167	-0.022283	687400.000000
97.708333	-0.023961	687600.000000
97.812500	-0.025746	687800.000000
97.916667	-0.026916	688000.000000
98.020833	-0.027366	688200.000000
98.125000	-0.026885	688400.000000
98.229167	-0.026208	688600.000000
98.333333	-0.025518	688800.000000
98.437500	-0.025568	689000.000000
98.541667	-0.026283	689200.000000
98.645833	-0.027058	689400.000000
98.750000	-0.026980	689600.000000
98.854167	-0.025475	689800.000000
98.958333	-0.023216	690000.000000
99.062500	-0.021881	690200.000000
99.166667	-0.021927	690400.000000
99.270833	-0.024427	690600.000000
99.375000	-0.027814	690800.000000
99.479167	-0.031165	691000.000000
99.583333	-0.032299	691200.000000
99.687500	-0.031600	691400.000000
99.791667	-0.028891	691600.000000
99.895833	-0.025323	691800.000000
100.000000	-0.022577	692000.000000
100.104167	-0.021355	692200.000000
100.208333	-0.021659	692400.000000
100.312500	-0.023162	692600.000000
100.416667	-0.024928	692800.000000
100.520833	-0.025831	693000.000000
100.625000	-0.025569	693200.000000
100.729167	-0.024472	693400.000000
100.833333	-0.023119	693600.000000
100.937500	-0.022697	693800.000000
101.041667	-0.023321	694000.000000
101.145833	-0.024328	694200.000000
101.250000	-0.025827	694400.000000
101.354167	-0.026502	694600.000000
101.458333	-0.026288	694800.000000
101.562500	-0.025020	695000.000000
101.666667	-0.023532	695200.000000
101.770833	-0.022530	695400.000000
101.875000	-0.022685	695600.000000
101.979167	-0.023692	695800.000000
102.083333	-0.025357	696000.000000
102.187500	-0.026661	696200.000000
102.291667	-0.027463	696400.000000
102.395833	-0.027314	696600.000000
102.500000	-0.026069	696800.000000
102.604167	-0.024587	697000.000000
102.708333	-0.023681	697200.000000
102.812500	-0.023633	697400.000000
102.916667	-0.024939	697600.000000
103.020833	-0.026821	697800.000000
103.125000	-0.028264	698000.000000
103.229167	-0.029635	698200.000000
103.333333	-0.030364	698400.000000
103.437500	-0.030763	698600.000000
103.541667	-0.030617	698800.000000
103.645833	-0.029554	699000.000000
103.750000	-0.027699	699200.000000
103.854167	-0.025732	699400.000000
103.958333	-0.024050	699600.000000
104.062500	-0.023338	699800.000000
104.166667	-0.023681	700000.000000
104.270833	-0.024536	700200.000000
104.375000	-0.025354	700400.000000
104.479167	-0.026046	700600.000000
104.583333	-0.026253	700800.000000
104.687500	-0.026216	701000.000000
104.791667	-0.026478	701200.000000
104.895833	-0.027195	701400.000000
105.000000	-0.027963	701600.000000
105.104167	-0.028411	701800.000000
105.208333	-0.027561	702000.000000
105.312500	-0.025803	702200.000000
105.416667	-0.023500	702400.000000
105.520833	-0.021507	702600.000000
105.625000	-0.020704	702800.000000
105.729167	-0.020786	703000.000000
105.833333	-0.021884	703200.000000
105.937500	-0.023193	703400.000000
106.041667	-0.024208	703600.000000
106.145833	-0.025042	703800.000000
106.250000	-0.025209	704000.000000
106.354167	-0.025013	704200.000000
106.458333	-0.024876	704400.000000
106.562500	-0.024706	704600.000000
106.666667	-0.025338	704800.000000
106.770833	-0.026128	705000.000000
106.875000	-0.026858	705200.000000
106.979167	-0.026636	705400.000000
107.083333	-0.025657	705600.000000
107.187500	-0.024060	705800.000000
107.291667	-0.022595	706000.000000
107.395833	-0.022080	706200.000000
107.500000	-0.022276	706400.000000
107.604167	-0.023323	706600.000000
107.708333	-0.024411	706800.000000
107.812500	-0.024733	707000.000000
107.916667	-0.023672	707200.000000
108.020833	-0.021771	707400.000000
108.125000	-0.019875	707600.000000
108.229167	-0.019298	707800.000000
108.333333	-0.020336	708000.000000
108.437500	-0.023465	708200.000000
108.541667	-0.027284	708400.000000
108.645833	-0.029933	708600.000000
108.750000	-0.030461	708800.000000
108.854167	-0.028351	709000.000000
108.958333	-0.025344	709200.000000
109.062500	-0.023036	709400.000000
109.166667	-0.022462	709600.000000
109.270833	-0.023642	709800.000000
109.375000	-0.025808	710000.000000
109.479167	-0.027762	710200.000000
109.583333	-0.027884	710400.000000
109.687500	-0.027170	710600.000000
109.791667	-0.025890	710800.000000
109.895833	-0.024788	711000.000000
110.000000	-0.024799	711200.000000
110.104167	-0.025687	711400.000000
110.208333	-0.027460	711600.000000
110.312500	-0.029290	711800.000000
110.416667	-0.029801	712000.000000
110.520833	-0.028988	712200.000000
110.625000	-0.026422	712400.000000
110.729167	-0.023457	712600.000000
110.833333	-0.021141	712800.000000
110.937500	-0.019820	713000.000000
111.041667	-0.020063	713200.000000
111.145833	-0.021389	713400.000000
111.250000	-0.023234	713600.000000
111.354167	-0.024494	713800.000000
111.458333	-0.025284	714000.000000
111.562500	-0.025733	714200.000000
111.666667	-0.025103	714400.000000
111.770833	-0.024388	714600.000000
111.875000	-0.024295	714800.000000
111.979167	-0.024956	715000.000000
112.083333	-0.025893	715200.000000
112.187500	-0.026665	715400.000000
112.291667	-0.026682	715600.000000
112.395833	-0.026151	715800.000000
112.500000	-0.025278	716000.000000
112.604167	-0.024827	716200.000000
112.708333	-0.025114	716400.000000
112.812500	-0.025011	716600.000000
112.916667	-0.024812	716800.000000
113.020833	-0.024575	717000.000000
113.125000	-0.023877	717200.000000
113.229167	-0.023383	717400.000000
113.333333	-0.022703	717600.000000
113.437500	-0.022255	717800.000000
113.541667	-0.021869	718000.000000
113.645833	-0.021925	718200.000000
113.750000	-0.022595	718400.000000
113.854167	-0.023629	718600.000000
113.958333	-0.024626	718800.000000
114.062500	-0.025563	719000.000000
114.166667	-0.025993	719200.000000
114.270833	-0.025459	719400.000000
114.375000	-0.024165	719600.000000
114.479167	-0.022535	719800.000000
114.583333	-0.021121	720000.000000
114.687500	-0.020429	720200.000000
114.791667	-0.020958	720400.000000
114.895833	-0.022505	720600.000000
115.000000	-0.023711	720800.000000
115.104167	-0.024489	721000.000000
115.208333	-0.024711	721200.000000
115.312500	-0.024806	721400.000000
115.416667	-0.025487	721600.000000
115.520833	-0.026468	721800.000000
115.625000	-0.027713	722000.000000
115.729167	-0.028564	722200.000000
115.833333	-0.028608	722400.000000
115.937500	-0.027514	722600.000000
116.041667	-0.025778	722800.000000
116.145833	-0.023912	723000.000000
116.250000	-0.022725	723200.000000
116.354167	-0.022479	723400.000000
116.458333	-0.022766	723600.000000
116.562500	-0.023365	723800.000000
116.666667	-0.024060	724000.000000
116.770833	-0.024385	724200.000000
116.875000	-0.023857	724400.000000
116.979167	-0.022783	724600.000000
117.083333	-0.021492	724800.000000
117.187500	-0.020341	725000.000000
117.291667	-0.019543	725200.000000
117.395833	-0.019680	725400.000000
117.500000	-0.020638	725600.000000
117.604167	-0.021612	725800.000000
117.708333	-0.022618	726000.000000
117.812500	-0.022691	726200.000000
117.916667	-0.022240	726400.000000
118.020833	-0.022323	726600.000000
118.125000	-0.023141	726800.000000
118.229167	-0.024580	727000.000000
118.333333	-0.027389	727200.000000
118.437500	-0.029840	727400.000000
118.541667	-0.031538	727600.000000
118.645833	-0.031807	727800.000000
118.750000	-0.030546	728000.000000
118.854167	-0.029199	728200.000000
118.958333	-0.028468	728400.000000
119.062500	-0.028373	728600.000000
119.166667	-0.029397	728800.000000
119.270833	-0.030507	729000.000000
119.375000	-0.031331	729200.000000
119.479167	-0.031533	729400.000000
119.583333	-0.030773	729600.000000
119.687500	-0.029592	729800.000000
119.791667	-0.027929	730000.000000
119.895833	-0.026237	730200.000000
120.000000	-0.024703	730400.000000
120.104167	-0.023150	730600.000000
120.208333	-0.021909	730800.000000
120.312500	-0.021227	731000.000000
120.416667	-0.021550	731200.000000
120.520833	-0.022889	731400.000000
120.625000	-0.024483	731600.000000
120.729167	-0.025738	731800.000000
120.833333	-0.026308	732000.000000
120.937500	-0.025958	732200.000000
121.041667	-0.025257	732400.000000
121.145833	-0.024847	732600.000000
121.250000	-0.024791	732800.000000
121.354167	-0.025329	733000.000000
121.458333	-0.026235	733200.000000
121.562500	-0.027067	733400.000000
121.666667	-0.027552	733600.000000
121.770833	-0.027571	733800.000000
121.875000	-0.027105	734000.000000
121.979167	-0.026212	734200.000000
122.083333	-0.025305	734400.000000
122.187500	-0.024798	734600.000000
122.291667	-0.024715	734800.000000
122.395833	-0.024779	735000.000000
122.500000	-0.024850	735200.000000
122.604167	-0.024316	735400.000000
122.708333	-0.023825	735600.000000
122.812500	-0.023452	735800.000000
122.916667	-0.023139	736000.000000
123.020833	-0.023830	736200.000000
123.125000	-0.024583	736400.000000
123.229167	-0.025231	736600.000000
123.333333	-0.025256	736800.000000
123.437500	-0.024901	737000.000000
123.541667	-0.023902	737200.000000
123.645833	-0.022682	737400.000000
123.750000	-0.022040	737600.000000
123.854167	-0.021929	737800.000000
123.958333	-0.022299	738000.000000
124.062500	-0.022997	738200.000000
124.166667	-0.023991	738400.000000
124.270833	-0.024281	738600.000000
124.375000	-0.024170	738800.000000
124.479167	-0.023977	739000.000000
124.583333	-0.023976	739200.000000
124.687500	-0.024755	739400.000000
124.791667	-0.026109	739600.000000
124.895833	-0.027370	739800.000000
125.000000	-0.027986	740000.000000
125.104167	-0.027301	740200.000000
125.208333	-0.025784	740400.000000
125.312500	-0.023935	740600.000000
125.416667	-0.023263	740800.000000
125.520833	-0.023698	741000.000000
125.625000	-0.025320	741200.000000
125.729167	-0.027392	741400.000000
125.833333	-0.029007	741600.000000
125.937500	-0.029795	741800.000000
126.041667	-0.029870	742000.000000
126.145833	-0.029172	742200.000000
126.250000	-0.028160	742400.000000
126.354167	-0.027528	742600.000000
126.458333	-0.027633	742800.000000
126.562500	-0.028465	743000.000000
126.666667	-0.029350	743200.000000
126.770833	-0.029805	743400.000000
126.875000	-0.029035	743600.000000
126.979167	-0.027832	743800.000000
127.083333	-0.025949	744000.000000
127.187500	-0.024751	744200.000000
127.291667	-0.024519	744400.000000
127.395833	-0.025066	744600.000000
127.500000	-0.025930	744800.000000
127.604167	-0.026797	745000.000000
127.708333	-0.027252	745200.000000
127.812500	-0.026751	745400.000000
127.916667	-0.025528	745600.000000
128.020833	-0.023971	745800.000000
128.125000	-0.023254	746000.000000
128.229167	-0.023747	746200.000000
128.333333	-0.025066	746400.000000
128.437500	-0.026375	746600.000000
128.541667	-0.026906	746800.000000
128.645833	-0.026195	747000.000000
128.750000	-0.024909	747200.000000
128.854167	-0.023229	747400.000000
128.958333	-0.022294	747600.000000
129.062500	-0.021783	747800.000000
129.166667	-0.021943	748000.000000
129.270833	-0.022174	748200.000000
129.375000	-0.022783	748400.000000
129.479167	-0.023790	748600.000000
129.583333	-0.024978	748800.000000
129.687500	-0.026237	749000.000000
129.791667	-0.027269	749200.000000
129.895833	-0.028342	749400.000000
130.000000	-0.029266	749600.000000
130.104167	-0.029931	749800.000000
130.208333	-0.030496	750000.000000
