0.000000	-0.023576	550000.000000
0.104167	-0.023596	550200.000000
0.208333	-0.023563	550400.000000
0.312500	-0.023585	550600.000000
0.416667	-0.023324	550800.000000
0.520833	-0.023748	551000.000000
0.625000	-0.023554	551200.000000
0.729167	-0.023786	551400.000000
0.833333	-0.023565	551600.000000
0.937500	-0.023590	551800.000000
1.041667	-0.023750	552000.000000
1.145833	-0.023806	552200.000000
1.250000	-0.023463	552400.000000
1.354167	-0.023647	552600.000000
1.458333	-0.023657	552800.000000
1.562500	-0.023629	553000.000000
1.666667	-0.023481	553200.000000
1.770833	-0.023608	553400.000000
1.875000	-0.023446	553600.000000
1.979167	-0.023499	553800.000000
2.083333	-0.023800	554000.000000
2.187500	-0.023525	554200.000000
2.291667	-0.023458	554400.000000
2.395833	-0.023538	554600.000000
2.500000	-0.023584	554800.000000
2.604167	-0.023545	555000.000000
2.708333	-0.023615	555200.000000
2.812500	-0.023391	555400.000000
2.916667	-0.023371	555600.000000
3.020833	-0.023328	555800.000000
3.125000	-0.023602	556000.000000
3.229167	-0.023510	556200.000000
3.333333	-0.023491	556400.000000
3.437500	-0.023483	556600.000000
3.541667	-0.023508	556800.000000
3.645833	-0.023464	557000.000000
3.750000	-0.023548	557200.000000
3.854167	-0.023302	557400.000000
3.958333	-0.023603	557600.000000
4.062500	-0.023616	557800.000000
4.166667	-0.023452	558000.000000
4.270833	-0.023587	558200.000000
4.375000	-0.023593	558400.000000
4.479167	-0.023396	558600.000000
4.583333	-0.023670	558800.000000
4.687500	-0.023625	559000.000000
4.791667	-0.023493	559200.000000
4.895833	-0.023574	559400.000000
5.000000	-0.023538	559600.000000
5.104167	-0.023501	559800.000000
5.208333	-0.023616	560000.000000
5.312500	-0.023828	560200.000000
5.416667	-0.023427	560400.000000
5.520833	-0.023481	560600.000000
5.625000	-0.023610	560800.000000
5.729167	-0.023846	561000.000000
5.833333	-0.023539	561200.000000
5.937500	-0.023677	561400.000000
6.041667	-0.023676	561600.000000
6.145833	-0.023542	561800.000000
6.250000	-0.023602	562000.000000
6.354167	-0.023723	562200.000000
6.458333	-0.023709	562400.000000
6.562500	-0.023591	562600.000000
6.666667	-0.023614	562800.000000
6.770833	-0.023464	563000.000000
6.875000	-0.023490	563200.000000
6.979167	-0.023358	563400.000000
7.083333	-0.023453	563600.000000
7.187500	-0.023690	563800.000000
7.291667	-0.023546	564000.000000
7.395833	-0.023592	564200.000000
7.500000	-0.023542	564400.000000
7.604167	-0.023795	564600.000000
7.708333	-0.023673	564800.000000
7.812500	-0.023260	565000.000000
7.916667	-0.023473	565200.000000
8.020833	-0.023543	565400.000000
8.125000	-0.023526	565600.000000
8.229167	-0.023469	565800.000000
8.333333	-0.023584	566000.000000
8.437500	-0.023505	566200.000000
8.541667	-0.023532	566400.000000
8.645833	-0.023505	566600.000000
8.750000	-0.023510	566800.000000
8.854167	-0.023495	567000.000000
8.958333	-0.023596	567200.000000
9.062500	-0.023608	567400.000000
9.166667	-0.023400	567600.000000
9.270833	-0.023648	567800.000000
9.375000	-0.023714	568000.000000
9.479167	-0.023664	568200.000000
9.583333	-0.023512	568400.000000
9.687500	-0.023549	568600.000000
9.791667	-0.023577	568800.000000
9.895833	-0.023554	569000.000000
10.000000	-0.023595	569200.000000
10.104167	-0.023567	569400.000000
10.208333	-0.023505	569600.000000
10.312500	-0.023543	569800.000000
10.416667	-0.023667	570000.000000
10.520833	-0.023494	570200.000000
10.625000	-0.023635	570400.000000
10.729167	-0.023490	570600.000000
10.833333	-0.023419	570800.000000
10.937500	-0.023583	571000.000000
11.041667	-0.023453	571200.000000
11.145833	-0.023621	571400.000000
11.250000	-0.023500	571600.000000
11.354167	-0.023627	571800.000000
11.458333	-0.023362	572000.000000
11.562500	-0.023321	572200.000000
11.666667	-0.023577	572400.000000
11.770833	-0.023623	572600.000000
11.875000	-0.023513	572800.000000
11.979167	-0.023405	573000.000000
12.083333	-0.023576	573200.000000
12.187500	-0.023609	573400.000000
12.291667	-0.023443	573600.000000
12.395833	-0.023497	573800.000000
12.500000	-0.023371	574000.000000
12.604167	-0.023598	574200.000000
12.708333	-0.023720	574400.000000
12.812500	-0.023695	574600.000000
12.916667	-0.023519	574800.000000
13.020833	-0.023633	575000.000000
13.125000	-0.023660	575200.000000
13.229167	-0.023677	575400.000000
13.333333	-0.023591	575600.000000
13.437500	-0.023395	575800.000000
13.541667	-0.023607	576000.000000
13.645833	-0.023671	576200.000000
13.750000	-0.023590	576400.000000
13.854167	-0.023617	576600.000000
13.958333	-0.023649	576800.000000
14.062500	-0.023601	577000.000000
14.166667	-0.023476	577200.000000
14.270833	-0.023481	577400.000000
14.375000	-0.023606	577600.000000
14.479167	-0.023474	577800.000000
14.583333	-0.023570	578000.000000
14.687500	-0.023386	578200.000000
14.791667	-0.023383	578400.000000
14.895833	-0.023532	578600.000000
15.000000	-0.023451	578800.000000
15.104167	-0.023408	579000.000000
15.208333	-0.023443	579200.000000
15.312500	-0.023404	579400.000000
15.416667	-0.023542	579600.000000
15.520833	-0.023686	579800.000000
15.625000	-0.023580	580000.000000
15.729167	-0.023541	580200.000000
15.833333	-0.023465	580400.000000
15.937500	-0.023631	580600.000000
16.041667	-0.023592	580800.000000
16.145833	-0.023636	581000.000000
16.250000	-0.023600	581200.000000
16.354167	-0.023667	581400.000000
16.458333	-0.023771	581600.000000
16.562500	-0.023708	581800.000000
16.666667	-0.023675	582000.000000
16.770833	-0.023662	582200.000000
16.875000	-0.023525	582400.000000
16.979167	-0.023429	582600.000000
17.083333	-0.023655	582800.000000
17.187500	-0.023656	583000.000000
17.291667	-0.023516	583200.000000
17.395833	-0.023438	583400.000000
17.500000	-0.023508	583600.000000
17.604167	-0.023416	583800.000000
17.708333	-0.023433	584000.000000
17.812500	-0.023299	584200.000000
17.916667	-0.023357	584400.000000
18.020833	-0.023355	584600.000000
18.125000	-0.023367	584800.000000
18.229167	-0.023292	585000.000000
18.333333	-0.023246	585200.000000
18.437500	-0.023490	585400.000000
18.541667	-0.023356	585600.000000
18.645833	-0.023134	585800.000000
18.750000	-0.023190	586000.000000
18.854167	-0.023345	586200.000000
18.958333	-0.023032	586400.000000
19.062500	-0.023087	586600.000000
19.166667	-0.022968	586800.000000
19.270833	-0.022968	587000.000000
19.375000	-0.022931	587200.000000
19.479167	-0.022804	587400.000000
19.583333	-0.022955	587600.000000
19.687500	-0.022817	587800.000000
19.791667	-0.022950	588000.000000
19.895833	-0.022791	588200.000000
20.000000	-0.022783	588400.000000
20.104167	-0.022908	588600.000000
20.208333	-0.022458	588800.000000
20.312500	-0.022383	589000.000000
20.416667	-0.022397	589200.000000
20.520833	-0.022263	589400.000000
20.625000	-0.022151	589600.000000
20.729167	-0.022057	589800.000000
20.833333	-0.021575	590000.000000
20.937500	-0.021616	590200.000000
21.041667	-0.021407	590400.000000
21.145833	-0.021070	590600.000000
21.250000	-0.020812	590800.000000
21.354167	-0.020586	591000.000000
21.458333	-0.020202	591200.000000
21.562500	-0.019783	591400.000000
21.666667	-0.019551	591600.000000
21.770833	-0.018985	591800.000000
21.875000	-0.018462	592000.000000
21.979167	-0.017867	592200.000000
22.083333	-0.017335	592400.000000
22.187500	-0.016723	592600.000000
22.291667	-0.016145	592800.000000
22.395833	-0.015273	593000.000000
22.500000	-0.014579	593200.000000
22.604167	-0.013720	593400.000000
22.708333	-0.012709	593600.000000
22.812500	-0.011672	593800.000000
22.916667	-0.010652	594000.000000
23.020833	-0.009742	594200.000000
23.125000	-0.008455	594400.000000
23.229167	-0.007468	594600.000000
23.333333	-0.006206	594800.000000
23.437500	-0.004911	595000.000000
23.541667	-0.003825	595200.000000
23.645833	-0.002730	595400.000000
23.750000	-0.002446	595600.000000
23.854167	-0.003440	595800.000000
23.958333	-0.008055	596000.000000
24.062500	-0.020845	596200.000000
24.166667	-0.046976	596400.000000
24.270833	-0.090324	596600.000000
24.375000	-0.146494	596800.000000
24.479167	-0.201769	597000.000000
24.583333	-0.237680	597200.000000
24.687500	-0.239548	597400.000000
24.791667	-0.204780	597600.000000
24.895833	-0.143777	597800.000000
25.000000	-0.076459	598000.000000
25.104167	-0.015775	598200.000000
25.208333	0.026203	598400.000000
25.312500	0.050202	598600.000000
25.416667	0.059723	598800.000000
25.520833	0.060714	599000.000000
25.625000	0.056399	599200.000000
25.729167	0.050019	599400.000000
25.833333	0.042076	599600.000000
25.937500	0.034373	599800.000000
26.041667	0.028902	600000.000000
26.145833	0.026514	600200.000000
26.250000	0.025760	600400.000000
26.354167	0.023666	600600.000000
26.458333	0.017034	600800.000000
26.562500	0.007242	601000.000000
26.666667	-0.003636	601200.000000
26.770833	-0.011996	601400.000000
26.875000	-0.015987	601600.000000
26.979167	-0.016622	601800.000000
27.083333	-0.015545	602000.000000
27.187500	-0.014535	602200.000000
27.291667	-0.014224	602400.000000
27.395833	-0.016200	602600.000000
27.500000	-0.019397	602800.000000
27.604167	-0.023513	603000.000000
27.708333	-0.027186	603200.000000
27.812500	-0.028232	603400.000000
27.916667	-0.025859	603600.000000
28.020833	-0.021821	603800.000000
28.125000	-0.017994	604000.000000
28.229167	-0.017025	604200.000000
28.333333	-0.019317	604400.000000
28.437500	-0.023144	604600.000000
28.541667	-0.025944	604800.000000
28.645833	-0.026352	605000.000000
28.750000	-0.025235	605200.000000
28.854167	-0.023700	605400.000000
28.958333	-0.024278	605600.000000
29.062500	-0.025717	605800.000000
29.166667	-0.027660	606000.000000
29.270833	-0.028577	606200.000000
29.375000	-0.028131	606400.000000
29.479167	-0.026391	606600.000000
29.583333	-0.023595	606800.000000
29.687500	-0.020886	607000.000000
29.791667	-0.018153	607200.000000
29.895833	-0.016517	607400.000000
30.000000	-0.015900	607600.000000
30.104167	-0.016859	607800.000000
30.208333	-0.018552	608000.000000
30.312500	-0.020936	608200.000000
30.416667	-0.023352	608400.000000
30.520833	-0.025333	608600.000000
30.625000	-0.026519	608800.000000
30.729167	-0.026250	609000.000000
30.833333	-0.024995	609200.000000
30.937500	-0.023368	609400.000000
31.041667	-0.022198	609600.000000
31.145833	-0.022240	609800.000000
31.250000	-0.022824	610000.000000
31.354167	-0.023292	610200.000000
31.458333	-0.023381	610400.000000
31.562500	-0.022681	610600.000000
31.666667	-0.021988	610800.000000
31.770833	-0.021262	611000.000000
31.875000	-0.021766	611200.000000
31.979167	-0.023182	611400.000000
32.083333	-0.025220	611600.000000
32.187500	-0.027173	611800.000000
32.291667	-0.028435	612000.000000
32.395833	-0.029184	612200.000000
32.500000	-0.029353	612400.000000
32.604167	-0.029250	612600.000000
32.708333	-0.028794	612800.000000
32.812500	-0.028304	613000.000000
32.916667	-0.027616	613200.000000
33.020833	-0.027343	613400.000000
33.125000	-0.027289	613600.000000
33.229167	-0.027278	613800.000000
33.333333	-0.026686	614000.000000
33.437500	-0.024796	614200.000000
33.541667	-0.022103	614400.000000
33.645833	-0.018941	614600.000000
33.750000	-0.016810	614800.000000
33.854167	-0.016989	615000.000000
33.958333	-0.019005	615200.000000
34.062500	-0.022756	615400.000000
34.166667	-0.026066	615600.000000
34.270833	-0.028033	615800.000000
34.375000	-0.028322	616000.000000
34.479167	-0.027572	616200.000000
34.583333	-0.025709	616400.000000
34.687500	-0.024280	616600.000000
34.791667	-0.023353	616800.000000
34.895833	-0.022746	617000.000000
35.000000	-0.022439	617200.000000
35.104167	-0.022358	617400.000000
35.208333	-0.022028	617600.000000
35.312500	-0.021359	617800.000000
35.416667	-0.020962	618000.000000
35.520833	-0.020829	618200.000000
35.625000	-0.021306	618400.000000
35.729167	-0.022486	618600.000000
35.833333	-0.023924	618800.000000
35.937500	-0.026453	619000.000000
36.041667	-0.028820	619200.000000
36.145833	-0.030588	619400.000000
36.250000	-0.031040	619600.000000
36.354167	-0.029357	619800.000000
36.458333	-0.026500	620000.000000
36.562500	-0.023077	620200.000000
36.666667	-0.021335	620400.000000
36.770833	-0.021922	620600.000000
36.875000	-0.024421	620800.000000
36.979167	-0.026830	621000.000000
37.083333	-0.027431	621200.000000
37.187500	-0.025984	621400.000000
37.291667	-0.023857	621600.000000
37.395833	-0.021974	621800.000000
37.500000	-0.021894	622000.000000
37.604167	-0.023717	622200.000000
37.708333	-0.025874	622400.000000
37.812500	-0.027979	622600.000000
37.916667	-0.029307	622800.000000
38.020833	-0.029288	623000.000000
38.125000	-0.028533	623200.000000
38.229167	-0.027073	623400.000000
38.333333	-0.025798	623600.000000
38.437500	-0.025133	623800.000000
38.541667	-0.025805	624000.000000
38.645833	-0.027035	624200.000000
38.750000	-0.027802	624400.000000
38.854167	-0.026638	624600.000000
38.958333	-0.024285	624800.000000
39.062500	-0.021529	625000.000000
39.166667	-0.020092	625200.000000
39.270833	-0.020920	625400.000000
39.375000	-0.023160	625600.000000
39.479167	-0.025729	625800.000000
39.583333	-0.028555	626000.000000
39.687500	-0.030423	626200.000000
39.791667	-0.031040	626400.000000
39.895833	-0.029465	626600.000000
40.000000	-0.026216	626800.000000
40.104167	-0.022971	627000.000000
40.208333	-0.021430	627200.000000
40.312500	-0.022195	627400.000000
40.416667	-0.023683	627600.000000
40.520833	-0.024711	627800.000000
40.625000	-0.023497	628000.000000
40.729167	-0.020811	628200.000000
40.833333	-0.018073	628400.000000
40.937500	-0.017499	628600.000000
41.041667	-0.019185	628800.000000
41.145833	-0.023122	629000.000000
41.250000	-0.027071	629200.000000
41.354167	-0.029645	629400.000000
41.458333	-0.030223	629600.000000
41.562500	-0.028537	629800.000000
41.666667	-0.025677	630000.000000
41.770833	-0.022732	630200.000000
41.875000	-0.021165	630400.000000
41.979167	-0.020923	630600.000000
42.083333	-0.021982	630800.000000
42.187500	-0.023576	631000.000000
42.291667	-0.024874	631200.000000
42.395833	-0.024808	631400.000000
42.500000	-0.023503	631600.000000
42.604167	-0.021525	631800.000000
42.708333	-0.019916	632000.000000
42.812500	-0.019303	632200.000000
42.916667	-0.020277	632400.000000
43.020833	-0.022269	632600.000000
43.125000	-0.024271	632800.000000
43.229167	-0.025426	633000.000000
43.333333	-0.025686	633200.000000
43.437500	-0.024920	633400.000000
43.541667	-0.023719	633600.000000
43.645833	-0.022753	633800.000000
43.750000	-0.022311	634000.000000
43.854167	-0.022680	634200.000000
43.958333	-0.023448	634400.000000
44.062500	-0.023759	634600.000000
44.166667	-0.022473	634800.000000
44.270833	-0.020023	635000.000000
44.375000	-0.017531	635200.000000
44.479167	-0.016577	635400.000000
44.583333	-0.017313	635600.000000
44.687500	-0.019359	635800.000000
44.791667	-0.021435	636000.000000
44.895833	-0.023621	636200.000000
45.000000	-0.025011	636400.000000
45.104167	-0.025387	636600.000000
45.208333	-0.025369	636800.000000
45.312500	-0.024998	637000.000000
45.416667	-0.024521	637200.000000
45.520833	-0.024356	637400.000000
45.625000	-0.023286	637600.000000
45.729167	-0.021470	637800.000000
45.833333	-0.020063	638000.000000
45.937500	-0.018955	638200.000000
46.041667	-0.018653	638400.000000
46.145833	-0.019127	638600.000000
46.250000	-0.020098	638800.000000
46.354167	-0.021073	639000.000000
46.458333	-0.021755	639200.000000
46.562500	-0.022622	639400.000000
46.666667	-0.023219	639600.000000
46.770833	-0.023635	639800.000000
46.875000	-0.024056	640000.000000
46.979167	-0.023979	640200.000000
47.083333	-0.023397	640400.000000
47.187500	-0.023288	640600.000000
47.291667	-0.023300	640800.000000
47.395833	-0.023368	641000.000000
47.500000	-0.023493	641200.000000
47.604167	-0.023101	641400.000000
47.708333	-0.022308	641600.000000
47.812500	-0.021566	641800.000000
47.916667	-0.021151	642000.000000
48.020833	-0.021282	642200.000000
48.125000	-0.021885	642400.000000
48.229167	-0.022445	642600.000000
48.333333	-0.022819	642800.000000
48.437500	-0.022604	643000.000000
48.541667	-0.022486	643200.000000
48.645833	-0.022770	643400.000000
48.750000	-0.023353	643600.000000
48.854167	-0.024451	643800.000000
48.958333	-0.025047	644000.000000
49.062500	-0.025756	644200.000000
49.166667	-0.025844	644400.000000
49.270833	-0.024685	644600.000000
49.375000	-0.023050	644800.000000
49.479167	-0.021131	645000.000000
49.583333	-0.020273	645200.000000
49.687500	-0.020318	645400.000000
49.791667	-0.020988	645600.000000
49.895833	-0.021516	645800.000000
50.000000	-0.021524	646000.000000
50.104167	-0.021563	646200.000000
50.208333	-0.022331	646400.000000
50.312500	-0.023853	646600.000000
50.416667	-0.025627	646800.000000
50.520833	-0.026721	647000.000000
50.625000	-0.027372	647200.000000
50.729167	-0.027108	647400.000000
50.833333	-0.025967	647600.000000
50.937500	-0.024321	647800.000000
51.041667	-0.022851	648000.000000
51.145833	-0.021464	648200.000000
51.250000	-0.020576	648400.000000
51.354167	-0.020948	648600.000000
51.458333	-0.021790	648800.000000
51.562500	-0.023291	649000.000000
51.666667	-0.024038	649200.000000
51.770833	-0.024418	649400.000000
51.875000	-0.024036	649600.000000
51.979167	-0.023836	649800.000000
52.083333	-0.023744	650000.000000
52.187500	-0.024381	650200.000000
52.291667	-0.025501	650400.000000
52.395833	-0.026589	650600.000000
52.500000	-0.026958	650800.000000
52.604167	-0.026835	651000.000000
52.708333	-0.025583	651200.000000
52.812500	-0.023911	651400.000000
52.916667	-0.022597	651600.000000
53.020833	-0.022168	651800.000000
53.125000	-0.022884	652000.000000
53.229167	-0.024086	652200.000000
53.333333	-0.024983	652400.000000
53.437500	-0.024751	652600.000000
53.541667	-0.024085	652800.000000
53.645833	-0.022717	653000.000000
53.750000	-0.022109	653200.000000
53.854167	-0.022226	653400.000000
53.958333	-0.023576	653600.000000
54.062500	-0.024985	653800.000000
54.166667	-0.026632	654000.000000
54.270833	-0.027440	654200.000000
54.375000	-0.027107	654400.000000
54.479167	-0.026157	654600.000000
54.583333	-0.025057	654800.000000
54.687500	-0.023835	655000.000000
54.791667	-0.022757	655200.000000
54.895833	-0.021968	655400.000000
55.000000	-0.021494	655600.000000
55.104167	-0.021264	655800.000000
55.208333	-0.021543	656000.000000
55.312500	-0.021876	656200.000000
55.416667	-0.022398	656400.000000
55.520833	-0.023081	656600.000000
55.625000	-0.023581	656800.000000
55.729167	-0.024647	657000.000000
55.833333	-0.025471	657200.000000
55.937500	-0.025991	657400.000000
56.041667	-0.026034	657600.000000
56.145833	-0.025889	657800.000000
56.250000	-0.024747	658000.000000
56.354167	-0.023517	658200.000000
56.458333	-0.022558	658400.000000
56.562500	-0.021947	658600.000000
56.666667	-0.021615	658800.000000
56.770833	-0.021767	659000.000000
56.875000	-0.021941	659200.000000
56.979167	-0.021993	659400.000000
57.083333	-0.022388	659600.000000
57.187500	-0.022477	659800.000000
57.291667	-0.023003	660000.000000
57.395833	-0.023679	660200.000000
57.500000	-0.024178	660400.000000
57.604167	-0.024524	660600.000000
57.708333	-0.024088	660800.000000
57.812500	-0.023733	661000.000000
57.916667	-0.023313	661200.000000
58.020833	-0.023657	661400.000000
58.125000	-0.023795	661600.000000
58.229167	-0.023769	661800.000000
58.333333	-0.023203	662000.000000
58.437500	-0.022712	662200.000000
58.541667	-0.022313	662400.000000
58.645833	-0.021916	662600.000000
58.750000	-0.021950	662800.000000
58.854167	-0.022054	663000.000000
58.958333	-0.022112	663200.000000
59.062500	-0.022037	663400.000000
59.166667	-0.021805	663600.000000
59.270833	-0.022211	663800.000000
59.375000	-0.023148	664000.000000
59.479167	-0.023955	664200.000000
59.583333	-0.024822	664400.000000
59.687500	-0.025436	664600.000000
59.791667	-0.025709	664800.000000
59.895833	-0.024988	665000.000000
60.000000	-0.023803	665200.000000
60.104167	-0.022250	665400.000000
60.208333	-0.021058	665600.000000
60.312500	-0.020407	665800.000000
60.416667	-0.020685	666000.000000
60.520833	-0.021093	666200.000000
60.625000	-0.021648	666400.000000
60.729167	-0.022008	666600.000000
60.833333	-0.022120	666800.000000
60.937500	-0.022876	667000.000000
61.041667	-0.023666	667200.000000
61.145833	-0.024508	667400.000000
61.250000	-0.024917	667600.000000
61.354167	-0.024875	667800.000000
61.458333	-0.025109	668000.000000
61.562500	-0.024963	668200.000000
61.666667	-0.024588	668400.000000
61.770833	-0.023702	668600.000000
61.875000	-0.022597	668800.000000
61.979167	-0.021554	669000.000000
62.083333	-0.021058	669200.000000
62.187500	-0.021477	669400.000000
62.291667	-0.022551	669600.000000
62.395833	-0.023486	669800.000000
62.500000	-0.024109	670000.000000
62.604167	-0.024358	670200.000000
62.708333	-0.023809	670400.000000
62.812500	-0.023602	670600.000000
62.916667	-0.023668	670800.000000
63.020833	-0.023735	671000.000000
63.125000	-0.023896	671200.000000
63.229167	-0.024424	671400.000000
63.333333	-0.024755	671600.000000
63.437500	-0.024980	671800.000000
63.541667	-0.025045	672000.000000
63.645833	-0.024803	672200.000000
63.750000	-0.024568	672400.000000
63.854167	-0.024084	672600.000000
63.958333	-0.023405	672800.000000
64.062500	-0.022902	673000.000000
64.166667	-0.022700	673200.000000
64.270833	-0.022869	673400.000000
64.375000	-0.023127	673600.000000
64.479167	-0.023914	673800.000000
64.583333	-0.024555	674000.000000
64.687500	-0.024824	674200.000000
64.791667	-0.024884	674400.000000
64.895833	-0.025055	674600.000000
65.000000	-0.024728	674800.000000
65.104167	-0.025072	675000.000000
65.208333	-0.025181	675200.000000
65.312500	-0.025368	675400.000000
65.416667	-0.025230	675600.000000
65.520833	-0.024539	675800.000000
65.625000	-0.023208	676000.000000
65.729167	-0.022154	676200.000000
65.833333	-0.022072	676400.000000
65.937500	-0.022331	676600.000000
66.041667	-0.023455	676800.000000
66.145833	-0.024693	677000.000000
66.250000	-0.025730	677200.000000
66.354167	-0.026434	677400.000000
66.458333	-0.026458	677600.000000
66.562500	-0.026192	677800.000000
66.666667	-0.025730	678000.000000
66.770833	-0.024866	678200.000000
66.875000	-0.024781	678400.000000
66.979167	-0.024472	678600.000000
67.083333	-0.024523	678800.000000
67.187500	-0.023889	679000.000000
67.291667	-0.023333	679200.000000
67.395833	-0.022625	679400.000000
67.500000	-0.021888	679600.000000
67.604167	-0.021760	679800.000000
67.708333	-0.021778	680000.000000
67.812500	-0.022307	680200.000000
67.916667	-0.022921	680400.000000
68.020833	-0.023357	680600.000000
68.125000	-0.023455	680800.000000
68.229167	-0.022988	681000.000000
68.333333	-0.022447	681200.000000
68.437500	-0.021994	681400.000000
68.541667	-0.022190	681600.000000
68.645833	-0.023356	681800.000000
68.750000	-0.024304	682000.000000
68.854167	-0.024713	682200.000000
68.958333	-0.024394	682400.000000
69.062500	-0.023318	682600.000000
69.166667	-0.021889	682800.000000
69.270833	-0.021112	683000.000000
69.375000	-0.021022	683200.000000
69.479167	-0.021462	683400.000000
69.583333	-0.022186	683600.000000
69.687500	-0.023243	683800.000000
69.791667	-0.023508	684000.000000
69.895833	-0.023304	684200.000000
70.000000	-0.022962	684400.000000
70.104167	-0.022959	684600.000000
70.208333	-0.023388	684800.000000
70.312500	-0.024537	685000.000000
70.416667	-0.025406	685200.000000
70.520833	-0.026216	685400.000000
70.625000	-0.026000	685600.000000
70.729167	-0.025322	685800.000000
70.833333	-0.023997	686000.000000
70.937500	-0.022926	686200.000000
71.041667	-0.022214	686400.000000
71.145833	-0.022065	686600.000000
71.250000	-0.022564	686800.000000
71.354167	-0.023449	687000.000000
71.458333	-0.024529	687200.000000
71.562500	-0.025417	687400.000000
71.666667	-0.026159	687600.000000
71.770833	-0.026388	687800.000000
71.875000	-0.026604	688000.000000
71.979167	-0.026364	688200.000000
72.083333	-0.026383	688400.000000
72.187500	-0.026305	688600.000000
72.291667	-0.026630	688800.000000
72.395833	-0.026247	689000.000000
72.500000	-0.025832	689200.000000
72.604167	-0.025268	689400.000000
72.708333	-0.024410	689600.000000
72.812500	-0.023797	689800.000000
72.916667	-0.023416	690000.000000
73.020833	-0.023039	690200.000000
73.125000	-0.022773	690400.000000
73.229167	-0.022287	690600.000000
73.333333	-0.021801	690800.000000
73.437500	-0.021623	691000.000000
73.541667	-0.021567	691200.000000
73.645833	-0.021427	691400.000000
73.750000	-0.021263	691600.000000
73.854167	-0.021053	691800.000000
73.958333	-0.020677	692000.000000
74.062500	-0.020219	692200.000000
74.166667	-0.020159	692400.000000
74.270833	-0.020351	692600.000000
74.375000	-0.020694	692800.000000
74.479167	-0.021210	693000.000000
74.583333	-0.021288	693200.000000
74.687500	-0.021167	693400.000000
74.791667	-0.020680	693600.000000
74.895833	-0.020514	693800.000000
75.000000	-0.020657	694000.000000
75.104167	-0.021283	694200.000000
75.208333	-0.022313	694400.000000
75.312500	-0.023560	694600.000000
75.416667	-0.024774	694800.000000
75.520833	-0.025137	695000.000000
75.625000	-0.025692	695200.000000
75.729167	-0.025730	695400.000000
75.833333	-0.025677	695600.000000
75.937500	-0.025612	695800.000000
76.041667	-0.025593	696000.000000
76.145833	-0.025289	696200.000000
76.250000	-0.025112	696400.000000
76.354167	-0.024328	696600.000000
76.458333	-0.023257	696800.000000
76.562500	-0.022640	697000.000000
76.666667	-0.022577	697200.000000
76.770833	-0.022715	697400.000000
76.875000	-0.023175	697600.000000
76.979167	-0.023875	697800.000000
77.083333	-0.024200	698000.000000
77.187500	-0.023971	698200.000000
77.291667	-0.023740	698400.000000
77.395833	-0.023402	698600.000000
77.500000	-0.022700	698800.000000
77.604167	-0.022745	699000.000000
77.708333	-0.023233	699200.000000
77.812500	-0.023523	699400.000000
77.916667	-0.024133	699600.000000
78.020833	-0.024385	699800.000000
78.125000	-0.024066	700000.000000
78.229167	-0.023332	700200.000000
78.333333	-0.022921	700400.000000
78.437500	-0.022890	700600.000000
78.541667	-0.023392	700800.000000
78.645833	-0.024092	701000.000000
78.750000	-0.024461	701200.000000
78.854167	-0.024414	701400.000000
78.958333	-0.023835	701600.000000
79.062500	-0.023559	701800.000000
79.166667	-0.023294	702000.000000
79.270833	-0.023292	702200.000000
79.375000	-0.023722	702400.000000
79.479167	-0.024490	702600.000000
79.583333	-0.025037	702800.000000
79.687500	-0.025277	703000.000000
79.791667	-0.024817	703200.000000
79.895833	-0.024083	703400.000000
80.000000	-0.023160	703600.000000
80.104167	-0.022243	703800.000000
80.208333	-0.021705	704000.000000
80.312500	-0.021761	704200.000000
80.416667	-0.022352	704400.000000
80.520833	-0.023085	704600.000000
80.625000	-0.023461	704800.000000
80.729167	-0.024031	705000.000000
80.833333	-0.024424	705200.000000
80.937500	-0.024650	705400.000000
81.041667	-0.024556	705600.000000
81.145833	-0.024222	705800.000000
81.250000	-0.023715	706000.000000
81.354167	-0.023701	706200.000000
81.458333	-0.023422	706400.000000
81.562500	-0.023361	706600.000000
81.666667	-0.022887	706800.000000
81.770833	-0.022323	707000.000000
81.875000	-0.021537	707200.000000
81.979167	-0.021195	707400.000000
82.083333	-0.021333	707600.000000
82.187500	-0.021731	707800.000000
82.291667	-0.021871	708000.000000
82.395833	-0.022417	708200.000000
82.500000	-0.022740	708400.000000
82.604167	-0.023028	708600.000000
82.708333	-0.023188	708800.000000
82.812500	-0.022977	709000.000000
82.916667	-0.022721	709200.000000
83.020833	-0.022422	709400.000000
83.125000	-0.022392	709600.000000
83.229167	-0.022259	709800.000000
83.333333	-0.022498	710000.000000
83.437500	-0.022518	710200.000000
83.541667	-0.022627	710400.000000
83.645833	-0.022758	710600.000000
83.750000	-0.022717	710800.000000
83.854167	-0.021998	711000.000000
83.958333	-0.022022	711200.000000
84.062500	-0.022181	711400.000000
84.166667	-0.022409	711600.000000
84.270833	-0.022967	711800.000000
84.375000	-0.023385	712000.000000
84.479167	-0.023477	712200.000000
84.583333	-0.023532	712400.000000
84.687500	-0.023726	712600.000000
84.791667	-0.023913	712800.000000
84.895833	-0.024429	713000.000000
85.000000	-0.024676	713200.000000
85.104167	-0.024424	713400.000000
85.208333	-0.024346	713600.000000
85.312500	-0.024041	713800.000000
85.416667	-0.023157	714000.000000
85.520833	-0.022911	714200.000000
85.625000	-0.022579	714400.000000
85.729167	-0.022705	714600.000000
85.833333	-0.023290	714800.000000
85.937500	-0.024212	715000.000000
86.041667	-0.024592	715200.000000
86.145833	-0.024913	715400.000000
86.250000	-0.024780	715600.000000
86.354167	-0.025013	715800.000000
86.458333	-0.024897	716000.000000
86.562500	-0.025020	716200.000000
86.666667	-0.025063	716400.000000
86.770833	-0.025391	716600.000000
86.875000	-0.025178	716800.000000
86.979167	-0.024956	717000.000000
87.083333	-0.024322	717200.000000
87.187500	-0.023884	717400.000000
87.291667	-0.023731	717600.000000
87.395833	-0.023649	717800.000000
87.500000	-0.024193	718000.000000
87.604167	-0.024498	718200.000000
87.708333	-0.025209	718400.000000
87.812500	-0.025680	718600.000000
87.916667	-0.025487	718800.000000
88.020833	-0.025281	719000.000000
88.125000	-0.024744	719200.000000
88.229167	-0.024237	719400.000000
88.333333	-0.024173	719600.000000
88.437500	-0.024298	719800.000000
88.541667	-0.024467	720000.000000
88.645833	-0.024420	720200.000000
88.750000	-0.024222	720400.000000
88.854167	-0.023839	720600.000000
88.958333	-0.023510	720800.000000
89.062500	-0.023226	721000.000000
89.166667	-0.022949	721200.000000
89.270833	-0.022684	721400.000000
89.375000	-0.022893	721600.000000
89.479167	-0.022802	721800.000000
89.583333	-0.023083	722000.000000
89.687500	-0.023384	722200.000000
89.791667	-0.023526	722400.000000
89.895833	-0.023898	722600.000000
90.000000	-0.024013	722800.000000
90.104167	-0.024213	723000.000000
90.208333	-0.024151	723200.000000
90.312500	-0.024285	723400.000000
90.416667	-0.024221	723600.000000
90.520833	-0.023949	723800.000000
90.625000	-0.023546	724000.000000
90.729167	-0.023154	724200.000000
90.833333	-0.022984	724400.000000
90.937500	-0.023020	724600.000000
91.041667	-0.022778	724800.000000
91.145833	-0.022794	725000.000000
91.250000	-0.023037	725200.000000
91.354167	-0.023498	725400.000000
91.458333	-0.023900	725600.000000
91.562500	-0.024237	725800.000000
91.666667	-0.024696	726000.000000
91.770833	-0.024794	726200.000000
91.875000	-0.024586	726400.000000
91.979167	-0.024589	726600.000000
92.083333	-0.024206	726800.000000
92.187500	-0.023773	727000.000000
92.291667	-0.023400	727200.000000
92.395833	-0.022930	727400.000000
92.500000	-0.022868	727600.000000
92.604167	-0.022855	727800.000000
92.708333	-0.022993	728000.000000
92.812500	-0.023086	728200.000000
92.916667	-0.023168	728400.000000
93.020833	-0.023375	728600.000000
93.125000	-0.023448	728800.000000
93.229167	-0.023651	729000.000000
93.333333	-0.023632	729200.000000
93.437500	-0.023525	729400.000000
93.541667	-0.023459	729600.000000
93.645833	-0.023397	729800.000000
93.750000	-0.023503	730000.000000
93.854167	-0.023596	730200.000000
93.958333	-0.023510	730400.000000
94.062500	-0.023496	730600.000000
94.166667	-0.023653	730800.000000
94.270833	-0.023879	731000.000000
94.375000	-0.023743	731200.000000
94.479167	-0.023711	731400.000000
94.583333	-0.023736	731600.000000
94.687500	-0.023876	731800.000000
94.791667	-0.023888	732000.000000
94.895833	-0.024368	732200.000000
95.000000	-0.024555	732400.000000
95.104167	-0.024842	732600.000000
95.208333	-0.024872	732800.000000
95.312500	-0.024805	733000.000000
95.416667	-0.024976	733200.000000
95.520833	-0.024732	733400.000000
95.625000	-0.024639	733600.000000
95.729167	-0.024400	733800.000000
95.833333	-0.024188	734000.000000
95.937500	-0.024098	734200.000000
96.041667	-0.023654	734400.000000
96.145833	-0.023273	734600.000000
96.250000	-0.022817	734800.000000
96.354167	-0.022145	735000.000000
96.458333	-0.022330	735200.000000
96.562500	-0.022459	735400.000000
96.666667	-0.022798	735600.000000
96.770833	-0.023738	735800.000000
96.875000	-0.024143	736000.000000
96.979167	-0.024442	736200.000000
97.083333	-0.024482	736400.000000
97.187500	-0.024155	736600.000000
97.291667	-0.023917	736800.000000
97.395833	-0.023271	737000.000000
97.500000	-0.022600	737200.000000
97.604167	-0.021913	737400.000000
97.708333	-0.021494	737600.000000
97.812500	-0.021254	737800.000000
97.916667	-0.020965	738000.000000
98.020833	-0.021208	738200.000000
98.125000	-0.020943	738400.000000
98.229167	-0.021075	738600.000000
98.333333	-0.021445	738800.000000
98.437500	-0.021971	739000.000000
98.541667	-0.022705	739200.000000
98.645833	-0.023427	739400.000000
98.750000	-0.023796	739600.000000
98.854167	-0.023957	739800.000000
98.958333	-0.024256	740000.000000
99.062500	-0.024625	740200.000000
99.166667	-0.024812	740400.000000
99.270833	-0.024816	740600.000000
99.375000	-0.025121	740800.000000
99.479167	-0.025323	741000.000000
99.583333	-0.025109	741200.000000
99.687500	-0.025152	741400.000000
99.791667	-0.024509	741600.000000
99.895833	-0.023913	741800.000000
100.000000	-0.023568	742000.000000
100.104167	-0.023249	742200.000000
100.208333	-0.023268	742400.000000
100.312500	-0.023278	742600.000000
100.416667	-0.023575	742800.000000
100.520833	-0.023762	743000.000000
100.625000	-0.023958	743200.000000
100.729167	-0.023913	743400.000000
100.833333	-0.024047	743600.000000
100.937500	-0.024148	743800.000000
101.041667	-0.024428	744000.000000
101.145833	-0.024323	744200.000000
101.250000	-0.024265	744400.000000
101.354167	-0.023637	744600.000000
101.458333	-0.023194	744800.000000
101.562500	-0.022944	745000.000000
101.666667	-0.022703	745200.000000
101.770833	-0.022733	745400.000000
101.875000	-0.022988	745600.000000
101.979167	-0.023346	745800.000000
102.083333	-0.023628	746000.000000
102.187500	-0.023832	746200.000000
102.291667	-0.023879	746400.000000
102.395833	-0.023784	746600.000000
102.500000	-0.023824	746800.000000
102.604167	-0.023671	747000.000000
102.708333	-0.023685	747200.000000
102.812500	-0.023974	747400.000000
102.916667	-0.024180	747600.000000
103.020833	-0.024095	747800.000000
103.125000	-0.024136	748000.000000
103.229167	-0.023993	748200.000000
103.333333	-0.023767	748400.000000
103.437500	-0.023637	748600.000000
103.541667	-0.023752	748800.000000
103.645833	-0.024031	749000.000000
103.750000	-0.024179	749200.000000
103.854167	-0.024348	749400.000000
103.958333	-0.024319	749600.000000
104.062500	-0.024487	749800.000000
104.166667	-0.024560	750000.000000
104.270833	-0.024387	750200.000000
104.375000	-0.024372	750400.000000
104.479167	-0.024269	750600.000000
104.583333	-0.024505	750800.000000
104.687500	-0.024496	751000.000000
104.791667	-0.024521	751200.000000
104.895833	-0.024326	751400.000000
105.000000	-0.024128	751600.000000
105.104167	-0.023899	751800.000000
105.208333	-0.023381	752000.000000
105.312500	-0.023140	752200.000000
105.416667	-0.023022	752400.000000
105.520833	-0.022854	752600.000000
105.625000	-0.022583	752800.000000
105.729167	-0.022942	753000.000000
105.833333	-0.023203	753200.000000
105.937500	-0.023330	753400.000000
106.041667	-0.023516	753600.000000
106.145833	-0.023636	753800.000000
106.250000	-0.023685	754000.000000
106.354167	-0.023593	754200.000000
106.458333	-0.023450	754400.000000
106.562500	-0.023152	754600.000000
106.666667	-0.023066	754800.000000
106.770833	-0.022928	755000.000000
106.875000	-0.022596	755200.000000
106.979167	-0.022640	755400.000000
107.083333	-0.022591	755600.000000
107.187500	-0.022615	755800.000000
107.291667	-0.022814	756000.000000
107.395833	-0.023272	756200.000000
107.500000	-0.023260	756400.000000
107.604167	-0.023541	756600.000000
107.708333	-0.023773	756800.000000
107.812500	-0.023948	757000.000000
107.916667	-0.023743	757200.000000
108.020833	-0.023790	757400.000000
108.125000	-0.023560	757600.000000
108.229167	-0.023455	757800.000000
108.333333	-0.023252	758000.000000
108.437500	-0.023177	758200.000000
108.541667	-0.023151	758400.000000
108.645833	-0.022917	758600.000000
108.750000	-0.022779	758800.000000
108.854167	-0.022657	759000.000000
108.958333	-0.022902	759200.000000
109.062500	-0.022878	759400.000000
109.166667	-0.023067	759600.000000
109.270833	-0.023188	759800.000000
109.375000	-0.023554	760000.000000
109.479167	-0.023673	760200.000000
109.583333	-0.023598	760400.000000
109.687500	-0.023418	760600.000000
109.791667	-0.023359	760800.000000
109.895833	-0.023473	761000.000000
110.000000	-0.023825	761200.000000
110.104167	-0.024186	761400.000000
110.208333	-0.024346	761600.000000
110.312500	-0.023978	761800.000000
110.416667	-0.024045	762000.000000
110.520833	-0.023620	762200.000000
110.625000	-0.023022	762400.000000
110.729167	-0.022683	762600.000000
110.833333	-0.022922	762800.000000
110.937500	-0.023158	763000.000000
111.041667	-0.023232	763200.000000
111.145833	-0.023485	763400.000000
111.250000	-0.023428	763600.000000
111.354167	-0.023358	763800.000000
111.458333	-0.023178	764000.000000
111.562500	-0.023055	764200.000000
111.666667	-0.023074	764400.000000
111.770833	-0.023424	764600.000000
111.875000	-0.023520	764800.000000
111.979167	-0.023520	765000.000000
112.083333	-0.023519	765200.000000
112.187500	-0.023333	765400.000000
112.291667	-0.022976	765600.000000
112.395833	-0.022703	765800.000000
112.500000	-0.022755	766000.000000
112.604167	-0.022833	766200.000000
112.708333	-0.023224	766400.000000
112.812500	-0.023509	766600.000000
112.916667	-0.023572	766800.000000
113.020833	-0.023848	767000.000000
113.125000	-0.024002	767200.000000
113.229167	-0.023965	767400.000000
113.333333	-0.023805	767600.000000
113.437500	-0.023865	767800.000000
113.541667	-0.024028	768000.000000
113.645833	-0.023700	768200.000000
113.750000	-0.023831	768400.000000
113.854167	-0.023729	768600.000000
113.958333	-0.023723	768800.000000
114.062500	-0.023726	769000.000000
114.166667	-0.023605	769200.000000
114.270833	-0.023595	769400.000000
114.375000	-0.023872	769600.000000
114.479167	-0.023563	769800.000000
114.583333	-0.023665	770000.000000
114.687500	-0.023955	770200.000000
114.791667	-0.024238	770400.000000
114.895833	-0.024425	770600.000000
115.000000	-0.024397	770800.000000
115.104167	-0.024691	771000.000000
115.208333	-0.024845	771200.000000
115.312500	-0.024985	771400.000000
115.416667	-0.024860	771600.000000
115.520833	-0.024945	771800.000000
115.625000	-0.024883	772000.000000
115.729167	-0.024834	772200.000000
115.833333	-0.024862	772400.000000
115.937500	-0.024904	772600.000000
116.041667	-0.024792	772800.000000
116.145833	-0.024685	773000.000000
116.250000	-0.024620	773200.000000
116.354167	-0.024647	773400.000000
116.458333	-0.024834	773600.000000
116.562500	-0.024905	773800.000000
116.666667	-0.024894	774000.000000
116.770833	-0.025060	774200.000000
116.875000	-0.025104	774400.000000
116.979167	-0.025042	774600.000000
117.083333	-0.024818	774800.000000
117.187500	-0.024543	775000.000000
117.291667	-0.024642	775200.000000
117.395833	-0.024336	775400.000000
117.500000	-0.024149	775600.000000
117.604167	-0.024291	775800.000000
117.708333	-0.024144	776000.000000
117.812500	-0.024078	776200.000000
117.916667	-0.024288	776400.000000
118.020833	-0.024146	776600.000000
118.125000	-0.024451	776800.000000
118.229167	-0.024907	777000.000000
118.333333	-0.025101	777200.000000
118.437500	-0.025267	777400.000000
118.541667	-0.025126	777600.000000
118.645833	-0.024937	777800.000000
118.750000	-0.025105	778000.000000
118.854167	-0.025052	778200.000000
118.958333	-0.025223	778400.000000
119.062500	-0.025287	778600.000000
119.166667	-0.025389	778800.000000
119.270833	-0.025154	779000.000000
119.375000	-0.024903	779200.000000
119.479167	-0.024400	779400.000000
119.583333	-0.024048	779600.000000
119.687500	-0.023583	779800.000000
119.791667	-0.023060	780000.000000
119.895833	-0.022970	780200.000000
120.000000	-0.022977	780400.000000
120.104167	-0.023201	780600.000000
120.208333	-0.023315	780800.000000
120.312500	-0.023203	781000.000000
120.416667	-0.023382	781200.000000
120.520833	-0.023534	781400.000000
120.625000	-0.023383	781600.000000
120.729167	-0.023574	781800.000000
120.833333	-0.023904	782000.000000
120.937500	-0.023983	782200.000000
121.041667	-0.024226	782400.000000
121.145833	-0.024016	782600.000000
121.250000	-0.023369	782800.000000
121.354167	-0.023133	783000.000000
121.458333	-0.022807	783200.000000
121.562500	-0.022832	783400.000000
121.666667	-0.023024	783600.000000
121.770833	-0.023074	783800.000000
121.875000	-0.023175	784000.000000
121.979167	-0.023213	784200.000000
122.083333	-0.023319	784400.000000
122.187500	-0.023400	784600.000000
122.291667	-0.023427	784800.000000
122.395833	-0.023267	785000.000000
122.500000	-0.023120	785200.000000
122.604167	-0.022902	785400.000000
122.708333	-0.022612	785600.000000
122.812500	-0.022441	785800.000000
122.916667	-0.022282	786000.000000
123.020833	-0.022330	786200.000000
123.125000	-0.022470	786400.000000
123.229167	-0.022733	786600.000000
123.333333	-0.022556	786800.000000
123.437500	-0.022870	787000.000000
123.541667	-0.022984	787200.000000
123.645833	-0.023175	787400.000000
123.750000	-0.023294	787600.000000
123.854167	-0.023358	787800.000000
123.958333	-0.023704	788000.000000
124.062500	-0.023826	788200.000000
124.166667	-0.023916	788400.000000
124.270833	-0.024080	788600.000000
124.375000	-0.024022	788800.000000
124.479167	-0.023885	789000.000000
124.583333	-0.023973	789200.000000
124.687500	-0.023990	789400.000000
124.791667	-0.024214	789600.000000
124.895833	-0.024316	789800.000000
125.000000	-0.024193	790000.000000
125.104167	-0.024015	790200.000000
125.208333	-0.023911	790400.000000
125.312500	-0.023779	790600.000000
125.416667	-0.023948	790800.000000
125.520833	-0.023844	791000.000000
125.625000	-0.023824	791200.000000
125.729167	-0.024192	791400.000000
125.833333	-0.024259	791600.000000
125.937500	-0.024356	791800.000000
126.041667	-0.024254	792000.000000
126.145833	-0.024249	792200.000000
126.250000	-0.024286	792400.000000
126.354167	-0.024014	792600.000000
126.458333	-0.023983	792800.000000
126.562500	-0.024069	793000.000000
126.666667	-0.023967	793200.000000
126.770833	-0.023817	793400.000000
126.875000	-0.023549	793600.000000
126.979167	-0.023525	793800.000000
127.083333	-0.023224	794000.000000
127.187500	-0.023417	794200.000000
127.291667	-0.023847	794400.000000
127.395833	-0.024048	794600.000000
127.500000	-0.024280	794800.000000
127.604167	-0.024221	795000.000000
127.708333	-0.024087	795200.000000
127.812500	-0.023768	795400.000000
127.916667	-0.023822	795600.000000
128.020833	-0.023814	795800.000000
128.125000	-0.023880	796000.000000
128.229167	-0.023839	796200.000000
128.333333	-0.023859	796400.000000
128.437500	-0.024098	796600.000000
128.541667	-0.023931	796800.000000
128.645833	-0.023764	797000.000000
128.750000	-0.023907	797200.000000
128.854167	-0.023962	797400.000000
128.958333	-0.023994	797600.000000
129.062500	-0.024142	797800.000000
129.166667	-0.024280	798000.000000
129.270833	-0.024308	798200.000000
129.375000	-0.024373	798400.000000
129.479167	-0.024070	798600.000000
129.583333	-0.023701	798800.000000
129.687500	-0.023885	799000.000000
129.791667	-0.023863	799200.000000
129.895833	-0.023962	799400.000000
130.000000	-0.024324	799600.000000
130.104167	-0.024460	799800.000000
130.208333	-0.024370	800000.000000
