0.000000	-0.021755	500000.000000
0.104167	-0.021730	500200.000000
0.208333	-0.021744	500400.000000
0.312500	-0.021590	500600.000000
0.416667	-0.021874	500800.000000
0.520833	-0.021685	501000.000000
0.625000	-0.021755	501200.000000
0.729167	-0.021650	501400.000000
0.833333	-0.021594	501600.000000
0.937500	-0.021594	501800.000000
1.041667	-0.021499	502000.000000
1.145833	-0.021650	502200.000000
1.250000	-0.021648	502400.000000
1.354167	-0.021719	502600.000000
1.458333	-0.021618	502800.000000
1.562500	-0.021567	503000.000000
1.666667	-0.021750	503200.000000
1.770833	-0.021869	503400.000000
1.875000	-0.021479	503600.000000
1.979167	-0.021530	503800.000000
2.083333	-0.021458	504000.000000
2.187500	-0.021591	504200.000000
2.291667	-0.021586	504400.000000
2.395833	-0.021614	504600.000000
2.500000	-0.021541	504800.000000
2.604167	-0.021431	505000.000000
2.708333	-0.021737	505200.000000
2.812500	-0.021561	505400.000000
2.916667	-0.021581	505600.000000
3.020833	-0.021554	505800.000000
3.125000	-0.021491	506000.000000
3.229167	-0.021611	506200.000000
3.333333	-0.021831	506400.000000
3.437500	-0.021663	506600.000000
3.541667	-0.021651	506800.000000
3.645833	-0.021383	507000.000000
3.750000	-0.021473	507200.000000
3.854167	-0.021646	507400.000000
3.958333	-0.021500	507600.000000
4.062500	-0.021561	507800.000000
4.166667	-0.021519	508000.000000
4.270833	-0.021447	508200.000000
4.375000	-0.021575	508400.000000
4.479167	-0.021496	508600.000000
4.583333	-0.021401	508800.000000
4.687500	-0.021406	509000.000000
4.791667	-0.021403	509200.000000
4.895833	-0.021525	509400.000000
5.000000	-0.021618	509600.000000
5.104167	-0.021613	509800.000000
5.208333	-0.021621	510000.000000
5.312500	-0.021526	510200.000000
5.416667	-0.021752	510400.000000
5.520833	-0.021726	510600.000000
5.625000	-0.021821	510800.000000
5.729167	-0.021904	511000.000000
5.833333	-0.021847	511200.000000
5.937500	-0.021854	511400.000000
6.041667	-0.021952	511600.000000
6.145833	-0.021933	511800.000000
6.250000	-0.021980	512000.000000
6.354167	-0.021973	512200.000000
6.458333	-0.021830	512400.000000
6.562500	-0.021854	512600.000000
6.666667	-0.021873	512800.000000
6.770833	-0.021731	513000.000000
6.875000	-0.021928	513200.000000
6.979167	-0.021941	513400.000000
7.083333	-0.021785	513600.000000
7.187500	-0.021834	513800.000000
7.291667	-0.021486	514000.000000
7.395833	-0.021667	514200.000000
7.500000	-0.021802	514400.000000
7.604167	-0.021658	514600.000000
7.708333	-0.021838	514800.000000
7.812500	-0.021685	515000.000000
7.916667	-0.021601	515200.000000
8.020833	-0.021816	515400.000000
8.125000	-0.021917	515600.000000
8.229167	-0.021949	515800.000000
8.333333	-0.021815	516000.000000
8.437500	-0.021800	516200.000000
8.541667	-0.021775	516400.000000
8.645833	-0.021921	516600.000000
8.750000	-0.021831	516800.000000
8.854167	-0.021634	517000.000000
8.958333	-0.021707	517200.000000
9.062500	-0.021805	517400.000000
9.166667	-0.021801	517600.000000
9.270833	-0.021794	517800.000000
9.375000	-0.021880	518000.000000
9.479167	-0.021859	518200.000000
9.583333	-0.021853	518400.000000
9.687500	-0.021836	518600.000000
9.791667	-0.021852	518800.000000
9.895833	-0.021984	519000.000000
10.000000	-0.021963	519200.000000
10.104167	-0.021847	519400.000000
10.208333	-0.021935	519600.000000
10.312500	-0.021758	519800.000000
10.416667	-0.021800	520000.000000
10.520833	-0.021658	520200.000000
10.625000	-0.021634	520400.000000
10.729167	-0.021727	520600.000000
10.833333	-0.021882	520800.000000
10.937500	-0.021658	521000.000000
11.041667	-0.021761	521200.000000
11.145833	-0.021804	521400.000000
11.250000	-0.021890	521600.000000
11.354167	-0.021847	521800.000000
11.458333	-0.021442	522000.000000
11.562500	-0.021629	522200.000000
11.666667	-0.021660	522400.000000
11.770833	-0.021550	522600.000000
11.875000	-0.021689	522800.000000
11.979167	-0.021655	523000.000000
12.083333	-0.021759	523200.000000
12.187500	-0.021781	523400.000000
12.291667	-0.021906	523600.000000
12.395833	-0.021882	523800.000000
12.500000	-0.021773	524000.000000
12.604167	-0.021719	524200.000000
12.708333	-0.021675	524400.000000
12.812500	-0.021697	524600.000000
12.916667	-0.021722	524800.000000
13.020833	-0.022031	525000.000000
13.125000	-0.021938	525200.000000
13.229167	-0.022043	525400.000000
13.333333	-0.021986	525600.000000
13.437500	-0.021950	525800.000000
13.541667	-0.022067	526000.000000
13.645833	-0.022060	526200.000000
13.750000	-0.021894	526400.000000
13.854167	-0.022034	526600.000000
13.958333	-0.022230	526800.000000
14.062500	-0.022218	527000.000000
14.166667	-0.022331	527200.000000
14.270833	-0.022058	527400.000000
14.375000	-0.022055	527600.000000
14.479167	-0.022242	527800.000000
14.583333	-0.022265	528000.000000
14.687500	-0.022233	528200.000000
14.791667	-0.022293	528400.000000
14.895833	-0.022234	528600.000000
15.000000	-0.022428	528800.000000
15.104167	-0.022398	529000.000000
15.208333	-0.022357	529200.000000
15.312500	-0.022365	529400.000000
15.416667	-0.022410	529600.000000
15.520833	-0.022384	529800.000000
15.625000	-0.022451	530000.000000
15.729167	-0.022395	530200.000000
15.833333	-0.022647	530400.000000
15.937500	-0.022563	530600.000000
16.041667	-0.022543	530800.000000
16.145833	-0.022447	531000.000000
16.250000	-0.022547	531200.000000
16.354167	-0.022744	531400.000000
16.458333	-0.022764	531600.000000
16.562500	-0.022659	531800.000000
16.666667	-0.022780	532000.000000
16.770833	-0.022819	532200.000000
16.875000	-0.023177	532400.000000
16.979167	-0.023107	532600.000000
17.083333	-0.023185	532800.000000
17.187500	-0.023441	533000.000000
17.291667	-0.023465	533200.000000
17.395833	-0.023697	533400.000000
17.500000	-0.023895	533600.000000
17.604167	-0.024028	533800.000000
17.708333	-0.024308	534000.000000
17.812500	-0.024509	534200.000000
17.916667	-0.024739	534400.000000
18.020833	-0.025131	534600.000000
18.125000	-0.025417	534800.000000
18.229167	-0.025602	535000.000000
18.333333	-0.025923	535200.000000
18.437500	-0.026453	535400.000000
18.541667	-0.026692	535600.000000
18.645833	-0.027230	535800.000000
18.750000	-0.027837	536000.000000
18.854167	-0.028216	536200.000000
18.958333	-0.028859	536400.000000
19.062500	-0.029930	536600.000000
19.166667	-0.030659	536800.000000
19.270833	-0.031709	537000.000000
19.375000	-0.032817	537200.000000
19.479167	-0.033930	537400.000000
19.583333	-0.035372	537600.000000
19.687500	-0.036786	537800.000000
19.791667	-0.038371	538000.000000
19.895833	-0.040391	538200.000000
20.000000	-0.042393	538400.000000
20.104167	-0.044741	538600.000000
20.208333	-0.047216	538800.000000
20.312500	-0.049795	539000.000000
20.416667	-0.052865	539200.000000
20.520833	-0.055979	539400.000000
20.625000	-0.059191	539600.000000
20.729167	-0.062582	539800.000000
20.833333	-0.065815	540000.000000
20.937500	-0.069044	540200.000000
21.041667	-0.072117	540400.000000
21.145833	-0.074789	540600.000000
21.250000	-0.077009	540800.000000
21.354167	-0.078659	541000.000000
21.458333	-0.078992	541200.000000
21.562500	-0.077513	541400.000000
21.666667	-0.073370	541600.000000
21.770833	-0.062978	541800.000000
21.875000	-0.040444	542000.000000
21.979167	0.008655	542200.000000
22.083333	0.106291	542400.000000
22.187500	0.264144	542600.000000
22.291667	0.482887	542800.000000
22.395833	0.718128	543000.000000
22.500000	0.874517	543200.000000
22.604167	0.882039	543400.000000
22.708333	0.713967	543600.000000
22.812500	0.413049	543800.000000
22.916667	0.070425	544000.000000
23.020833	-0.218048	544200.000000
23.125000	-0.403066	544400.000000
23.229167	-0.477175	544600.000000
23.333333	-0.473783	544800.000000
23.437500	-0.435826	545000.000000
23.541667	-0.394614	545200.000000
23.645833	-0.355648	545400.000000
23.750000	-0.316444	545600.000000
23.854167	-0.279449	545800.000000
23.958333	-0.253474	546000.000000
24.062500	-0.250527	546200.000000
24.166667	-0.263994	546400.000000
24.270833	-0.272183	546600.000000
24.375000	-0.250538	546800.000000
24.479167	-0.191070	547000.000000
24.583333	-0.114151	547200.000000
24.687500	-0.045383	547400.000000
24.791667	-0.007681	547600.000000
24.895833	-0.005590	547800.000000
25.000000	-0.024918	548000.000000
25.104167	-0.045481	548200.000000
25.208333	-0.052720	548400.000000
25.312500	-0.042579	548600.000000
25.416667	-0.019623	548800.000000
25.520833	0.008778	549000.000000
25.625000	0.031086	549200.000000
25.729167	0.039193	549400.000000
25.833333	0.028410	549600.000000
25.937500	0.002008	549800.000000
26.041667	-0.027704	550000.000000
26.145833	-0.041317	550200.000000
26.250000	-0.029988	550400.000000
26.354167	-0.000350	550600.000000
26.458333	0.026489	550800.000000
26.562500	0.036361	551000.000000
26.666667	0.028133	551200.000000
26.770833	0.014150	551400.000000
26.875000	0.008344	551600.000000
26.979167	0.016381	551800.000000
27.083333	0.032442	552000.000000
27.187500	0.043779	552200.000000
27.291667	0.040063	552400.000000
27.395833	0.021057	552600.000000
27.500000	-0.004389	552800.000000
27.604167	-0.026713	553000.000000
27.708333	-0.041592	553200.000000
27.812500	-0.048432	553400.000000
27.916667	-0.048566	553600.000000
28.020833	-0.044837	553800.000000
28.125000	-0.037357	554000.000000
28.229167	-0.023667	554200.000000
28.333333	-0.006545	554400.000000
28.437500	0.011344	554600.000000
28.541667	0.022988	554800.000000
28.645833	0.022142	555000.000000
28.750000	0.009960	555200.000000
28.854167	-0.006410	555400.000000
28.958333	-0.018813	555600.000000
29.062500	-0.022710	555800.000000
29.166667	-0.019340	556000.000000
29.270833	-0.014455	556200.000000
29.375000	-0.013405	556400.000000
29.479167	-0.017805	556600.000000
29.583333	-0.026654	556800.000000
29.687500	-0.034804	557000.000000
29.791667	-0.037422	557200.000000
29.895833	-0.032729	557400.000000
30.000000	-0.021137	557600.000000
30.104167	-0.008222	557800.000000
30.208333	0.000261	558000.000000
30.312500	0.003256	558200.000000
30.416667	0.002394	558400.000000
30.520833	0.000030	558600.000000
30.625000	-0.002432	558800.000000
30.729167	-0.005293	559000.000000
30.833333	-0.008705	559200.000000
30.937500	-0.011682	559400.000000
31.041667	-0.012397	559600.000000
31.145833	-0.011941	559800.000000
31.250000	-0.013468	560000.000000
31.354167	-0.021272	560200.000000
31.458333	-0.037636	560400.000000
31.562500	-0.059742	560600.000000
31.666667	-0.080229	560800.000000
31.770833	-0.087413	561000.000000
31.875000	-0.075648	561200.000000
31.979167	-0.050110	561400.000000
32.083333	-0.022296	561600.000000
32.187500	-0.002557	561800.000000
32.291667	0.003276	562000.000000
32.395833	-0.003180	562200.000000
32.500000	-0.015810	562400.000000
32.604167	-0.027569	562600.000000
32.708333	-0.033931	562800.000000
32.812500	-0.035085	563000.000000
32.916667	-0.033579	563200.000000
33.020833	-0.031520	563400.000000
33.125000	-0.030742	563600.000000
33.229167	-0.030966	563800.000000
33.333333	-0.031547	564000.000000
33.437500	-0.031664	564200.000000
33.541667	-0.030513	564400.000000
33.645833	-0.026539	564600.000000
33.750000	-0.019488	564800.000000
33.854167	-0.008637	565000.000000
33.958333	0.004127	565200.000000
34.062500	0.015285	565400.000000
34.166667	0.018586	565600.000000
34.270833	0.010746	565800.000000
34.375000	-0.008402	566000.000000
34.479167	-0.031783	566200.000000
34.583333	-0.048120	566400.000000
34.687500	-0.048612	566600.000000
34.791667	-0.032535	566800.000000
34.895833	-0.010130	567000.000000
35.000000	0.003329	567200.000000
35.104167	0.000739	567400.000000
35.208333	-0.015205	567600.000000
35.312500	-0.032710	567800.000000
35.416667	-0.040052	568000.000000
35.520833	-0.032382	568200.000000
35.625000	-0.015034	568400.000000
35.729167	0.002681	568600.000000
35.833333	0.012566	568800.000000
35.937500	0.012660	569000.000000
36.041667	0.005975	569200.000000
36.145833	-0.004246	569400.000000
36.250000	-0.014141	569600.000000
36.354167	-0.019483	569800.000000
36.458333	-0.017937	570000.000000
36.562500	-0.011691	570200.000000
36.666667	-0.006160	570400.000000
36.770833	-0.008740	570600.000000
36.875000	-0.021554	570800.000000
36.979167	-0.038469	571000.000000
37.083333	-0.050684	571200.000000
37.187500	-0.050014	571400.000000
37.291667	-0.037268	571600.000000
37.395833	-0.017949	571800.000000
37.500000	0.002893	572000.000000
37.604167	0.017800	572200.000000
37.708333	0.021419	572400.000000
37.812500	0.011436	572600.000000
37.916667	-0.008954	572800.000000
38.020833	-0.031960	573000.000000
38.125000	-0.046907	573200.000000
38.229167	-0.048636	573400.000000
38.333333	-0.040594	573600.000000
38.437500	-0.031440	573800.000000
38.541667	-0.030787	574000.000000
38.645833	-0.041550	574200.000000
38.750000	-0.055523	574400.000000
38.854167	-0.062160	574600.000000
38.958333	-0.053818	574800.000000
39.062500	-0.031860	575000.000000
39.166667	-0.003163	575200.000000
39.270833	0.017951	575400.000000
39.375000	0.023441	575600.000000
39.479167	0.011119	575800.000000
39.583333	-0.011543	576000.000000
39.687500	-0.032875	576200.000000
39.791667	-0.042987	576400.000000
39.895833	-0.040948	576600.000000
40.000000	-0.031982	576800.000000
40.104167	-0.022197	577000.000000
40.208333	-0.015950	577200.000000
40.312500	-0.016201	577400.000000
40.416667	-0.022938	577600.000000
40.520833	-0.033576	577800.000000
40.625000	-0.043464	578000.000000
40.729167	-0.048380	578200.000000
40.833333	-0.044361	578400.000000
40.937500	-0.033251	578600.000000
41.041667	-0.019369	578800.000000
41.145833	-0.009224	579000.000000
41.250000	-0.006112	579200.000000
41.354167	-0.009691	579400.000000
41.458333	-0.016546	579600.000000
41.562500	-0.022547	579800.000000
41.666667	-0.024835	580000.000000
41.770833	-0.023261	580200.000000
41.875000	-0.019870	580400.000000
41.979167	-0.019770	580600.000000
42.083333	-0.024861	580800.000000
42.187500	-0.035114	581000.000000
42.291667	-0.045699	581200.000000
42.395833	-0.050946	581400.000000
42.500000	-0.048646	581600.000000
42.604167	-0.039693	581800.000000
42.708333	-0.027339	582000.000000
42.812500	-0.015936	582200.000000
42.916667	-0.008637	582400.000000
43.020833	-0.006368	582600.000000
43.125000	-0.007948	582800.000000
43.229167	-0.010312	583000.000000
43.333333	-0.011602	583200.000000
43.437500	-0.013118	583400.000000
43.541667	-0.017713	583600.000000
43.645833	-0.026897	583800.000000
43.750000	-0.038312	584000.000000
43.854167	-0.047339	584200.000000
43.958333	-0.048615	584400.000000
44.062500	-0.041934	584600.000000
44.166667	-0.031095	584800.000000
44.270833	-0.022154	585000.000000
44.375000	-0.018021	585200.000000
44.479167	-0.017513	585400.000000
44.583333	-0.017215	585600.000000
44.687500	-0.015379	585800.000000
44.791667	-0.013609	586000.000000
44.895833	-0.013411	586200.000000
45.000000	-0.015960	586400.000000
45.104167	-0.018804	586600.000000
45.208333	-0.020085	586800.000000
45.312500	-0.020159	587000.000000
45.416667	-0.020145	587200.000000
45.520833	-0.022238	587400.000000
45.625000	-0.027124	587600.000000
45.729167	-0.032583	587800.000000
45.833333	-0.035057	588000.000000
45.937500	-0.033098	588200.000000
46.041667	-0.028182	588400.000000
46.145833	-0.022992	588600.000000
46.250000	-0.021066	588800.000000
46.354167	-0.021764	589000.000000
46.458333	-0.023457	589200.000000
46.562500	-0.023833	589400.000000
46.666667	-0.020743	589600.000000
46.770833	-0.015657	589800.000000
46.875000	-0.009867	590000.000000
46.979167	-0.006349	590200.000000
47.083333	-0.006413	590400.000000
47.187500	-0.011536	590600.000000
47.291667	-0.020953	590800.000000
47.395833	-0.032050	591000.000000
47.500000	-0.039635	591200.000000
47.604167	-0.040662	591400.000000
47.708333	-0.036164	591600.000000
47.812500	-0.030868	591800.000000
47.916667	-0.028534	592000.000000
48.020833	-0.028554	592200.000000
48.125000	-0.026872	592400.000000
48.229167	-0.021016	592600.000000
48.333333	-0.012362	592800.000000
48.437500	-0.003897	593000.000000
48.541667	-0.000518	593200.000000
48.645833	-0.003111	593400.000000
48.750000	-0.011266	593600.000000
48.854167	-0.021407	593800.000000
48.958333	-0.031153	594000.000000
49.062500	-0.037432	594200.000000
49.166667	-0.039956	594400.000000
49.270833	-0.038925	594600.000000
49.375000	-0.034035	594800.000000
49.479167	-0.027124	595000.000000
49.583333	-0.020605	595200.000000
49.687500	-0.016828	595400.000000
49.791667	-0.017607	595600.000000
49.895833	-0.020467	595800.000000
50.000000	-0.022459	596000.000000
50.104167	-0.021424	596200.000000
50.208333	-0.016878	596400.000000
50.312500	-0.010535	596600.000000
50.416667	-0.006113	596800.000000
50.520833	-0.006935	597000.000000
50.625000	-0.013132	597200.000000
50.729167	-0.022461	597400.000000
50.833333	-0.030235	597600.000000
50.937500	-0.032528	597800.000000
51.041667	-0.029683	598000.000000
51.145833	-0.023879	598200.000000
51.250000	-0.019371	598400.000000
51.354167	-0.018594	598600.000000
51.458333	-0.021372	598800.000000
51.562500	-0.025999	599000.000000
51.666667	-0.029830	599200.000000
51.770833	-0.030063	599400.000000
51.875000	-0.025393	599600.000000
51.979167	-0.017960	599800.000000
52.083333	-0.009993	600000.000000
52.187500	-0.004486	600200.000000
52.291667	-0.003831	600400.000000
52.395833	-0.007613	600600.000000
52.500000	-0.013123	600800.000000
52.604167	-0.019157	601000.000000
52.708333	-0.025329	601200.000000
52.812500	-0.031319	601400.000000
52.916667	-0.036957	601600.000000
53.020833	-0.039931	601800.000000
53.125000	-0.038750	602000.000000
53.229167	-0.033196	602200.000000
53.333333	-0.025631	602400.000000
53.437500	-0.019052	602600.000000
53.541667	-0.014781	602800.000000
53.645833	-0.012741	603000.000000
53.750000	-0.011644	603200.000000
53.854167	-0.011215	603400.000000
53.958333	-0.011558	603600.000000
54.062500	-0.013185	603800.000000
54.166667	-0.016207	604000.000000
54.270833	-0.019717	604200.000000
54.375000	-0.023191	604400.000000
54.479167	-0.026572	604600.000000
54.583333	-0.029865	604800.000000
54.687500	-0.033017	605000.000000
54.791667	-0.034099	605200.000000
54.895833	-0.031934	605400.000000
55.000000	-0.027999	605600.000000
55.104167	-0.023402	605800.000000
55.208333	-0.019298	606000.000000
55.312500	-0.016397	606200.000000
55.416667	-0.015342	606400.000000
55.520833	-0.016814	606600.000000
55.625000	-0.021197	606800.000000
55.729167	-0.026150	607000.000000
55.833333	-0.027760	607200.000000
55.937500	-0.025077	607400.000000
56.041667	-0.020393	607600.000000
56.145833	-0.017256	607800.000000
56.250000	-0.019277	608000.000000
56.354167	-0.025191	608200.000000
56.458333	-0.032111	608400.000000
56.562500	-0.035987	608600.000000
56.666667	-0.035492	608800.000000
56.770833	-0.031823	609000.000000
56.875000	-0.027717	609200.000000
56.979167	-0.026008	609400.000000
57.083333	-0.026494	609600.000000
57.187500	-0.027356	609800.000000
57.291667	-0.026393	610000.000000
57.395833	-0.023277	610200.000000
57.500000	-0.018542	610400.000000
57.604167	-0.013293	610600.000000
57.708333	-0.010276	610800.000000
57.812500	-0.011045	611000.000000
57.916667	-0.017080	611200.000000
58.020833	-0.026953	611400.000000
58.125000	-0.036926	611600.000000
58.229167	-0.042959	611800.000000
58.333333	-0.042600	612000.000000
58.437500	-0.036925	612200.000000
58.541667	-0.029685	612400.000000
58.645833	-0.024796	612600.000000
58.750000	-0.023497	612800.000000
58.854167	-0.023230	613000.000000
58.958333	-0.022822	613200.000000
59.062500	-0.020843	613400.000000
59.166667	-0.018055	613600.000000
59.270833	-0.016128	613800.000000
59.375000	-0.015144	614000.000000
59.479167	-0.015259	614200.000000
59.583333	-0.017367	614400.000000
59.687500	-0.021912	614600.000000
59.791667	-0.028414	614800.000000
59.895833	-0.034413	615000.000000
60.000000	-0.037370	615200.000000
60.104167	-0.035538	615400.000000
60.208333	-0.029169	615600.000000
60.312500	-0.021549	615800.000000
60.416667	-0.016491	616000.000000
60.520833	-0.015949	616200.000000
60.625000	-0.018427	616400.000000
60.729167	-0.021754	616600.000000
60.833333	-0.023771	616800.000000
60.937500	-0.023278	617000.000000
61.041667	-0.021333	617200.000000
61.145833	-0.018758	617400.000000
61.250000	-0.016129	617600.000000
61.354167	-0.014289	617800.000000
61.458333	-0.013475	618000.000000
61.562500	-0.013897	618200.000000
61.666667	-0.015666	618400.000000
61.770833	-0.018775	618600.000000
61.875000	-0.022446	618800.000000
61.979167	-0.025946	619000.000000
62.083333	-0.028130	619200.000000
62.187500	-0.027940	619400.000000
62.291667	-0.025463	619600.000000
62.395833	-0.021802	619800.000000
62.500000	-0.017927	620000.000000
62.604167	-0.014666	620200.000000
62.708333	-0.013057	620400.000000
62.812500	-0.012947	620600.000000
62.916667	-0.014409	620800.000000
63.020833	-0.015739	621000.000000
63.125000	-0.015903	621200.000000
63.229167	-0.015007	621400.000000
63.333333	-0.014334	621600.000000
63.437500	-0.016424	621800.000000
63.541667	-0.020636	622000.000000
63.645833	-0.025646	622200.000000
63.750000	-0.029052	622400.000000
63.854167	-0.029296	622600.000000
63.958333	-0.025700	622800.000000
64.062500	-0.019780	623000.000000
64.166667	-0.013012	623200.000000
64.270833	-0.007747	623400.000000
64.375000	-0.006005	623600.000000
64.479167	-0.007396	623800.000000
64.583333	-0.011479	624000.000000
64.687500	-0.016039	624200.000000
64.791667	-0.019708	624400.000000
64.895833	-0.021679	624600.000000
65.000000	-0.022656	624800.000000
65.104167	-0.023671	625000.000000
65.208333	-0.025404	625200.000000
65.312500	-0.027765	625400.000000
65.416667	-0.030204	625600.000000
65.520833	-0.032093	625800.000000
65.625000	-0.032035	626000.000000
65.729167	-0.029817	626200.000000
65.833333	-0.025811	626400.000000
65.937500	-0.022549	626600.000000
66.041667	-0.021628	626800.000000
66.145833	-0.023517	627000.000000
66.250000	-0.026805	627200.000000
66.354167	-0.028698	627400.000000
66.458333	-0.027013	627600.000000
66.562500	-0.021710	627800.000000
66.666667	-0.015811	628000.000000
66.770833	-0.012957	628200.000000
66.875000	-0.014459	628400.000000
66.979167	-0.019935	628600.000000
67.083333	-0.026552	628800.000000
67.187500	-0.031546	629000.000000
67.291667	-0.033039	629200.000000
67.395833	-0.031405	629400.000000
67.500000	-0.028224	629600.000000
67.604167	-0.024906	629800.000000
67.708333	-0.023304	630000.000000
67.812500	-0.023248	630200.000000
67.916667	-0.024092	630400.000000
68.020833	-0.024397	630600.000000
68.125000	-0.022839	630800.000000
68.229167	-0.018522	631000.000000
68.333333	-0.013590	631200.000000
68.437500	-0.010669	631400.000000
68.541667	-0.011867	631600.000000
68.645833	-0.016972	631800.000000
68.750000	-0.023608	632000.000000
68.854167	-0.028993	632200.000000
68.958333	-0.031545	632400.000000
69.062500	-0.031446	632600.000000
69.166667	-0.028996	632800.000000
69.270833	-0.025692	633000.000000
69.375000	-0.022369	633200.000000
69.479167	-0.018058	633400.000000
69.583333	-0.013790	633600.000000
69.687500	-0.010405	633800.000000
69.791667	-0.008961	634000.000000
69.895833	-0.009252	634200.000000
70.000000	-0.010706	634400.000000
70.104167	-0.012979	634600.000000
70.208333	-0.015378	634800.000000
70.312500	-0.017535	635000.000000
70.416667	-0.019333	635200.000000
70.520833	-0.020423	635400.000000
70.625000	-0.020437	635600.000000
70.729167	-0.020830	635800.000000
70.833333	-0.022239	636000.000000
70.937500	-0.025157	636200.000000
71.041667	-0.029545	636400.000000
71.145833	-0.033377	636600.000000
71.250000	-0.035014	636800.000000
71.354167	-0.033856	637000.000000
71.458333	-0.031203	637200.000000
71.562500	-0.028749	637400.000000
71.666667	-0.028542	637600.000000
71.770833	-0.030571	637800.000000
71.875000	-0.033960	638000.000000
71.979167	-0.036882	638200.000000
72.083333	-0.037401	638400.000000
72.187500	-0.035383	638600.000000
72.291667	-0.031767	638800.000000
72.395833	-0.028555	639000.000000
72.500000	-0.026959	639200.000000
72.604167	-0.028097	639400.000000
72.708333	-0.031146	639600.000000
72.812500	-0.034452	639800.000000
72.916667	-0.035869	640000.000000
73.020833	-0.033590	640200.000000
73.125000	-0.028099	640400.000000
73.229167	-0.020580	640600.000000
73.333333	-0.013970	640800.000000
73.437500	-0.010832	641000.000000
73.541667	-0.010864	641200.000000
73.645833	-0.012449	641400.000000
73.750000	-0.014253	641600.000000
73.854167	-0.015831	641800.000000
73.958333	-0.016343	642000.000000
74.062500	-0.016657	642200.000000
74.166667	-0.017886	642400.000000
74.270833	-0.020938	642600.000000
74.375000	-0.024988	642800.000000
74.479167	-0.028546	643000.000000
74.583333	-0.029829	643200.000000
74.687500	-0.027860	643400.000000
74.791667	-0.023365	643600.000000
74.895833	-0.018457	643800.000000
75.000000	-0.015659	644000.000000
75.104167	-0.016056	644200.000000
75.208333	-0.019136	644400.000000
75.312500	-0.023344	644600.000000
75.416667	-0.026293	644800.000000
75.520833	-0.026491	645000.000000
75.625000	-0.024451	645200.000000
75.729167	-0.021580	645400.000000
75.833333	-0.019433	645600.000000
75.937500	-0.020043	645800.000000
76.041667	-0.022228	646000.000000
76.145833	-0.025237	646200.000000
76.250000	-0.027035	646400.000000
76.354167	-0.026037	646600.000000
76.458333	-0.021872	646800.000000
76.562500	-0.016976	647000.000000
76.666667	-0.013688	647200.000000
76.770833	-0.013675	647400.000000
76.875000	-0.016949	647600.000000
76.979167	-0.021774	647800.000000
77.083333	-0.025087	648000.000000
77.187500	-0.026184	648200.000000
77.291667	-0.024586	648400.000000
77.395833	-0.021495	648600.000000
77.500000	-0.019107	648800.000000
77.604167	-0.018678	649000.000000
77.708333	-0.021231	649200.000000
77.812500	-0.025580	649400.000000
77.916667	-0.030870	649600.000000
78.020833	-0.035230	649800.000000
78.125000	-0.037273	650000.000000
78.229167	-0.036656	650200.000000
78.333333	-0.033926	650400.000000
78.437500	-0.030433	650600.000000
78.541667	-0.027303	650800.000000
78.645833	-0.025135	651000.000000
78.750000	-0.023763	651200.000000
78.854167	-0.022501	651400.000000
78.958333	-0.021837	651600.000000
79.062500	-0.021491	651800.000000
79.166667	-0.022234	652000.000000
79.270833	-0.023866	652200.000000
79.375000	-0.026182	652400.000000
79.479167	-0.028221	652600.000000
79.583333	-0.030017	652800.000000
79.687500	-0.030814	653000.000000
79.791667	-0.030816	653200.000000
79.895833	-0.030493	653400.000000
80.000000	-0.029963	653600.000000
80.104167	-0.029227	653800.000000
80.208333	-0.028362	654000.000000
80.312500	-0.026997	654200.000000
80.416667	-0.025130	654400.000000
80.520833	-0.023604	654600.000000
80.625000	-0.022374	654800.000000
80.729167	-0.022023	655000.000000
80.833333	-0.022343	655200.000000
80.937500	-0.022949	655400.000000
81.041667	-0.023507	655600.000000
81.145833	-0.024204	655800.000000
81.250000	-0.024425	656000.000000
81.354167	-0.024523	656200.000000
81.458333	-0.023788	656400.000000
81.562500	-0.022670	656600.000000
81.666667	-0.021952	656800.000000
81.770833	-0.022088	657000.000000
81.875000	-0.022529	657200.000000
81.979167	-0.023225	657400.000000
82.083333	-0.023463	657600.000000
82.187500	-0.022841	657800.000000
82.291667	-0.022416	658000.000000
82.395833	-0.021530	658200.000000
82.500000	-0.019886	658400.000000
82.604167	-0.018260	658600.000000
82.708333	-0.016071	658800.000000
82.812500	-0.014071	659000.000000
82.916667	-0.013688	659200.000000
83.020833	-0.015481	659400.000000
83.125000	-0.018249	659600.000000
83.229167	-0.021121	659800.000000
83.333333	-0.023228	660000.000000
83.437500	-0.024107	660200.000000
83.541667	-0.023965	660400.000000
83.645833	-0.023175	660600.000000
83.750000	-0.020952	660800.000000
83.854167	-0.018175	661000.000000
83.958333	-0.015900	661200.000000
84.062500	-0.014729	661400.000000
84.166667	-0.015090	661600.000000
84.270833	-0.016034	661800.000000
84.375000	-0.016648	662000.000000
84.479167	-0.016639	662200.000000
84.583333	-0.015958	662400.000000
84.687500	-0.015977	662600.000000
84.791667	-0.017500	662800.000000
84.895833	-0.020291	663000.000000
85.000000	-0.023566	663200.000000
85.104167	-0.026023	663400.000000
85.208333	-0.026675	663600.000000
85.312500	-0.025633	663800.000000
85.416667	-0.023420	664000.000000
85.520833	-0.020308	664200.000000
85.625000	-0.017901	664400.000000
85.729167	-0.016660	664600.000000
85.833333	-0.017032	664800.000000
85.937500	-0.018763	665000.000000
86.041667	-0.020720	665200.000000
86.145833	-0.022091	665400.000000
86.250000	-0.021954	665600.000000
86.354167	-0.021265	665800.000000
86.458333	-0.020784	666000.000000
86.562500	-0.020872	666200.000000
86.666667	-0.021481	666400.000000
86.770833	-0.022253	666600.000000
86.875000	-0.023027	666800.000000
86.979167	-0.023329	667000.000000
87.083333	-0.023690	667200.000000
87.187500	-0.023962	667400.000000
87.291667	-0.024374	667600.000000
87.395833	-0.024667	667800.000000
87.500000	-0.024417	668000.000000
87.604167	-0.023431	668200.000000
87.708333	-0.021592	668400.000000
87.812500	-0.019955	668600.000000
87.916667	-0.018323	668800.000000
88.020833	-0.017812	669000.000000
88.125000	-0.017801	669200.000000
88.229167	-0.017964	669400.000000
88.333333	-0.019152	669600.000000
88.437500	-0.020731	669800.000000
88.541667	-0.022673	670000.000000
88.645833	-0.024401	670200.000000
88.750000	-0.025642	670400.000000
88.854167	-0.026208	670600.000000
88.958333	-0.026175	670800.000000
89.062500	-0.025804	671000.000000
89.166667	-0.024953	671200.000000
89.270833	-0.023971	671400.000000
89.375000	-0.022264	671600.000000
89.479167	-0.020373	671800.000000
89.583333	-0.019047	672000.000000
89.687500	-0.018083	672200.000000
89.791667	-0.018018	672400.000000
89.895833	-0.018770	672600.000000
90.000000	-0.020558	672800.000000
90.104167	-0.022760	673000.000000
90.208333	-0.024777	673200.000000
90.312500	-0.026517	673400.000000
90.416667	-0.027686	673600.000000
90.520833	-0.027864	673800.000000
90.625000	-0.027166	674000.000000
90.729167	-0.025864	674200.000000
90.833333	-0.024169	674400.000000
90.937500	-0.023027	674600.000000
91.041667	-0.022846	674800.000000
91.145833	-0.023078	675000.000000
91.250000	-0.023830	675200.000000
91.354167	-0.024746	675400.000000
91.458333	-0.025823	675600.000000
91.562500	-0.025936	675800.000000
91.666667	-0.024913	676000.000000
91.770833	-0.023609	676200.000000
91.875000	-0.022206	676400.000000
91.979167	-0.021670	676600.000000
92.083333	-0.022274	676800.000000
92.187500	-0.023563	677000.000000
92.291667	-0.025468	677200.000000
92.395833	-0.026653	677400.000000
92.500000	-0.026468	677600.000000
92.604167	-0.025509	677800.000000
92.708333	-0.023813	678000.000000
92.812500	-0.022462	678200.000000
92.916667	-0.021525	678400.000000
93.020833	-0.021223	678600.000000
93.125000	-0.021430	678800.000000
93.229167	-0.021893	679000.000000
93.333333	-0.021956	679200.000000
93.437500	-0.021629	679400.000000
93.541667	-0.020812	679600.000000
93.645833	-0.020243	679800.000000
93.750000	-0.020693	680000.000000
93.854167	-0.022102	680200.000000
93.958333	-0.024278	680400.000000
94.062500	-0.026852	680600.000000
94.166667	-0.029580	680800.000000
94.270833	-0.030853	681000.000000
94.375000	-0.030805	681200.000000
94.479167	-0.028947	681400.000000
94.583333	-0.025515	681600.000000
94.687500	-0.022115	681800.000000
94.791667	-0.019909	682000.000000
94.895833	-0.019352	682200.000000
95.000000	-0.020461	682400.000000
95.104167	-0.022334	682600.000000
95.208333	-0.023485	682800.000000
95.312500	-0.024050	683000.000000
95.416667	-0.024094	683200.000000
95.520833	-0.024225	683400.000000
95.625000	-0.024904	683600.000000
95.729167	-0.025528	683800.000000
95.833333	-0.026429	684000.000000
95.937500	-0.026809	684200.000000
96.041667	-0.026556	684400.000000
96.145833	-0.025711	684600.000000
96.250000	-0.024613	684800.000000
96.354167	-0.023535	685000.000000
96.458333	-0.022479	685200.000000
96.562500	-0.022466	685400.000000
96.666667	-0.022422	685600.000000
96.770833	-0.022500	685800.000000
96.875000	-0.022477	686000.000000
96.979167	-0.022012	686200.000000
97.083333	-0.020895	686400.000000
97.187500	-0.019939	686600.000000
97.291667	-0.019153	686800.000000
97.395833	-0.019151	687000.000000
97.500000	-0.019920	687200.000000
97.604167	-0.021120	687400.000000
97.708333	-0.022598	687600.000000
97.812500	-0.024057	687800.000000
97.916667	-0.024993	688000.000000
98.020833	-0.025165	688200.000000
98.125000	-0.025047	688400.000000
98.229167	-0.024079	688600.000000
98.333333	-0.023617	688800.000000
98.437500	-0.023955	689000.000000
98.541667	-0.024592	689200.000000
98.645833	-0.024958	689400.000000
98.750000	-0.024377	689600.000000
98.854167	-0.022827	689800.000000
98.958333	-0.021250	690000.000000
99.062500	-0.020163	690200.000000
99.166667	-0.020954	690400.000000
99.270833	-0.023070	690600.000000
99.375000	-0.025930	690800.000000
99.479167	-0.028400	691000.000000
99.583333	-0.029138	691200.000000
99.687500	-0.027836	691400.000000
99.791667	-0.025521	691600.000000
99.895833	-0.022917	691800.000000
100.000000	-0.020907	692000.000000
100.104167	-0.020112	692200.000000
100.208333	-0.020587	692400.000000
100.312500	-0.021810	692600.000000
100.416667	-0.023056	692800.000000
100.520833	-0.023796	693000.000000
100.625000	-0.023202	693200.000000
100.729167	-0.022171	693400.000000
100.833333	-0.021504	693600.000000
100.937500	-0.021194	693800.000000
101.041667	-0.021802	694000.000000
101.145833	-0.022640	694200.000000
101.250000	-0.023910	694400.000000
101.354167	-0.024550	694600.000000
101.458333	-0.024252	694800.000000
101.562500	-0.022862	695000.000000
101.666667	-0.021736	695200.000000
101.770833	-0.021406	695400.000000
101.875000	-0.021646	695600.000000
101.979167	-0.022725	695800.000000
102.083333	-0.024005	696000.000000
102.187500	-0.025188	696200.000000
102.291667	-0.025734	696400.000000
102.395833	-0.025212	696600.000000
102.500000	-0.023961	696800.000000
102.604167	-0.022927	697000.000000
102.708333	-0.022407	697200.000000
102.812500	-0.022670	697400.000000
102.916667	-0.023727	697600.000000
103.020833	-0.025253	697800.000000
103.125000	-0.026452	698000.000000
103.229167	-0.027595	698200.000000
103.333333	-0.028523	698400.000000
103.437500	-0.028753	698600.000000
103.541667	-0.028546	698800.000000
103.645833	-0.027239	699000.000000
103.750000	-0.025660	699200.000000
103.854167	-0.023905	699400.000000
103.958333	-0.022651	699600.000000
104.062500	-0.022209	699800.000000
104.166667	-0.022293	700000.000000
104.270833	-0.023078	700200.000000
104.375000	-0.023933	700400.000000
104.479167	-0.024218	700600.000000
104.583333	-0.023994	700800.000000
104.687500	-0.024306	701000.000000
104.791667	-0.024597	701200.000000
104.895833	-0.025207	701400.000000
105.000000	-0.025859	701600.000000
105.104167	-0.026022	701800.000000
105.208333	-0.024974	702000.000000
105.312500	-0.023326	702200.000000
105.416667	-0.021727	702400.000000
105.520833	-0.020039	702600.000000
105.625000	-0.019747	702800.000000
105.729167	-0.019996	703000.000000
105.833333	-0.020800	703200.000000
105.937500	-0.021796	703400.000000
106.041667	-0.022904	703600.000000
106.145833	-0.023420	703800.000000
106.250000	-0.023832	704000.000000
106.354167	-0.023647	704200.000000
106.458333	-0.023329	704400.000000
106.562500	-0.023310	704600.000000
106.666667	-0.023931	704800.000000
106.770833	-0.024787	705000.000000
106.875000	-0.025241	705200.000000
106.979167	-0.024874	705400.000000
107.083333	-0.023672	705600.000000
107.187500	-0.022064	705800.000000
107.291667	-0.020998	706000.000000
107.395833	-0.020720	706200.000000
107.500000	-0.021137	706400.000000
107.604167	-0.022047	706600.000000
107.708333	-0.022956	706800.000000
107.812500	-0.022989	707000.000000
107.916667	-0.021737	707200.000000
108.020833	-0.020123	707400.000000
108.125000	-0.018570	707600.000000
108.229167	-0.018062	707800.000000
108.333333	-0.019316	708000.000000
108.437500	-0.022308	708200.000000
108.541667	-0.025359	708400.000000
108.645833	-0.027398	708600.000000
108.750000	-0.027496	708800.000000
108.854167	-0.025567	709000.000000
108.958333	-0.023167	709200.000000
109.062500	-0.021392	709400.000000
109.166667	-0.021297	709600.000000
109.270833	-0.022523	709800.000000
109.375000	-0.024320	710000.000000
109.479167	-0.025373	710200.000000
109.583333	-0.025729	710400.000000
109.687500	-0.025181	710600.000000
109.791667	-0.024025	710800.000000
109.895833	-0.023261	711000.000000
110.000000	-0.023272	711200.000000
110.104167	-0.024324	711400.000000
110.208333	-0.025645	711600.000000
110.312500	-0.026673	711800.000000
110.416667	-0.027154	712000.000000
110.520833	-0.026471	712200.000000
110.625000	-0.023882	712400.000000
110.729167	-0.021647	712600.000000
110.833333	-0.019614	712800.000000
110.937500	-0.019104	713000.000000
111.041667	-0.019461	713200.000000
111.145833	-0.020561	713400.000000
111.250000	-0.021779	713600.000000
111.354167	-0.023045	713800.000000
111.458333	-0.023683	714000.000000
111.562500	-0.023404	714200.000000
111.666667	-0.022706	714400.000000
111.770833	-0.022292	714600.000000
111.875000	-0.022095	714800.000000
111.979167	-0.022785	715000.000000
112.083333	-0.023437	715200.000000
112.187500	-0.024034	715400.000000
112.291667	-0.023806	715600.000000
112.395833	-0.023640	715800.000000
112.500000	-0.022828	716000.000000
112.604167	-0.022716	716200.000000
112.708333	-0.023107	716400.000000
112.812500	-0.022984	716600.000000
112.916667	-0.023157	716800.000000
113.020833	-0.022916	717000.000000
113.125000	-0.022360	717200.000000
113.229167	-0.021832	717400.000000
113.333333	-0.021067	717600.000000
113.437500	-0.020584	717800.000000
113.541667	-0.020316	718000.000000
113.645833	-0.020429	718200.000000
113.750000	-0.020917	718400.000000
113.854167	-0.021625	718600.000000
113.958333	-0.022570	718800.000000
114.062500	-0.023345	719000.000000
114.166667	-0.023481	719200.000000
114.270833	-0.022899	719400.000000
114.375000	-0.021619	719600.000000
114.479167	-0.020461	719800.000000
114.583333	-0.019290	720000.000000
114.687500	-0.019118	720200.000000
114.791667	-0.019598	720400.000000
114.895833	-0.020525	720600.000000
115.000000	-0.021594	720800.000000
115.104167	-0.022156	721000.000000
115.208333	-0.022436	721200.000000
115.312500	-0.022704	721400.000000
115.416667	-0.023563	721600.000000
115.520833	-0.024520	721800.000000
115.625000	-0.025736	722000.000000
115.729167	-0.026275	722200.000000
115.833333	-0.026083	722400.000000
115.937500	-0.024938	722600.000000
116.041667	-0.023423	722800.000000
116.145833	-0.021999	723000.000000
116.250000	-0.021393	723200.000000
116.354167	-0.021164	723400.000000
116.458333	-0.021792	723600.000000
116.562500	-0.022185	723800.000000
116.666667	-0.022441	724000.000000
116.770833	-0.022354	724200.000000
116.875000	-0.022174	724400.000000
116.979167	-0.021105	724600.000000
117.083333	-0.019920	724800.000000
117.187500	-0.019061	725000.000000
117.291667	-0.018500	725200.000000
117.395833	-0.018828	725400.000000
117.500000	-0.019583	725600.000000
117.604167	-0.020381	725800.000000
117.708333	-0.020869	726000.000000
117.812500	-0.020976	726200.000000
117.916667	-0.020495	726400.000000
118.020833	-0.020798	726600.000000
118.125000	-0.021782	726800.000000
118.229167	-0.023637	727000.000000
118.333333	-0.025791	727200.000000
118.437500	-0.027688	727400.000000
118.541667	-0.028850	727600.000000
118.645833	-0.028918	727800.000000
118.750000	-0.027846	728000.000000
118.854167	-0.026397	728200.000000
118.958333	-0.025949	728400.000000
119.062500	-0.026082	728600.000000
119.166667	-0.026768	728800.000000
119.270833	-0.027770	729000.000000
119.375000	-0.028801	729200.000000
119.479167	-0.028818	729400.000000
119.583333	-0.028238	729600.000000
119.687500	-0.027273	729800.000000
119.791667	-0.026040	730000.000000
119.895833	-0.024652	730200.000000
120.000000	-0.023345	730400.000000
120.104167	-0.021813	730600.000000
120.208333	-0.020957	730800.000000
120.312500	-0.020345	731000.000000
120.416667	-0.020662	731200.000000
120.520833	-0.021836	731400.000000
120.625000	-0.022845	731600.000000
120.729167	-0.023422	731800.000000
120.833333	-0.023594	732000.000000
120.937500	-0.022966	732200.000000
121.041667	-0.022649	732400.000000
121.145833	-0.022320	732600.000000
121.250000	-0.022338	732800.000000
121.354167	-0.022966	733000.000000
121.458333	-0.023726	733200.000000
121.562500	-0.024454	733400.000000
121.666667	-0.024832	733600.000000
121.770833	-0.024933	733800.000000
121.875000	-0.024415	734000.000000
121.979167	-0.023772	734200.000000
122.083333	-0.023319	734400.000000
122.187500	-0.022992	734600.000000
122.291667	-0.023038	734800.000000
122.395833	-0.023183	735000.000000
122.500000	-0.023276	735200.000000
122.604167	-0.022822	735400.000000
122.708333	-0.022449	735600.000000
122.812500	-0.022258	735800.000000
122.916667	-0.022574	736000.000000
123.020833	-0.023166	736200.000000
123.125000	-0.024038	736400.000000
123.229167	-0.024563	736600.000000
123.333333	-0.024504	736800.000000
123.437500	-0.024154	737000.000000
123.541667	-0.023152	737200.000000
123.645833	-0.022131	737400.000000
123.750000	-0.021553	737600.000000
123.854167	-0.021467	737800.000000
123.958333	-0.021923	738000.000000
124.062500	-0.022368	738200.000000
124.166667	-0.023104	738400.000000
124.270833	-0.023212	738600.000000
124.375000	-0.023100	738800.000000
124.479167	-0.022819	739000.000000
124.583333	-0.023046	739200.000000
124.687500	-0.023915	739400.000000
124.791667	-0.025206	739600.000000
124.895833	-0.026105	739800.000000
125.000000	-0.026161	740000.000000
125.104167	-0.025572	740200.000000
125.208333	-0.024179	740400.000000
125.312500	-0.022981	740600.000000
125.416667	-0.022547	740800.000000
125.520833	-0.022998	741000.000000
125.625000	-0.024301	741200.000000
125.729167	-0.025849	741400.000000
125.833333	-0.027074	741600.000000
125.937500	-0.027664	741800.000000
126.041667	-0.027601	742000.000000
126.145833	-0.026963	742200.000000
126.250000	-0.026115	742400.000000
126.354167	-0.025758	742600.000000
126.458333	-0.026066	742800.000000
126.562500	-0.026675	743000.000000
126.666667	-0.027453	743200.000000
126.770833	-0.027510	743400.000000
126.875000	-0.026939	743600.000000
126.979167	-0.025711	743800.000000
127.083333	-0.024456	744000.000000
127.187500	-0.023343	744200.000000
127.291667	-0.023115	744400.000000
127.395833	-0.023723	744600.000000
127.500000	-0.024479	744800.000000
127.604167	-0.025073	745000.000000
127.708333	-0.025096	745200.000000
127.812500	-0.024345	745400.000000
127.916667	-0.023197	745600.000000
128.020833	-0.021753	745800.000000
128.125000	-0.021525	746000.000000
128.229167	-0.021989	746200.000000
128.333333	-0.022922	746400.000000
128.437500	-0.024086	746600.000000
128.541667	-0.024172	746800.000000
128.645833	-0.023758	747000.000000
128.750000	-0.022848	747200.000000
128.854167	-0.021320	747400.000000
128.958333	-0.020539	747600.000000
129.062500	-0.020168	747800.000000
129.166667	-0.020232	748000.000000
129.270833	-0.021005	748200.000000
129.375000	-0.021683	748400.000000
129.479167	-0.022861	748600.000000
129.583333	-0.024210	748800.000000
129.687500	-0.025250	749000.000000
129.791667	-0.026132	749200.000000
129.895833	-0.027049	749400.000000
130.000000	-0.027361	749600.000000
130.104167	-0.027741	749800.000000
130.208333	-0.027830	750000.000000
